Dropbox/GRP Data/GRP mammal paper/NN_analysis/DATA/2014 input files/la_c_bio_5.asc
ncols         272
nrows         166
xllcorner     -214329.5541171
yllcorner     212687.1820549
cellsize      821.1860311
NODATA_value  -9999
[rows 29 to 57 of 166, columns 130 to 194 of 272]
-9999 -9999 -9999 -9999 -9999 -9999 -9999 -9999 -9999 -9999 -9999 -9999 -9999 -9999 -9999 -9999 2744.093 2719.592 2726.387 2740.067 2749.626 2736.252 2764.019 2770.693 2766.33 2777.891 2780.317 2756.241 2763.787 2797.173 2816.699 2815.005 2787.163 2783.641 2806.576 2797.598 2789.265 2785.15 2775.758 2770.748 2780.556 2779.875 2756.831 2714.68 2682.05 2648.742 2624.783 2601.563 2647.198 2725.449 2788.025 2823.609 2840.226 2815.841 2739.523 2732.516 2790.623 2827.082 2819.027 2775.969 2767.938 2684.376 2708.635 2778.723 2813.496
-9999 -9999 -9999 -9999 -9999 -9999 -9999 -9999 -9999 -9999 -9999 -9999 -9999 2867.476 2838.372 2787.856 2734.423 2707.74 2713.344 2739.752 2759.845 2769.774 2787.296 2795.766 2797.24 2805.053 2815.83 2804.017 2816.119 2839.129 2844.591 2836.453 2817.89 2807.332 2812.688 2805.892 2796.168 2790.367 2780.269 2773.687 2777.834 2775.833 2762.664 2740.213 2716.585 2693.226 2689.745 2663.484 2665.31 2726.006 2772.832 2832.032 2852.037 2850.082 2792.368 2758.514 2793.556 2833.548 2848.713 2828.985 2819.876 2748.687 2766.895 2824.543 2861.139
-9999 -9999 -9999 -9999 -9999 -9999 -9999 -9999 -9999 -9999 -9999 2919.581 2903.391 2878.528 2848.508 2800.047 2743.397 2707.679 2697.747 2729.078 2766.262 2796.155 2820.05 2828.372 2835.297 2839.579 2852.854 2851.57 2856.964 2867.982 2872.089 2862.657 2850.76 2828.545 2825.624 2814.158 2802.336 2797.373 2792.362 2786.652 2781.27 2772.051 2758.404 2759.338 2758.14 2738.368 2737.621 2737.534 2716.288 2747.334 2780.342 2833.146 2857.424 2862.655 2822.159 2789.476 2794.479 2830.909 2856.975 2866.19 2866.062 2837.26 2805.212 2852.294 2886.03
-9999 -9999 -9999 -9999 -9999 -9999 -9999 -9999 2950.159 2928.761 2912.838 2928.604 2900.253 2880.68 2860.254 2822.083 2772.039 2747.606 2748.658 2764.041 2786.672 2828.376 2855.639 2862.448 2864.244 2869.091 2884.485 2891.697 2882.792 2884.261 2889.843 2887.542 2873.92 2844.442 2843.082 2822.451 2810.869 2805.99 2803.127 2795.403 2787.701 2774.433 2746.112 2739.976 2753.542 2760.991 2772.779 2780.529 2772.389 2778.429 2809.56 2843.632 2852.804 2860.529 2836.842 2817.242 2822.942 2840.217 2854.25 2875.381 2876.576 2856.019 2819.06 2860.287 2900.092
-9999 -9999 -9999 -9999 -9999 -9999 2914.608 2935.303 2951.265 2953.35 2935.008 2934.445 2895.504 2889.063 2887.459 2861.02 2829.449 2818.285 2832.916 2829.813 2830.907 2876.78 2887.707 2893.83 2888.952 2890.839 2903.146 2915.225 2903.143 2893.141 2892.258 2901.998 2886.609 2865.762 2849.169 2829.465 2818.032 2810.93 2803.524 2802.671 2799.307 2783.621 2770.859 2747.836 2739.471 2755.595 2764.625 2780.753 2799.582 2805.812 2806.134 2834.064 2834.874 2845.133 2857.232 2836.873 2854.323 2856.965 2858.399 2869.627 2876.479 2862.494 2811.15 2860.59 2906.283
-9999 -9999 -9999 -9999 2875.156 2878.113 2886.269 2907.084 2928.867 2955.26 2959.26 2932.866 2896.868 2909.402 2923.12 2910.853 2898.056 2887.147 2889.482 2882.256 2888.948 2923.019 2916.729 2922.742 2923.511 2917.217 2911.7 2917.406 2926.114 2888.221 2868.052 2892.301 2883.992 2872.84 2848.95 2832.505 2821.076 2806.246 2803.547 2802.909 2793.805 2793.327 2783.008 2760.17 2771.227 2763.95 2758.577 2777.637 2795.611 2811.848 2813.972 2824.285 2831.46 2862.592 2874.689 2873.752 2874.401 2873.582 2860.583 2855.499 2877.788 2877.667 2795.398 2843.485 2893.375
-9999 2925.21 2908.911 2888.14 2858.971 2850.113 2858.626 2882.152 2901.056 2935.364 2965.645 2935.055 2908.465 2931.262 2943.965 2944.618 2938.715 2935.731 2930.127 2924.207 2935.424 2946.596 2948.327 2948.31 2952.813 2950.225 2938.524 2926.658 2939.225 2881.356 2834.135 2866.703 2875.288 2871.766 2849.911 2834.397 2821.522 2814.867 2812.328 2802.785 2800.514 2793.15 2788.378 2762.765 2756.115 2763.964 2756.43 2768.948 2786.672 2809.037 2805.801 2800.907 2846.308 2867.428 2879.883 2883.36 2883.483 2883.463 2881.015 2873.234 2877.714 2891.099 2816.317 2818.605 2880.242
2901.212 2907.212 2901.298 2872.571 2849.322 2831.897 2829.782 2847.964 2866.139 2901.936 2946.274 2958.145 2939.907 2952.376 2947.326 2946.804 2954.84 2954.836 2954.959 2955.041 2955.106 2955.633 2965.275 2965.556 2965.633 2965.041 2956.128 2935.008 2935.517 2921.688 2885.245 2868.01 2874.469 2836.889 2825.128 2820.01 2818.135 2815.429 2804.874 2810.477 2795.2 2794.389 2784.613 2760.44 2747.81 2765.11 2768.511 2771.438 2793.546 2810.943 2811.885 2803.78 2837.378 2871.699 2883.256 2884.642 2884.789 2884.921 2884.833 2882.647 2882.871 2893.16 2873.06 2831.198 2876.976
2875.577 2882.603 2882.583 2861.557 2839.385 2820.592 2809.064 2816.706 2831.417 2833.542 2880.996 2966.797 2970.056 2952.006 2953.177 2963.628 2963.645 2963.497 2963.609 2963.747 2963.844 2964.271 2965.108 2968.609 2974.17 2961.316 2962.751 2934.632 2934.825 2929.342 2908.529 2886.148 2868.344 2823.815 2793.398 2798.762 2804.103 2801.716 2790.012 2805.543 2794.424 2792.06 2780.86 2760.119 2746.315 2760.557 2787.296 2778.654 2786.148 2804.657 2801.107 2811.336 2834.072 2872.286 2887.375 2885.216 2884.239 2885.565 2891.014 2891.002 2890.781 2893.955 2901.044 2863.744 2869.464
2857.651 2870.051 2866.126 2834.789 2823.87 2811.961 2799.936 2796.068 2805.427 2798.121 2824.757 2911.096 2962.033 2938.62 2951.224 2964.622 2964.287 2964.09 2959.889 2950.346 2955.461 2964.777 2963.113 2960.973 2967.068 2952.443 2948.911 2934.465 2932.559 2922.798 2909.826 2890.166 2866.651 2841.774 2804.348 2783.824 2790.72 2786.052 2773.039 2797.807 2794.536 2790.826 2772.346 2752.539 2745.807 2763.698 2795.829 2786.983 2777.532 2798.989 2794.589 2804.59 2835.618 2874.857 2886.068 2884.312 2888.577 2889.954 2894.733 2894.637 2891.382 2893.212 2899.859 2890.23 2866.504
2840.219 2852.123 2862.34 2825.473 2805.721 2800.781 2795.119 2780.712 2787.643 2779.457 2791.4 2846.647 2895.874 2921.219 2937.868 2956.852 2947.956 2945.46 2948.665 2935.272 2933.534 2944.189 2948.419 2939.494 2937.595 2937.557 2937.213 2927.655 2926.869 2922.479 2918.127 2892.641 2871.181 2855.833 2815.275 2782.947 2757.44 2748.513 2753.979 2768.512 2771.534 2777.433 2763.193 2743.692 2730.934 2762.055 2790.112 2797.076 2782.214 2794.811 2798.473 2806.119 2846.239 2877.064 2885.577 2883.96 2892.98 2893.534 2894.013 2893.858 2880.324 2883.282 2897.091 2901.194 2878.85
2830.525 2842.409 2840.354 2814.601 2787.465 2781.131 2784.28 2783.003 2778.406 2747.707 2752.493 2800.312 2867.764 2908.563 2938.934 2934.86 2924.932 2923.944 2930.004 2927.06 2919.406 2917.249 2922.861 2924.117 2918.248 2921.595 2923.14 2914.093 2919.028 2919.282 2919.485 2896.233 2869.937 2854.537 2814.562 2778.333 2726.246 2709.988 2722.894 2728.908 2736.326 2743.464 2745.061 2740.297 2715.087 2740.285 2782.516 2804.092 2797.999 2799.206 2803.836 2824.452 2860.488 2875.052 2887.777 2887.396 2892.96 2893.185 2893.303 2893.047 2867.34 2866.761 2902.134 2902.667 2897.999
2814.745 2826.679 2826.777 2812.049 2785.283 2765.908 2764.731 2771.188 2758.627 2716.713 2707.359 2767.588 2823.931 2863.612 2914.28 2898.904 2898 2879.465 2894.789 2916.458 2910.478 2899.596 2902.731 2913.844 2913.642 2913.723 2910.31 2901.252 2908.164 2905.964 2908.162 2899.514 2868.48 2842.64 2807.509 2767.078 2722.098 2693.051 2688.294 2691.743 2706.263 2689.444 2695.843 2725.894 2716.188 2707.348 2777.41 2805.001 2811.083 2815.769 2806.382 2836.432 2865.065 2873.998 2885.985 2893.167 2893.286 2893.155 2893.071 2892.519 2870.372 2862.746 2900.089 2902.269 2902.177
2791.136 2807.355 2816.977 2806.971 2786.086 2755.685 2741.714 2751.692 2741.885 2707.78 2685.345 2739.991 2779.493 2791.106 2852.765 2864.948 2868.355 2829.133 2851.288 2883.441 2883.122 2877.74 2889.603 2895.318 2907.82 2908.548 2901.68 2888.835 2886.248 2880.235 2883.54 2891.964 2867.358 2823.62 2794.99 2761.848 2736.786 2695.495 2670.71 2656.283 2678.737 2636.57 2617.776 2668.612 2716.877 2697.381 2761.044 2807.798 2813.192 2820.786 2814.732 2836.591 2866.632 2884.526 2891.679 2892.491 2893.772 2893.269 2892.733 2892.237 2891.895 2874.998 2891.296 2901.503 2901.593
2778.645 2797.911 2812.36 2806.734 2789.709 2753.096 2728.62 2734.968 2732.282 2720.563 2693.454 2713.042 2753.976 2739.072 2790.163 2828.488 2843.51 2806.57 2815.419 2832.197 2832.379 2838.448 2869.251 2862.523 2882.05 2888.387 2886.453 2867.114 2849.011 2842.029 2835.953 2858.883 2837.528 2796.598 2771.332 2755.374 2746.23 2711.525 2654.498 2647.044 2659.373 2647.226 2586.882 2586.865 2690.042 2733.847 2755.755 2803.522 2810.114 2813.329 2820.807 2842.004 2865.139 2879.518 2887.781 2891.856 2892.8 2892.776 2892.756 2892.123 2891.911 2860.125 2873.419 2881.118 2882.546
2778.693 2798.36 2809.364 2802.494 2789.551 2753.874 2725.999 2720.149 2722.636 2729.756 2711.439 2696.585 2731.52 2734.499 2756.662 2776.496 2822.281 2811.428 2799.399 2805.821 2794.96 2802.847 2831.512 2821.715 2825.048 2853.494 2849.832 2837.606 2820.587 2813.043 2786.907 2819.229 2793.473 2767.137 2729.946 2732.516 2736.997 2709.458 2645.1 2655.673 2665.429 2655.052 2598.544 2560.63 2665.1 2762.274 2780.366 2803.258 2804.119 2817.117 2827.807 2837.656 2843.52 2851.859 2859.45 2878.583 2882.941 2893.125 2897.53 2892.047 2897.245 2872.717 2855.626 2872.984 2882.263
2774.673 2796.015 2800.7 2782.302 2772.406 2744.46 2717.336 2701.478 2707.009 2710.518 2716.758 2709.486 2710.674 2723.217 2726.317 2746.69 2776.103 2812.672 2824.304 2824.715 2795.726 2764.138 2766.362 2768.031 2783.091 2810.438 2805.114 2799.284 2820.033 2804.12 2762.596 2749.738 2756.904 2726.282 2717.757 2724.185 2713.466 2697.193 2661.011 2645.434 2648.597 2667.334 2612.081 2573.223 2664.192 2753.032 2785.68 2783.188 2776.66 2806.854 2826.924 2806.493 2810.294 2821.077 2836.85 2859.943 2880.031 2895.778 2893.138 2891.358 2893.695 2892.075 2863.443 2866.976 2847.194
2760.024 2784.712 2789.461 2776.772 2750.245 2720.336 2696.361 2673.688 2660.961 2673.38 2681.251 2700.208 2705.025 2721.148 2734.436 2737.846 2767.748 2795.332 2820.892 2833.395 2821.286 2790.089 2739.227 2745.395 2759.012 2776.64 2777.387 2795.228 2814.007 2815.439 2784.318 2748.782 2737.367 2725.31 2700.809 2707.577 2694.737 2648.513 2670.991 2638.439 2650.43 2677.134 2647.29 2583.101 2658.207 2749.661 2775.137 2760.484 2755.038 2777.873 2799.783 2764.419 2770.621 2790.041 2811.987 2840.496 2865.767 2891.812 2894.849 2897.602 2900.452 2899.811 2872.988 2843.438 2828.184
2745.44 2766.662 2762.518 2748.511 2717.257 2684.586 2639.483 2611.156 2598.893 2624.039 2654.984 2678.324 2699.572 2707.187 2725.666 2736.026 2753.468 2769.267 2796.208 2815.963 2823.881 2807.666 2788.203 2781.118 2776.268 2773.574 2773.05 2791.232 2827.522 2839.054 2803.247 2779.685 2746.478 2733.605 2702.774 2692.833 2680.834 2625.974 2667.479 2659.167 2666.405 2695.059 2692.617 2621.319 2679.09 2752.025 2758.177 2739.876 2728.82 2746.703 2763.685 2729.47 2732.667 2761.759 2786.53 2816.909 2846.989 2884.384 2896.895 2899.305 2901.714 2902.494 2865.84 2811.555 2822.543
2733.341 2728.285 2717.726 2690.466 2681.232 2644.136 2588.129 2542.592 2521.219 2550.23 2604.512 2652.432 2683.639 2702.613 2709.557 2728.493 2738.875 2746.284 2766.99 2795.963 2816.863 2811.387 2807.24 2812.299 2803.879 2782.028 2766.541 2777.862 2821.154 2841.969 2828.92 2811.701 2774.942 2749.198 2716.152 2681.607 2657.962 2628.013 2669.276 2668.996 2683.992 2714.401 2722.174 2666.618 2690.267 2731.852 2738.356 2727.284 2715.128 2728.5 2732.07 2704.851 2699.587 2733.426 2763.652 2797.485 2836.887 2875.994 2893.576 2895.929 2898.521 2905.55 2866.792 2785.892 2796.587
2716.002 2714.368 2703.86 2676.42 2639.845 2595.848 2551.733 2495.247 2462.196 2492.202 2556.511 2626.152 2670.364 2695.565 2711.049 2719.022 2726.566 2739.101 2757.081 2789.27 2807.684 2799.528 2800.667 2819.68 2810.974 2780.66 2762.261 2767.558 2798.748 2828.973 2834.498 2815.297 2782.984 2768.624 2732.711 2672.148 2636.84 2647.598 2689.261 2667.335 2699.192 2725.727 2730.352 2694.708 2687.387 2703.999 2723.834 2723.426 2719.756 2723.908 2714.281 2686.006 2681.104 2720.175 2753.531 2795.902 2839.1 2866.729 2886.423 2892.916 2900.362 2897.005 2888.376 2776.162 2743.031
2705.011 2704.919 2701.278 2681.5 2639.789 2586.291 2528.348 2473.121 2432.592 2472.921 2536.849 2616.914 2661.909 2677.564 2699.207 2712.896 2724.55 2734.346 2763.748 2785.848 2788.587 2782.92 2789.883 2810.399 2805.638 2778.7 2769.441 2767.335 2782.581 2803.333 2786.427 2786.815 2766.294 2769.124 2732.309 2665.99 2635.911 2679.336 2711.812 2683.09 2713.214 2726.542 2727.684 2702.965 2694.07 2698.621 2716.295 2722.62 2726.142 2724.213 2715.142 2683.774 2695.062 2741.811 2767.189 2811.498 2845.487 2857.959 2873.552 2880.991 2885.724 2862.163 2867.369 2784.345 2692.527
2696.012 2700.967 2701.276 2691.497 2656.582 2598.721 2525.402 2472.103 2443.877 2486.047 2550.054 2629.815 2663.713 2653.538 2669.199 2703.749 2725.338 2729.175 2764.413 2774.623 2754.264 2758.318 2772.515 2776.997 2788.081 2784.907 2766.529 2759.618 2769.692 2760.711 2715.8 2740.899 2738.589 2734.435 2708.463 2668.778 2659.485 2708.051 2715.354 2720.719 2727.313 2724.959 2723.749 2701.045 2698.369 2698.046 2700.333 2719.989 2730.153 2725.789 2726.589 2728.807 2740.817 2763.22 2790.121 2822.139 2845.239 2847.705 2839.602 2852.65 2838.964 2816.188 2765.297 2747.855 2664.015
2691.521 2700.519 2701.334 2697.669 2672.758 2626.194 2556.53 2505.969 2493.619 2528.336 2586.402 2656.529 2677.46 2646.37 2651.018 2680.409 2713.492 2725.177 2752.655 2757.392 2723.751 2723.242 2739.701 2720.16 2745.773 2783.784 2724.516 2725.26 2736.527 2714.205 2702.635 2688.739 2687.058 2694.638 2696.582 2681.806 2695.556 2712.378 2723.491 2742.034 2746.094 2739.257 2736.316 2705.007 2700.512 2697.58 2688.31 2709.327 2720.356 2738.946 2750.944 2753.09 2765.303 2783.349 2800.591 2830.976 2841.608 2798.528 2762.973 2785.233 2774.432 2736.459 2678.548 2701.542 2620.696
2694.453 2700.428 2700.934 2698.516 2685.182 2660.896 2612.932 2577.196 2568.886 2597.969 2635.283 2686.697 2702.045 2676.68 2664.502 2645.115 2680.026 2711.877 2745.951 2744.54 2729.46 2704.874 2708.835 2695.165 2701.576 2757.588 2687.498 2701.085 2713.015 2696.551 2685.671 2656.788 2647.999 2690.379 2679.042 2684.792 2700.252 2712.038 2722.369 2727.954 2738.216 2755.753 2749.516 2703.903 2697.729 2680.857 2677.331 2683.434 2712.229 2721.114 2732.924 2751.542 2764.725 2788.432 2814.982 2839.815 2851.502 2838.976 2799.193 2770.62 2770.898 2735.71 2673.878 2675.35 2596.95
2702.608 2702.491 2700.254 2697.634 2690.201 2679.99 2661.002 2651.663 2653.752 2674.689 2691.385 2717.906 2740.178 2725.095 2679.631 2624.613 2636.72 2681.717 2715.81 2751.473 2731.992 2705.571 2674.917 2634.874 2623.508 2726.712 2711.102 2692.57 2686.479 2674.819 2673.291 2690.19 2680.324 2671.602 2668.685 2668.23 2692.176 2733.682 2725.63 2718.486 2737.212 2756.41 2743.08 2700.919 2687.984 2663.949 2662.176 2685.528 2704.918 2710.304 2722.207 2745.434 2770.376 2799.885 2819.049 2834.465 2860.625 2855.524 2833.043 2808.114 2795.136 2782.532 2709.37 2642.145 2564.218
2711.26 2711.033 2700.816 2697.872 2690.46 2690.201 2690.438 2709.155 2721.06 2732.296 2743.196 2747.916 2755.165 2748.902 2714.211 2677.373 2665.73 2695.823 2705.628 2734.282 2741.322 2711.951 2663.193 2613.075 2584.628 2652.053 2695.363 2681.012 2664.449 2639.066 2651.569 2686.158 2710.224 2708.113 2688.771 2679.104 2717.265 2742.61 2729.932 2726.953 2743.59 2756.773 2746.169 2725.337 2692.231 2670.287 2661.898 2698.112 2716.56 2708.036 2712.807 2736.811 2768.521 2805.561 2824.531 2849.303 2869.777 2871.551 2860.94 2846.077 2832.922 2810.7 2742.571 2651.073 2562.654
2718.699 2717.922 2707.844 2704.47 2697.379 2697.291 2704.704 2725.459 2737.162 2743.185 2750.386 2770.215 2767.138 2765.025 2758.331 2735.535 2710.201 2712.926 2720.17 2733.364 2750.201 2727.559 2683.183 2634.497 2612.301 2641.791 2687.255 2694.584 2666.216 2640.786 2654.204 2695.845 2742.49 2752.396 2735.61 2718.731 2738.269 2769.506 2752.42 2753.47 2760.838 2758.231 2756.84 2758.701 2745.843 2714.201 2695.118 2729.204 2729.571 2707.76 2703.545 2728.7 2765.657 2803.136 2828.637 2864.548 2884.054 2896.286 2890.176 2871.943 2855.013 2815.383 2743.468 2671.022 2592.874
2725.658 2726.777 2723.66 2712.855 2709.876 2719.4 2730.03 2743.158 2753.529 2756.751 2771.115 2788.561 2795.879 2782.464 2767.55 2752.398 2728.276 2729.887 2748.408 2767.179 2773.134 2757.474 2718.038 2693.813 2675.797 2679.517 2709.878 2732.823 2721.199 2696.472 2704.052 2735.32 2777.386 2799.249 2796.2 2782.571 2787.179 2801.007 2780.223 2779.663 2768.214 2748.354 2764.109 2779.456 2789.807 2771.64 2759.923 2786.793 2748.132 2711.396 2714.96 2738.483 2770.812 2802.953 2830.32 2867.816 2901.278 2916.327 2915.277 2899.083 2866.098 2814.911 2727.693 2677.341 2640
