Dropbox/GRP Data/GRP mammal paper/NN_analysis/DATA/2014 input files/la_c_bio_5.asc
ncols         272
nrows         166
xllcorner     -214329.5541171
yllcorner     212687.1820549
cellsize      821.1860311
NODATA_value  -9999
[rows 29 to 57 of 166, columns 195 to 259 of 272]
2830.561 2879.945 2872.914 2886.859 2908.038 2913.428 2917.915 2920.376 2926.35 2927.696 2927.854 2933.564 2938.022 2938.077 2907.611 2842.525 2786.986 2720.685 2660.441 2638.11 2611.087 2558.439 2516.985 2422.436 2425.939 2520.111 2618.08 2689.13 2687.659 2701.592 2761.227 2791.366 2804.228 2826.042 2832.953 2854.162 2864.487 2882.094 2877.981 2872.164 2868.559 2861.63 2861.014 2898.168 2920.2 2899.312 2845.557 2807.533 2781.71 2753.166 2800.763 2830.164 2802.139 2815.929 2765.711 2711.296 2687.445 2669.242 2634.138 2613.038 2598.669 2631.604 2665.525 2702.042 2729.884
2880.348 2897.758 2886.281 2887.101 2911.409 2917.462 2918.992 2924.724 2927.463 2927.493 2931.387 2937.807 2938.97 2940.866 2918.819 2842.261 2786.956 2705.522 2650.712 2637.121 2591.973 2525.299 2565.09 2504.624 2491.171 2551.547 2651.703 2728.864 2696.306 2720.425 2779.314 2825.271 2841.107 2879.699 2892.529 2886.253 2892.575 2897.414 2890.546 2896.611 2884.584 2868.464 2869.859 2902.862 2920.425 2921.619 2895.885 2847.563 2828.87 2793.593 2838.438 2852.518 2834.662 2779.548 2716.232 2654.536 2657.282 2650.534 2608.803 2592.895 2592.996 2628.897 2674.088 2688.33 2705.404
2902.294 2906.987 2907.257 2909.3 2917.286 2917.111 2921.551 2927.186 2927.174 2929.222 2937.43 2938.056 2943.056 2947.97 2948.237 2924.777 2867.95 2789.613 2775.683 2743.531 2674.73 2619.711 2655.419 2637.27 2643.972 2677.654 2712.559 2777.294 2790.523 2780.275 2800.287 2852.509 2874.208 2905.356 2934.346 2925.113 2910.957 2914.941 2914.859 2913.378 2899.189 2878.643 2876.71 2902.833 2920.617 2922.918 2918.992 2904.209 2883.82 2826.531 2843.88 2883.289 2830.251 2787.436 2724.454 2669.079 2635.966 2594.008 2601.928 2600.403 2624.586 2660.741 2686.431 2696.694 2690.738
2906.629 2906.727 2907.876 2916.109 2916.927 2917.083 2921.555 2926.439 2927.37 2936.619 2937.282 2940.634 2947.627 2948.008 2948.584 2948.715 2913.595 2794.463 2798.888 2804.597 2766.207 2750.338 2732.98 2749.486 2758.323 2762.012 2781.894 2796.714 2836.449 2841.468 2844.847 2861.873 2888.59 2923.104 2943.438 2943.065 2937.666 2932.961 2932.853 2922.74 2899.048 2875.856 2868.178 2900.437 2921.225 2931.934 2921.235 2913.951 2908.507 2868.056 2872.184 2876.023 2844.742 2790.239 2730.819 2681.521 2613.57 2576.309 2594.224 2626.536 2639.876 2683.153 2721.359 2717.289 2687.506
2906.528 2906.423 2914.155 2916.762 2916.227 2918.829 2926.075 2926.12 2933.973 2936.691 2938.157 2946.954 2947.515 2947.835 2955.516 2957.068 2951.427 2911.943 2889.8 2874.254 2852.679 2847.323 2828.632 2837.667 2838.143 2832.487 2845.236 2857.656 2863.146 2874.009 2884.339 2908.25 2934.514 2950.26 2952.324 2949.179 2942.796 2942.187 2934.838 2931.763 2909.627 2901.735 2906.074 2916.824 2922.456 2933.348 2928.42 2904.971 2898.802 2900.003 2886.272 2867.677 2840.998 2795.079 2740.027 2692.822 2649.199 2624.151 2637.002 2656.175 2677.555 2711.115 2720.085 2719.735 2703.298
2906.097 2911.341 2915.561 2915.916 2916.993 2925.121 2926.017 2926.047 2934.243 2936.7 2938.263 2946.737 2947.23 2952.731 2957.315 2957.665 2963.731 2948.456 2929.863 2917.699 2913.46 2920.412 2899.674 2899.817 2902.729 2892.73 2900.89 2911.95 2887.739 2886.168 2904.929 2932.639 2950.062 2954.66 2954.159 2953.4 2947.762 2943.968 2941.903 2941.289 2928.238 2923.795 2924.883 2929.629 2930.181 2933.947 2933.35 2923.852 2921.663 2922.259 2909.059 2887.37 2862.218 2802.157 2756.607 2709.126 2677.732 2668.945 2662.275 2677.725 2696.708 2720.602 2705.458 2713.892 2722.265
2906.022 2912.022 2915.96 2915.693 2916.915 2925.539 2925.398 2930.271 2935.193 2936.079 2944.061 2946.508 2949.875 2955.871 2957.431 2957.157 2966.922 2963.499 2957.919 2949.613 2952.782 2957.142 2950.34 2947.753 2947.55 2946.934 2943.146 2932.298 2886.526 2877.907 2910.085 2944.856 2954.272 2954.645 2955.672 2956.238 2954.169 2947.633 2945.703 2946.039 2941.622 2934.488 2934.054 2934.478 2933.906 2934.676 2934.831 2934.337 2934.321 2933.092 2923.231 2907.425 2880.824 2824.432 2775.044 2735.871 2710.347 2695.08 2679.506 2690.174 2720.843 2738.438 2706.157 2716.621 2725.69
2908.653 2914.35 2915.727 2915.69 2922.607 2925.276 2925.126 2931.734 2935.486 2935.846 2945.979 2945.901 2950.691 2956.411 2956.914 2962.635 2966.931 2967.109 2966.823 2963.549 2965.559 2966.616 2966.583 2965.487 2964.66 2966.42 2962.366 2951.985 2910.604 2902.848 2926.406 2950.208 2954.985 2955.888 2961.288 2957.226 2957.333 2954.03 2948.693 2948.59 2948.553 2944.439 2944.406 2938.526 2934.95 2935.142 2935.347 2935.994 2936.411 2936.372 2927.509 2915.587 2894.699 2857.88 2809.658 2774.081 2746.448 2718.03 2706.017 2713.593 2742.469 2756.568 2732.027 2719.591 2720.859
2903.567 2915.248 2915.359 2915.476 2925.414 2925.224 2927.568 2933.748 2935.431 2935.524 2945.433 2945.47 2950.546 2956.187 2956.62 2961.743 2966.572 2966.825 2966.778 2966.408 2966.198 2971.018 2970.935 2971.103 2970.979 2970.693 2966.966 2965.41 2946.016 2931.181 2931.46 2946.109 2954.993 2957.12 2962.682 2958.206 2958.9 2959.706 2955.65 2955.439 2952.189 2952.759 2952.14 2944.882 2939.949 2935.446 2935.985 2936.354 2936.711 2936.847 2931.257 2920.065 2906.298 2884.305 2851.022 2812.86 2785.316 2748.583 2741.558 2749.209 2753.548 2748.596 2729.895 2702.951 2706.187
2891.591 2914.906 2915.091 2919.42 2925.311 2925.332 2930.125 2935.67 2935.696 2935.555 2942.582 2949.243 2952.563 2956.05 2956.456 2956.482 2966.408 2966.663 2966.717 2966.464 2966.022 2976.055 2976.081 2976.278 2976.215 2973.869 2967.114 2965.74 2961.769 2931.771 2908.903 2931.005 2957.365 2960.611 2961.506 2960.381 2961.466 2962.678 2963.429 2963.917 2954.345 2954.779 2953.084 2950.364 2947.339 2938.461 2936.275 2936.8 2936.801 2936.936 2936.99 2926.497 2912.7 2892.016 2868.807 2833.292 2820.032 2791.156 2774.021 2775.527 2753.545 2721.614 2689.415 2675.446 2683.182
2884.774 2911.765 2914.741 2924.636 2925.19 2925.301 2930.434 2935.8 2935.998 2930.333 2936.225 2953.568 2955.825 2955.888 2956.054 2955.991 2966.113 2966.596 2966.552 2966.216 2965.493 2973.203 2973.783 2975.902 2976.063 2970.723 2966.389 2966.141 2962.36 2930.25 2894.921 2922.273 2963.598 2968.664 2968.354 2962.298 2963.177 2964.129 2964.607 2964.632 2956.453 2954.775 2953.481 2952.027 2948.336 2945.959 2937.55 2936.811 2936.81 2936.841 2937.118 2926.607 2911.312 2887.601 2854.856 2831.206 2830.802 2842.715 2799.864 2778.133 2743.051 2718.801 2695.035 2673.163 2671.482
2891.111 2906.809 2913.871 2923.866 2924.317 2924.611 2929.767 2935.363 2937.053 2921.388 2932.054 2948.764 2955.165 2955.792 2955.729 2956.95 2965.838 2966.431 2966.373 2965.856 2965.18 2965.052 2967.212 2975.511 2975.939 2975.665 2968.147 2966.218 2965.288 2949.604 2938.195 2955.155 2968.059 2969.709 2968.844 2962.698 2963.744 2964.331 2964.827 2964.929 2962.932 2954.956 2954.32 2953.104 2949.297 2948.133 2943.929 2937.006 2937.231 2937.235 2937.293 2925.765 2902.503 2874.934 2857.128 2848.162 2818.647 2853.501 2832.113 2778.474 2743.661 2713.139 2686.686 2663.575 2655.396
2902.863 2908.771 2912.226 2922.531 2922.665 2923.345 2928.269 2934.82 2943.413 2944.971 2945.177 2945.879 2950.297 2955.212 2955.677 2964.282 2965.774 2966.607 2966.913 2966.258 2965.882 2965.123 2967.196 2975.748 2975.903 2969.701 2967.06 2968.339 2967.994 2967.888 2968.532 2969.178 2969.558 2970.24 2969.456 2963.998 2964.212 2964.637 2964.688 2964.902 2962.994 2954.897 2954.896 2953.384 2949.509 2947.516 2936.983 2936.604 2936.97 2937.291 2937.405 2917.082 2887.346 2849.952 2847.837 2838.64 2857.46 2852.442 2824.892 2785.317 2761.18 2737.253 2697.116 2655.406 2654.857
2906.187 2904.778 2910.562 2922.464 2922.608 2922.872 2928.072 2939.251 2942.955 2943.906 2945.557 2953.051 2949.022 2951.717 2954.541 2954.869 2965.535 2974.309 2975.055 2968.386 2964.743 2964.734 2965.008 2965.951 2965.826 2965.458 2966.056 2968.213 2968.618 2968.82 2969.281 2969.5 2969.87 2971.68 2970.45 2964.102 2964.411 2964.641 2964.69 2964.914 2962.797 2954.742 2953.845 2952.943 2949.437 2947.011 2936.741 2940.01 2940.507 2936.779 2929.624 2924.061 2897.813 2849.357 2800.793 2793.593 2799.605 2812.481 2803.617 2805.383 2787.051 2757.677 2721.425 2672.115 2685.197
2909.541 2911.967 2917.341 2928.961 2930.151 2936.849 2937.998 2945.849 2943.3 2950.779 2951.029 2949.579 2944.031 2939.146 2944.175 2953.209 2957.533 2966.877 2967.223 2965.164 2963.628 2963.809 2963.663 2963.545 2963.876 2964.127 2965.447 2967.317 2968.665 2968.925 2969.167 2969.345 2970.766 2972.081 2971.512 2964.356 2964.432 2964.601 2964.475 2964.635 2964.083 2961.557 2956.086 2951.386 2948.563 2946.364 2941.791 2937.593 2933.878 2929.492 2920.717 2925.101 2889.983 2836.979 2778.194 2773.419 2784.317 2817.671 2819.797 2828.109 2818.813 2791.595 2748.203 2716.2 2713.066
2897.529 2875.329 2858.197 2891.079 2923.09 2931.152 2935.557 2941.485 2941.162 2944.043 2944.136 2943.638 2934.988 2921.627 2915.39 2925.397 2943.034 2957.859 2954.062 2954.266 2956.099 2941.82 2933.079 2952.116 2960.024 2963.445 2965.026 2966.703 2968.606 2968.415 2968.411 2968.996 2970.058 2965.74 2945.501 2944.958 2964.323 2964.274 2964.116 2964.18 2964.198 2963.972 2959.849 2950.66 2946.076 2939.49 2933.034 2927.76 2915.306 2899.905 2888.055 2903.141 2891.379 2837.389 2799.52 2797.971 2822.937 2845.937 2827.699 2817.41 2804.868 2817.276 2797.591 2762.788 2747.203
2846.924 2848.695 2844.196 2866.107 2906.103 2911.463 2924.501 2932.751 2938.846 2940.441 2941.635 2942.76 2925.546 2901.145 2881.41 2902.825 2925.371 2939.27 2936.442 2925.478 2913.737 2897.693 2897.776 2921.027 2949.808 2961.09 2963.888 2965.732 2967.299 2967.124 2967.036 2968.332 2969.866 2966.614 2947.483 2949.145 2964.065 2963.944 2963.597 2963.356 2963.672 2961.287 2954.957 2947.909 2944.311 2934.855 2922.463 2901.607 2875.79 2856.39 2852.267 2878.94 2896.221 2866.202 2851.167 2851.203 2853.638 2832.99 2799.521 2782.565 2776.229 2825.312 2835.228 2806.915 2780.28
2819.859 2830.071 2841.037 2853.178 2872.51 2882.619 2897.725 2906.242 2925.753 2923.892 2914.477 2908.526 2894.972 2858.541 2840.149 2876.24 2893.861 2891.875 2898.789 2887.183 2849.476 2840.063 2853.905 2878.844 2912.577 2948.495 2961.715 2963.886 2965.519 2965.466 2965.405 2966.911 2969.229 2970.059 2966.728 2966.03 2963.474 2963.295 2961.907 2961.318 2961.416 2955.85 2948.228 2942.632 2939.984 2923.058 2900.067 2862.795 2825.814 2809.654 2820.44 2854.306 2888.629 2896.081 2886.355 2864.161 2839.139 2791.185 2766.396 2756.799 2764.734 2828.18 2853.443 2842.582 2818.511
2819.074 2823.849 2836.188 2842.758 2829.591 2847.216 2861.986 2867.29 2883.893 2871.878 2844.412 2839.4 2830.405 2804.121 2791.386 2833.57 2850.289 2833.973 2853.981 2853.947 2794.536 2787.724 2800.835 2832.423 2868.66 2928.892 2956.427 2961.999 2963.769 2963.636 2963.597 2964.864 2963.972 2964.694 2966.089 2964.94 2961.931 2961.353 2959.034 2958.624 2957.944 2952.282 2949.944 2940.68 2928.97 2895.442 2850.552 2807.519 2770.158 2753.572 2773.446 2816.626 2862.427 2895.36 2883.077 2822.976 2797.926 2770.858 2762.911 2759.913 2774.51 2840.302 2868.346 2862.059 2859.371
2804.228 2806.188 2816.31 2823.208 2793.338 2807.462 2826.802 2831.09 2824.231 2790.882 2754.301 2750.712 2735.652 2744.985 2741.014 2782.247 2806.726 2799.765 2824.328 2818.992 2762.267 2747.307 2753.355 2789.894 2852.005 2907.196 2944.059 2961.24 2961.774 2961.764 2961.736 2961.631 2954.312 2951.804 2939.685 2945.338 2958.358 2958.234 2954.962 2955.218 2954.998 2953.092 2951.58 2943.707 2911.932 2863.973 2789.941 2722.112 2690.469 2675.835 2702.147 2770.856 2823.084 2877.622 2880.583 2826.373 2772.181 2764.135 2767.643 2782.461 2806.755 2855.086 2869.937 2871.232 2869.929
2756.836 2752.357 2764.036 2785.869 2765.964 2768.606 2790.113 2794.666 2781.977 2725.5 2691.763 2652.707 2632.165 2659.037 2701.049 2742.155 2767.761 2781.383 2791.742 2755.028 2732.01 2693.461 2717.235 2771.978 2826.428 2869.036 2923.834 2959.265 2961.123 2961.043 2960.519 2953.982 2951.721 2933.754 2868.693 2899.793 2950.054 2954.731 2941.391 2940.095 2940.403 2940.85 2935.317 2924.657 2885.574 2819.289 2735.851 2657.771 2611.498 2604.457 2641.381 2718.569 2788.716 2868.898 2886.633 2849.339 2790.68 2763.514 2770.759 2811.504 2838.477 2855.962 2870.558 2880.859 2880.304
2713.4 2709.593 2718.757 2741.272 2728.62 2739.961 2752.597 2734.78 2743.655 2719.806 2688.199 2627.8 2584.049 2602.818 2703.974 2742.491 2747.139 2742.494 2737.277 2692.452 2661.341 2633.727 2699.236 2754.158 2818.539 2862.367 2906.769 2942.083 2960.413 2960.554 2955.201 2951.185 2951.253 2888.546 2832.985 2879.187 2915.382 2917.033 2888.536 2876.33 2870.896 2878.348 2883.816 2880.57 2849.32 2780.469 2678.241 2587.235 2551.01 2577.872 2631.967 2693.992 2790.717 2869.566 2882.032 2848.823 2782.941 2745.086 2759.118 2817.003 2854.683 2876.142 2880.31 2882.912 2896.156
2670.66 2666.387 2667.007 2699.25 2724.086 2729.056 2752.295 2728.583 2728.635 2727.496 2702.172 2680.889 2683.784 2691.983 2756.45 2792.621 2771.447 2722.493 2696.187 2634.166 2638.92 2630.473 2659.145 2731.192 2800.886 2851.119 2897.351 2940.715 2953.613 2960.376 2959.754 2959.558 2959.003 2929.578 2871.981 2873.294 2869.347 2856.467 2819.34 2806.247 2804.169 2796.381 2797.63 2824.942 2821.112 2751.999 2634.824 2494.175 2429.979 2518.588 2627.504 2706.21 2800.815 2869.01 2876.631 2846.328 2809.772 2784.702 2793.723 2834.802 2868.125 2879.947 2888.566 2891.318 2908.867
2600.771 2604.259 2604.672 2648.156 2706.214 2726.361 2744.52 2738.93 2721.711 2730.526 2742.384 2745.758 2746.445 2739.704 2765.126 2812.441 2787.015 2748.333 2701.07 2638.307 2637.691 2635.152 2634.436 2720.251 2794.817 2849.137 2895.954 2933.525 2952.352 2960.299 2960.592 2960.857 2960.658 2953.347 2915.67 2868.415 2823.248 2790.916 2761.991 2729.602 2732.564 2715.723 2715.802 2755.032 2759.406 2708.167 2650.148 2547.019 2463.623 2533.703 2640.466 2716.007 2803.213 2871.145 2873.315 2843.531 2803.964 2795.971 2809.882 2843.392 2870.843 2885.544 2890.988 2899.616 2912.061
2551.494 2538.336 2548.584 2595.757 2667.428 2692.742 2693.449 2704.744 2703.89 2724.246 2752.922 2769.433 2771.722 2751.618 2784.631 2836.061 2813.818 2789.153 2744.571 2702.836 2667.817 2658.818 2673.048 2731.962 2796.542 2839.344 2883.215 2931.437 2950.844 2953.894 2954.261 2954.766 2959.846 2953.386 2927.152 2860.432 2791.919 2736.449 2674.902 2649.698 2651.814 2639.614 2636.352 2687.144 2700.641 2694.151 2690.063 2657.002 2602.489 2633.731 2706.324 2787.873 2855.607 2899.511 2872.74 2823.687 2787.814 2786.279 2800.469 2829.731 2858.18 2880.316 2895.407 2896.496 2907.929
2512.547 2508.477 2544.589 2592.663 2651.828 2660.209 2618.457 2640.128 2677.936 2735.453 2767.403 2777.855 2787.84 2772.853 2810.958 2857.57 2850.358 2836.435 2792.253 2756.506 2719.913 2696.568 2712.209 2751.193 2797.375 2832.856 2871.265 2916.053 2940.702 2942.747 2943.175 2945.418 2953.923 2944.123 2915.677 2846.305 2768.188 2688.823 2604.216 2564.552 2559.856 2535.151 2561.27 2624.874 2673.169 2715.93 2739.921 2750.954 2742.982 2758.517 2793.21 2865.239 2909.357 2926.181 2882.485 2812.36 2784.593 2782.831 2786.981 2813.999 2846.853 2874.085 2889.114 2886.397 2895.249
2501.221 2504.491 2570.763 2614.271 2660.148 2659.863 2595.291 2630.052 2690.339 2749.662 2790.855 2804.687 2817.702 2808.073 2833.837 2871.645 2878.566 2874.962 2838.863 2798.268 2759.705 2726.411 2730.224 2763.761 2791.685 2832.952 2875.038 2901.804 2927.043 2931.125 2934.02 2939.242 2945.387 2938.518 2906.358 2838.292 2754.943 2664.956 2584.956 2514.253 2475.766 2440.313 2497.336 2581.747 2672.839 2738.429 2779.14 2806.196 2829.794 2850.311 2867.949 2907.314 2931.301 2937.655 2905.118 2840.846 2821.308 2819.06 2806.545 2818.667 2845.956 2870.44 2874.359 2875.93 2876.342
2532.394 2519.043 2581.386 2628.748 2677.804 2679.218 2628.462 2674.057 2716.044 2742.961 2803.832 2837.019 2853.034 2844.571 2855.88 2887.649 2899.381 2902.617 2879.313 2834.412 2781.227 2740.057 2734.324 2756.802 2771.042 2817.589 2876.564 2900.962 2915.752 2918.308 2926.391 2935.174 2937.257 2932.797 2902.743 2840.888 2761.886 2684.028 2612.203 2533.698 2454.572 2429.431 2479.38 2574.817 2673.623 2734.195 2787.132 2821.99 2859.144 2887.185 2910.969 2926.968 2939.156 2946.776 2933.361 2902.256 2895.304 2885.415 2849.861 2829.365 2844.334 2858.858 2858.21 2858.92 2852.779
2587.529 2541.532 2574.472 2632.955 2690.417 2702.527 2691.5 2718.501 2729.322 2737.859 2800.867 2846.047 2870.58 2875.764 2887.418 2907.517 2925.137 2922.527 2886.109 2834.526 2789.364 2744.741 2735.134 2733.352 2741.338 2783.191 2851.152 2898.545 2907.318 2905.048 2915.147 2927.342 2928.294 2918.532 2891.841 2842.662 2786.437 2730.047 2664.85 2597.27 2539.355 2513.075 2550.363 2603.073 2658.385 2716.945 2765.102 2794.486 2839.267 2874.655 2901.859 2929.426 2944.018 2955.76 2956.635 2951.008 2949.134 2913.428 2849.03 2811.784 2832.512 2838.472 2827.31 2824.706 2821.266
