Dropbox/GRP Data/GRP mammal paper/NN_analysis/DATA/2014 input files/la_c_bio_5.asc
ncols         272
nrows         166
xllcorner     -214329.5541171
yllcorner     212687.1820549
cellsize      821.1860311
NODATA_value  -9999
[rows 87 to 115 of 166, columns 130 to 194 of 272]
2300.288 2256.975 2242.603 2276.853 2301.123 2337.485 2363.22 2389.937 2446.46 2502.567 2528.351 2541.867 2563.265 2594.409 2601.865 2573.98 2570.544 2616.179 2664.192 2720.813 2732.584 2738.737 2729.145 2727.232 2750.644 2754.618 2751.018 2729.487 2713.846 2714.285 2727.877 2736.627 2726.035 2710.77 2693.865 2676.439 2664.703 2653.513 2646.463 2640.171 2647.159 2669.167 2682.097 2691.26 2720.648 2746.835 2753.643 2743.844 2725.709 2713.098 2692.397 2727.75 2744.194 2681.231 2615.471 2616.745 2570.738 2514.609 2565.112 2735.011 2826.647 2857.221 2857.916 2806.601 2733.272
2289.817 2242.5 2216.471 2256.739 2297.057 2329.536 2356.127 2380.046 2414.336 2474.333 2510.118 2527.942 2551.261 2576.484 2596.949 2607.447 2615.784 2648.083 2667.717 2709.151 2733.037 2739.772 2738.616 2740.25 2748.359 2745.544 2739.393 2723.903 2704.567 2715.529 2727.242 2736.911 2721.081 2684.117 2671.911 2683.454 2672.017 2648.086 2624.5 2613.896 2614.138 2635.588 2649.535 2671.797 2686.089 2681.871 2667.869 2624.614 2614.8 2613.687 2556.796 2571.189 2602.821 2619.869 2598.688 2631.931 2646.868 2614.448 2602.578 2637.838 2741.25 2800.193 2781.171 2771.632 2744.309
2301.101 2262.474 2215.403 2241.596 2307.985 2322.607 2346.262 2355.979 2376.566 2426.845 2482.31 2513.794 2531.145 2551.297 2571.551 2597.72 2628.612 2660.563 2683.397 2696.395 2720.85 2736.455 2729.536 2738.042 2738.618 2742.216 2742.688 2724.013 2692.464 2716.177 2722.741 2740.391 2712.14 2639.752 2633.32 2674.517 2678.959 2639.434 2597.808 2582.531 2588.791 2611.075 2631.814 2639.544 2626.531 2580.897 2540.923 2515.4 2509.855 2523.223 2440.343 2453.201 2486.164 2553.302 2612.71 2662.346 2705.112 2667.836 2621.291 2616.922 2660.696 2720.781 2705.082 2674.714 2677.604
2312.339 2297.634 2260.593 2260.411 2310.237 2326.885 2356.294 2345.956 2354.995 2392.661 2423.286 2477.482 2501.88 2511.141 2531.468 2560.787 2566.617 2571.453 2622.751 2680.345 2715.349 2726.879 2711.455 2719.574 2730.803 2738.015 2738.05 2717.872 2706.744 2718.023 2724.848 2749.638 2728.622 2678.345 2666.65 2682.086 2689.686 2661.799 2614.473 2588.801 2581.03 2600.208 2606.047 2599.192 2566.536 2499.186 2419.317 2413.81 2470.131 2444.146 2378.521 2415.972 2458.441 2563.035 2652.746 2715.434 2710.738 2655.743 2613.039 2579.119 2591.821 2625.545 2638.071 2625.945 2648.675
2307.952 2287.438 2276.89 2285.126 2327.686 2350.868 2363.087 2331.918 2287.231 2331.941 2393.377 2435.289 2484.948 2505.399 2525.728 2544.083 2564.129 2590.593 2658.125 2689.798 2714.333 2713.261 2700.772 2717.314 2721.576 2729.311 2734.389 2728.282 2724.5 2727.227 2738.559 2751.846 2746.641 2724.293 2710.454 2704.607 2704.499 2675.908 2632.474 2605.734 2586.904 2585.477 2578.268 2590.761 2520.261 2433.063 2353.346 2358.412 2407.566 2387.405 2387.918 2462.066 2532.237 2622.858 2708.36 2766.272 2736.404 2678.758 2644.637 2619.127 2590.911 2607.086 2620.275 2619.307 2662.696
2301.057 2283.13 2252.707 2272.254 2336.492 2368.457 2369.105 2312.974 2267.817 2313.906 2375.157 2422.719 2471.587 2511.749 2540.626 2563.45 2616.704 2642.401 2670.134 2691.808 2706.214 2702.575 2697.619 2710.298 2719.4 2727.259 2733.534 2736.333 2735.918 2724.279 2743.479 2751.875 2748.691 2740.832 2730.194 2718.54 2707.281 2675.99 2652.89 2632.824 2612.303 2600.032 2581.801 2600.628 2510.578 2406.508 2334.818 2313.575 2357.533 2388.758 2436.693 2529.154 2625.946 2699.752 2761.739 2785.911 2766.321 2741.817 2708.006 2716.545 2668.198 2683.353 2650.482 2639.026 2710.292
2279.914 2285.566 2260 2277.12 2336.586 2355.596 2369.157 2336.607 2301.589 2318.223 2365.618 2420.738 2466.691 2512.223 2563.786 2601.841 2626.985 2649.762 2663.178 2681.219 2696.465 2692.808 2690.522 2701.446 2714.816 2727.123 2733.633 2726.478 2727.93 2721.594 2737.16 2743.238 2741.222 2737.055 2728.56 2717.135 2703.998 2687.292 2679.991 2663.905 2646.705 2634.282 2606.264 2597.443 2514.267 2411.017 2337.626 2283.772 2344.265 2425.636 2497.793 2593.731 2694.108 2762.504 2796.521 2786.636 2789.726 2803.437 2775.152 2797.152 2783.603 2796.907 2720.456 2697.212 2783.594
2286.377 2296.547 2279.465 2273.403 2322.551 2356.665 2373.095 2360.99 2350.872 2363.859 2384.555 2425.427 2467.187 2514.365 2568.405 2596.402 2594.658 2612.496 2635.247 2663.972 2681.408 2681.72 2685.5 2692.622 2709.118 2721.799 2731.16 2715.153 2718.472 2721.365 2727.995 2732.093 2732.415 2728.863 2719.235 2708.077 2703.928 2708.45 2706.277 2692.502 2674.902 2665.813 2635.393 2597.107 2532.799 2453.246 2369.844 2313.254 2371.224 2472.482 2563.909 2664.411 2747.463 2800.781 2811.014 2800.442 2828.333 2848.356 2845.779 2853.938 2887.98 2896.067 2835.173 2801.8 2858.376
2296.513 2332.579 2313.669 2272.887 2332.314 2355.484 2386.468 2402.42 2398.816 2397.261 2403.373 2421.058 2463.948 2515.944 2547.245 2552.546 2543.566 2558.681 2596.537 2645.135 2669.44 2677.7 2684.677 2686.804 2699.704 2709.218 2719.576 2711.622 2718.422 2720.484 2722.693 2725.124 2726.897 2725.94 2712.925 2704.471 2707.684 2717.059 2718.644 2712.632 2694.683 2692.16 2671.321 2640.222 2603.905 2560.36 2465.705 2419.642 2461.259 2551.879 2629.054 2717.706 2783.651 2839.972 2827.08 2821.781 2848.658 2879.719 2897.226 2913.427 2957.779 2981.378 2947.857 2925.805 2950.115
2321.255 2378.589 2356.693 2303.589 2352.422 2372.991 2405.316 2437.095 2436.039 2423.465 2425.226 2419.567 2455.347 2507.782 2506.668 2489.169 2488.646 2518.214 2564.72 2629.935 2666.993 2681.883 2684.156 2685.279 2690.19 2697.612 2701.59 2705.446 2714.49 2717.85 2718.966 2720.557 2725.535 2730.235 2714.825 2713.126 2711.759 2713.211 2714.991 2715.366 2716.202 2715.618 2704.521 2687.14 2692.932 2669.544 2605.489 2567.151 2587.934 2615.652 2687.089 2753.323 2802.899 2849.059 2889.134 2892.049 2898.657 2910.93 2910.398 2953.709 3013.036 3065.285 3066.766 3063.319 3060.24
2361.52 2417.692 2399.193 2355.243 2372.207 2406.415 2425.84 2454.475 2461.104 2459.774 2455.473 2431.916 2450.614 2493.825 2468.111 2421.866 2432.267 2494.057 2544.932 2620.252 2664.815 2681.295 2685.42 2687.208 2695.768 2701.429 2695.004 2695.512 2699.014 2708.505 2712.226 2718.131 2716.672 2724.762 2721.28 2721.332 2713.194 2714.659 2714.538 2715.221 2715.763 2716.671 2727.2 2733.266 2740.908 2731.595 2696.657 2671.929 2694.548 2717.633 2744.248 2783.155 2829.258 2873.759 2900.385 2936.578 2959.585 2947.066 2908.414 2955.215 3034.304 3105.387 3119.21 3114.972 3105.518
2408.515 2448.706 2436.252 2392.775 2394.345 2423.88 2445.092 2474.544 2479.736 2485.2 2471.733 2441.929 2456.281 2494.878 2463.305 2392.774 2375.045 2449.504 2517.732 2606.982 2654.998 2679.521 2693.779 2695.364 2699.167 2706.764 2694.935 2688.394 2698.292 2700.383 2706.724 2692.013 2665.195 2670.025 2692.639 2721.657 2721.406 2722.857 2723.767 2717.826 2707.4 2716.499 2743.869 2780.839 2793.48 2772.738 2749.702 2745.119 2776.004 2789.972 2792.939 2820.254 2843.258 2868.27 2901.961 2939.882 2970.122 2975.372 2972.994 2987.406 3040.947 3090.017 3124.94 3140.356 3146.782
2458.527 2486.14 2465.702 2406.949 2410.532 2428.178 2449.839 2478.572 2503.149 2513.903 2490.168 2456.27 2449.184 2504.857 2475.75 2392.489 2348.763 2398.948 2504.854 2594.347 2643.723 2662.877 2684.967 2704.183 2708.534 2716.199 2709.582 2698.864 2698.711 2706.59 2685.409 2613.582 2554.219 2559.823 2592.809 2677.697 2717.208 2723.62 2724.583 2717.428 2712.711 2731.02 2759.013 2798.638 2824.732 2808.03 2819.023 2807.178 2823.474 2827.451 2829.166 2855.727 2876.714 2879.362 2899.908 2923.031 2949.762 2981.321 3018.062 3036.648 3063.097 3102.453 3133.953 3156.449 3161.96
2513.872 2543.215 2476.164 2403.04 2430.184 2455.543 2454.066 2477.815 2497.009 2535.951 2508.232 2505.138 2511.794 2538.138 2543.468 2479.063 2453.28 2465.116 2518.652 2568.235 2578.787 2602.632 2676.682 2699.931 2717.718 2725.296 2714.043 2706.514 2706.198 2706.211 2664.423 2548.158 2454.21 2446.755 2527.414 2648.285 2695.578 2712.255 2716.559 2723.468 2732.799 2729.006 2757.816 2783.227 2791.545 2840.107 2866.899 2878.472 2885.376 2863.231 2852.991 2884.657 2904.652 2908.921 2923.39 2952.947 2987.333 2991.523 2992.73 3014.177 3060.979 3102.771 3141.276 3160.862 3166.774
2601.956 2578.499 2477.435 2401.26 2438.6 2462.952 2475.321 2494.398 2525.659 2562.15 2538.737 2522.728 2552.656 2585.616 2603.85 2592.207 2549.3 2546.213 2560.947 2589.586 2563.799 2538.602 2641.647 2711.368 2726.077 2733.473 2720.738 2714.782 2714.761 2703.132 2640.736 2509.761 2431.026 2467.191 2541.237 2638.04 2667.732 2684.911 2690.099 2701 2690.822 2711.896 2753.376 2753.581 2759.235 2839.958 2869.348 2896.073 2926.331 2901.485 2887.636 2920.909 2938.726 2945.669 2934.509 2959.225 2988.286 2993.878 2961.584 2975.724 3051.008 3096.191 3143.76 3162.923 3171.401
2660.237 2600.993 2543.261 2449.111 2459.171 2480.172 2503.106 2521.167 2569.182 2602.925 2582.01 2572.286 2588.756 2636.112 2653.207 2660.722 2630.787 2620.013 2624.754 2610.377 2541.585 2525.47 2650.594 2706.449 2725.472 2739.144 2728.771 2722.996 2722.648 2706.215 2642.788 2542 2491.64 2562.851 2605.94 2639.211 2642.239 2636.017 2634.922 2653.062 2621.237 2695.868 2738.096 2708.31 2723.418 2775.249 2832.881 2871.819 2931.052 2933.874 2931.639 2947.614 2955.438 2965.122 2921.293 2918.587 2928.693 2967.775 2956.876 2978.931 3050.712 3101.322 3138.887 3163.63 3171.088
2684.87 2648.726 2637.105 2524.836 2479.01 2499.609 2535.404 2551.457 2596.072 2628.504 2609.58 2616.548 2634.174 2669.88 2685.396 2686.227 2681.643 2664.885 2658.845 2609.316 2530.629 2562.642 2665.021 2692.837 2727.174 2742.909 2735.181 2730.558 2729.954 2718.241 2674.818 2621.922 2589.616 2652.698 2663.491 2645.603 2631.929 2598.622 2567.767 2578.85 2587.598 2684.342 2686.965 2625.104 2666.762 2709.964 2800.941 2863.743 2923.48 2945.542 2948.126 2932.278 2917.794 2937.797 2918.623 2899.29 2912.371 2914.2 2923.802 2967.499 3029.172 3088.63 3115.564 3147.178 3167.495
2707.439 2698.676 2716.672 2593.083 2542.666 2521.633 2576.706 2587.411 2612.604 2641.453 2631.447 2638.676 2662.313 2685.931 2701.72 2694.888 2712.541 2691.373 2658.227 2598.781 2563.071 2606.652 2667.956 2696.794 2734.718 2747.054 2742.394 2739.858 2739.539 2738.326 2719.292 2696.178 2682.406 2714.791 2689.539 2651.364 2649.73 2619.089 2542.936 2504.134 2588.767 2654.246 2604.49 2545.221 2652.909 2756.318 2821.241 2875.844 2915.007 2921.475 2913.974 2882.596 2862.066 2862.51 2914.256 2864.084 2868.619 2854.98 2891.879 2939.685 3010.708 3068.569 3105.02 3141.544 3164.293
2742.913 2735.251 2762.355 2697.981 2633.368 2588.742 2617.717 2624.282 2630.377 2654.246 2649.359 2652.04 2674.46 2694.626 2712.897 2712.516 2735.287 2708.261 2657.339 2613.85 2619.68 2629.953 2675.488 2718.591 2743.624 2755.599 2754.821 2751.765 2753.53 2759.185 2756.695 2746.248 2754.405 2750.341 2707.845 2648.264 2686.1 2683.187 2613.82 2546.039 2590.745 2580.868 2570.502 2642.748 2737.329 2801.294 2860.994 2897.445 2894.909 2888.138 2900.226 2813.566 2781.758 2843.816 2876.075 2822.927 2823.89 2857.758 2865.607 2887.647 2977.515 3054.096 3109.389 3140.115 3149.434
2775.587 2760.009 2784.733 2818.241 2748.903 2695.971 2662.208 2654.301 2652.732 2668.206 2660.435 2666.577 2689.284 2705.436 2728.718 2742.351 2752.217 2719.244 2686.133 2674.483 2648.594 2651.555 2681.172 2729.655 2757.967 2769.878 2768.866 2759.08 2764.893 2760.196 2764.956 2769.273 2763.052 2741.4 2688.369 2638.434 2682.343 2716.675 2678.422 2651.813 2661.531 2568.905 2602.073 2687.483 2771.477 2792.895 2788.763 2853.841 2852.5 2853.325 2874.49 2801.362 2780.563 2888.9 2830.54 2787.671 2781.294 2838.448 2905.506 2976.735 3044.689 3086.565 3112.745 3128.672 3128.488
2789.84 2782.262 2800.734 2880.826 2880.265 2804.673 2734.163 2678.391 2674.58 2674.596 2674.611 2669.194 2699.031 2721.107 2743.965 2758.715 2778.084 2763.73 2740.875 2730.963 2682.779 2670.339 2710.025 2748.213 2764.27 2775.181 2769.008 2764.692 2763.99 2764.206 2766.022 2775.469 2764.875 2725.528 2645.312 2663.477 2701.951 2720.025 2706.314 2710.283 2679.178 2611.899 2663.697 2727.956 2733.396 2719.699 2794.899 2841.97 2831.741 2802.56 2834.809 2779.165 2795.791 2879.166 2851.688 2813.093 2832.723 2910.837 2990.193 3024.886 3059.855 3084.214 3089.562 3098.515 3113.77
2801.198 2805.377 2816.513 2889.446 2947.102 2925.909 2840.874 2714.727 2683.003 2674.707 2689.184 2685.607 2714.934 2731.488 2752.673 2776.729 2788.563 2779.419 2762.815 2761.338 2724.984 2700.115 2760.047 2786.735 2788.37 2784.483 2773.759 2770.792 2762.234 2757.88 2769.901 2783.747 2789.124 2776.466 2712.339 2721.8 2732.011 2742.083 2721.25 2687.139 2643.183 2573.442 2614.383 2655.733 2687.614 2724.258 2799.614 2818.156 2792.973 2749.751 2778.437 2769.806 2806.877 2859.686 2837.069 2820.87 2879.048 2938.933 2973.052 2977.473 2999.685 3026.818 3028.756 3067.992 3098.58
2827.269 2837.492 2867.524 2921.379 2951.028 2953.641 2933.801 2785.862 2687.073 2673.216 2687.361 2708.739 2737.43 2757.944 2770.9 2784.829 2810.592 2808.927 2808.675 2794.51 2758.77 2716.914 2779.837 2803.349 2794.408 2788.942 2780.547 2771.847 2768.624 2764.282 2774.84 2780.518 2791.447 2793.632 2768.912 2762.772 2743.037 2710 2667.007 2601.805 2541.904 2528.587 2571.701 2610.957 2651.146 2721.808 2771.009 2786.646 2740.373 2717.404 2718.463 2755.763 2810.34 2804.218 2786.864 2763.482 2821.114 2857.823 2841.1 2832.952 2896.805 2949.448 2965.687 3013.612 3036.016
2856.225 2856.6 2893.395 2929.233 2950.678 2957.563 2945.12 2845.632 2677.461 2633.384 2676.719 2728.197 2762.618 2781.94 2796.009 2807.784 2819.347 2840.225 2849.301 2824.189 2778.832 2740.113 2801.534 2812.45 2800.964 2791.351 2786.179 2776.285 2774.838 2749.221 2712.402 2715.735 2745.304 2733.749 2768.38 2746.861 2692.714 2675.38 2605.323 2536.163 2470.983 2468.58 2518.854 2569.411 2612.958 2680.317 2693.95 2750.46 2699.638 2678.475 2666.574 2719.836 2760.056 2715.173 2717.422 2692.873 2728.814 2725.428 2668.477 2647.912 2782.4 2875.968 2910.875 2933.976 2935.603
2893.694 2885.601 2905.587 2937.764 2951.102 2958.117 2946.033 2871.137 2787.828 2700.549 2716.576 2756.385 2791.728 2802.829 2815.44 2826.917 2826.241 2851.449 2866.864 2854.791 2828.285 2800.171 2819 2821.3 2810.799 2796.466 2792.99 2783.719 2778.955 2752.718 2689.994 2667.878 2706.54 2710.14 2762.531 2720.131 2641.657 2637.161 2591.842 2539.717 2462.779 2416.575 2434.695 2497.003 2541.107 2597.738 2617.276 2702.393 2676.564 2628.224 2615.436 2649.053 2637.206 2598.801 2620.412 2639.27 2655.21 2613.311 2515.663 2508.658 2679.833 2791.666 2841.543 2831.94 2819.88
2913.76 2917.678 2930.334 2953.634 2954.415 2955.004 2953.851 2902.723 2884.092 2820.274 2773.468 2796.885 2821.603 2826.707 2833.573 2843.979 2842.038 2857.197 2872.228 2874.678 2866.263 2849.258 2834.603 2833.327 2820.648 2804.289 2798.074 2792.911 2787.462 2779.472 2738.441 2709.847 2733.211 2754.691 2769.472 2711.118 2628.251 2586.801 2576.766 2572.173 2492.591 2407.722 2356.22 2403.915 2436.572 2507.086 2581.834 2639.842 2659.144 2590.881 2553.558 2547.724 2496.871 2474.501 2499.478 2550.313 2542.005 2510.889 2388.432 2437.94 2583.329 2659.74 2722.623 2675.922 2670.55
2935.186 2941.64 2952.75 2966.336 2962.118 2959.397 2960.615 2938.974 2943.327 2917.529 2833.083 2833.225 2847.628 2849.615 2851.376 2860.881 2860.266 2863.472 2875.666 2884.161 2878.446 2870.587 2850.912 2845.449 2829.609 2813.356 2800.265 2803.467 2800.77 2800.737 2791.143 2792.252 2795.918 2790.178 2758.617 2682.854 2600.45 2535.092 2513.081 2578.706 2520.866 2424.504 2337.26 2326.886 2364.42 2463.18 2540.539 2583.944 2639.841 2570.57 2500.495 2462.436 2427.854 2428.219 2431.042 2419.4 2430.031 2368.497 2304.281 2291.989 2395.998 2455.347 2490.675 2496.377 2627.81
2951.098 2959.545 2966.467 2975.712 2973.428 2971.868 2970.34 2968.158 2969.482 2961.001 2892.738 2860.612 2867.949 2867.965 2868.103 2874.423 2872.945 2869.705 2879.716 2892.661 2889.172 2885.221 2866.426 2853.683 2840.254 2826.843 2807.685 2812.827 2809.093 2808.272 2799.842 2799.923 2799.814 2781.025 2731.16 2615.348 2513.323 2491.003 2554.895 2611.119 2506.118 2406.387 2357.523 2335.615 2359.978 2437.686 2472.557 2563.57 2620.649 2563.936 2501.621 2491.98 2481.009 2475.635 2438.963 2381.509 2370.874 2359.563 2280.715 2278.632 2312.206 2302.549 2296.1 2373.429 2508.112
2959.015 2973.457 2975.527 2984.168 2982.82 2984.903 2985.059 2982.803 2975.659 2969.993 2940.14 2887.272 2883.866 2884.928 2882.849 2882.972 2884.66 2881.708 2886.757 2900.179 2901.515 2892.561 2879.358 2859.559 2853.175 2848.122 2829.675 2815.25 2810.002 2811.396 2811.76 2805.333 2785.77 2771.878 2733.445 2664.192 2620.33 2599.144 2648.187 2601.687 2551.76 2488.231 2402.881 2314.41 2334.728 2359.071 2437.888 2527.315 2570.282 2515.151 2453.927 2504.681 2575.413 2532.031 2468.885 2431.537 2372.079 2328.116 2333.575 2344.005 2358.679 2340.42 2309.874 2333.907 2406.419
