Dropbox/GRP Data/GRP mammal paper/NN_analysis/DATA/2014 input files/la_c_bio_6.asc
ncols         272
nrows         166
xllcorner     -214329.5541171
yllcorner     212687.1820549
cellsize      821.1860311
NODATA_value  -9999
[rows 84 to 111 of 166, columns 124 to 185 of 272]
-731.6155 -736.4557 -740.9748 -746.1805 -758.1272 -757.9205 -752.5379 -774.7095 -778.2237 -787.1569 -788.0165 -775.1815 -764.778 -766.9645 -768.1823 -763.4277 -754.5813 -725.2607 -718.8202 -729.111 -723.1722 -716.6753 -738.8949 -751.7816 -773.9966 -768.9573 -804.1464 -875.8538 -905.05 -906.4877 -900.4082 -900.9778 -896.1083 -891.1813 -888.4825 -880.8912 -856.7697 -792.5948 -736.2335 -724.2195 -719.018 -701.8858 -693.5999 -683.8654 -651.9031 -640.0569 -659.0607 -654.2388 -749.5561 -768.9808 -759.7444 -753.9861 -761.3907 -761.7128 -753.3962 -750.4781 -740.483 -733.1558 -731.5372 -617.5433 -593.9888 -607.3608
-732.9425 -746.0641 -761.9772 -754.1104 -762.8725 -763.0474 -757.1384 -782.9177 -781.8127 -771.6939 -770.5922 -769.0518 -756.1699 -763.392 -777.5928 -771.7587 -757.1931 -731.845 -719.3392 -725.2389 -729.8477 -716.3767 -741.8985 -740.7457 -755.4968 -787.6384 -823.1888 -877.1003 -905.0681 -902.1485 -895.4777 -896.0538 -889.7991 -886.9957 -885.4808 -873.9017 -861.2461 -843.547 -799.7108 -773.9858 -745.4372 -710.1714 -696.5702 -689.2565 -675.5719 -653.5596 -652.3281 -654.8075 -702.3525 -730.8358 -728.0776 -730.2401 -726.3009 -727.7129 -721.7216 -717.8148 -717.9412 -720.5341 -718.481 -575.1815 -582.324 -610.4225
-740.0447 -747.0123 -749.3332 -764.9964 -766.7614 -762.9446 -764.5162 -801.4072 -807.6981 -779.4799 -765.9216 -752.8381 -750.7182 -760.0881 -784.9656 -773.4913 -756.1825 -737.3888 -725.4207 -721.6889 -733.1442 -729.6924 -742.8641 -732.7194 -744.7411 -815.1557 -848.873 -883.2186 -888.0247 -877.2015 -890.5823 -891.2433 -884.877 -883.1094 -881.1028 -870.113 -856.0886 -842.8884 -825.1281 -804.1837 -755.1945 -712.8968 -698.7383 -691.2306 -684.8232 -670.7076 -659.384 -662.7367 -662.7049 -653.5386 -664.2344 -678.2393 -679.3859 -670.3473 -661.4344 -652.5339 -669.3715 -694.8888 -695.3604 -581.8813 -566.9811 -609.7249
-745.4324 -745.9266 -739.9785 -746.1016 -765.3145 -753.1776 -792.9999 -857.6495 -871.028 -822.9144 -783.9708 -742.0469 -746.8363 -759.1338 -785.9438 -773.1285 -756.8438 -739.22 -727.366 -719.222 -723.0596 -730.4572 -737.9634 -721.8684 -742.9048 -835.566 -870.5071 -881.7318 -863.9758 -855.6068 -883.6207 -881.8721 -878.5486 -877.0854 -875.3836 -867.4209 -856.136 -842.0035 -828.6902 -801.8629 -757.737 -719.856 -705.6224 -694.0084 -686.1945 -684.1552 -683.2343 -675.2821 -668.2247 -657.1137 -642.943 -638.6584 -641.465 -638.1039 -609.937 -588.6509 -580.1287 -620.9102 -621.3818 -516.5133 -553.5924 -554.4346
-724.3499 -741.0653 -739.8331 -717.2874 -768.7324 -761.0342 -814.5154 -893.7206 -925.4677 -872.6841 -796.9853 -741.1649 -739.8377 -747.8591 -773.5563 -777.1702 -758.9304 -742.9197 -726.4007 -720.071 -713.957 -712.4205 -733.7905 -743.3109 -759.133 -831.8856 -870.3889 -875.6362 -875.0274 -883.547 -881.9412 -874.8314 -870.0195 -873.8989 -861.5402 -858.4525 -860.6932 -860.6397 -841.7503 -774.1962 -739.1436 -728.7556 -704.6295 -681.8878 -657.6462 -642.2778 -612.0638 -598.257 -619.5277 -637.1535 -627.011 -601.8045 -585.7154 -547.6481 -534.8219 -544.0001 -575.9915 -579.7956 -550.9398 -527.7676 -558.9745 -531.5054
-700.5778 -732.0719 -737.0536 -702.9783 -756.9622 -770.7604 -799.3306 -859.7087 -914.4627 -879.9523 -777.2946 -742.4989 -729.479 -724.7401 -753.1159 -776.5413 -759.7725 -753.3062 -735.439 -727.8786 -720.9644 -714.8478 -753.626 -799.7943 -801.96 -825.7193 -861.6959 -872.1547 -866.1218 -874.7764 -874.3172 -869.6766 -860.8015 -864.472 -864.4816 -851.7657 -864.933 -846.3619 -825.487 -714.1061 -699.761 -725.1979 -717.2813 -659.8511 -622.0961 -586.6492 -566.5443 -567.8712 -594.3828 -584.853 -549.686 -570.0659 -595.946 -592.0514 -596.5487 -579.3215 -599.7056 -601.8174 -594.9504 -578.528 -538.3225 -494.7279
-696.4748 -710.5767 -720.3209 -696.9209 -714.4451 -742.0754 -768.6193 -802.5939 -848.0648 -834.5057 -755.3683 -744.2158 -725.459 -720.9708 -751.9627 -752.9263 -756.9586 -763.7844 -746.1259 -746.9755 -733.5303 -718.939 -714.2224 -707.2906 -698.9235 -786.2198 -852.3334 -862.1115 -863.0737 -856.4097 -860.5201 -863.0016 -857.1142 -858.0513 -858.0658 -851.1885 -853.3113 -838.2828 -836.6337 -776.614 -753.0925 -755.6981 -739.9063 -685.046 -629.4666 -588.7205 -552.6795 -556.2648 -556.2282 -545.7381 -562.1921 -615.4094 -644.4258 -636.2258 -615.0704 -602.5002 -620.1865 -611.1611 -604.4597 -577.5901 -496.2757 -487.383
-681.2744 -668.8066 -690.7287 -703.2459 -720.5975 -729.9763 -756.0735 -784.1514 -796.4319 -783.688 -727.4739 -717.0098 -718.3235 -725.3937 -752.3782 -710.5835 -733.2616 -739.9404 -749.4698 -738.9353 -722.9734 -718.6732 -705.7465 -699.9338 -765.6925 -817.5743 -843.728 -852.5118 -851.6942 -844.801 -849.772 -855.1688 -849.9448 -845.4822 -842.7352 -833.1259 -837.9649 -830.1508 -826.6 -800.3154 -769.017 -758.848 -740.3809 -687.7294 -632.6296 -593.114 -566.132 -555.7936 -534.1105 -537.3353 -592.3938 -655.1047 -673.0058 -662.0873 -628.7261 -623.5771 -621.1003 -598.3859 -572.3833 -518.784 -497.1762 -557.0764
-683.1304 -685.2323 -733.7289 -808.8993 -823.4106 -780.847 -757.3943 -786.1729 -811.2833 -787.9393 -718.2543 -695.3135 -703.3273 -713.2809 -744.918 -695.3414 -732.2678 -725.199 -738.192 -714.8902 -690.2989 -690.4322 -752.9407 -804.1458 -812.7426 -823.6882 -834.0242 -842.483 -842.02 -834.6666 -839.6029 -847.5276 -843.5573 -835.4417 -831.7653 -821.7502 -828.6141 -824.7197 -816.2273 -806.9589 -790.5271 -778.2801 -738.8273 -670.8383 -641.8337 -612.5372 -600.2329 -586.9976 -546.9349 -528.5518 -591.594 -667.3122 -679.3563 -684.6517 -643.9207 -639.9778 -622.7695 -574.5004 -527.847 -514.2762 -557.1029 -610.1421
-716.1639 -685.9753 -719.3171 -796.9594 -804.3369 -792.7722 -775.0034 -783.1492 -797.8434 -775.3149 -713.717 -694.7499 -694.748 -691.1805 -718.5803 -691.0331 -728.6161 -714.759 -721.0322 -702.1221 -692.8565 -734.2358 -776.4074 -829.3482 -823.2224 -817.8579 -823.9362 -832.2672 -831.9104 -825.3655 -833.0293 -838.0289 -837.4752 -831.4115 -824.4421 -813.5618 -820.7978 -818.136 -810.5026 -805.7488 -799.1809 -780.8008 -740.0084 -691.4669 -677.811 -653.3117 -642.1984 -631.5988 -580.2926 -530.4475 -572.3068 -660.4209 -678.3254 -699.5167 -656.0093 -646.0311 -613.3654 -549.8283 -531.853 -580.4551 -616.1271 -609.8233
-694.6272 -673.5445 -690.1037 -740.2092 -765.2899 -774.8671 -784.6989 -770.2664 -787.5304 -781.8535 -720.5994 -687.4147 -681.6675 -665.0117 -669.2015 -661.2388 -720.2596 -701.5828 -713.3677 -695.3225 -696.4977 -729.508 -735.1708 -768.6454 -792.2498 -810.1064 -815.2914 -822.2043 -822.3425 -815.9571 -825.7289 -827.7147 -829.3934 -825.9813 -816.6515 -805.3333 -812.9941 -810.4821 -806.0107 -800.0328 -790.6132 -765.2005 -742.4062 -725.2681 -710.8896 -685.8372 -663.2537 -652.7825 -606.6457 -553.2275 -549.9529 -620.6433 -665.5326 -689.9879 -659.0615 -639.3008 -595.5057 -555.7513 -599.054 -623.9056 -624.4265 -616.4133
-669.6199 -702.7098 -720.887 -729.3845 -734.2323 -742.1811 -776.9208 -729.7175 -755.0671 -777.9667 -705.6038 -682.0272 -665.3232 -666.5646 -675.0913 -675.3777 -711.3158 -692.6843 -697.6378 -688.0953 -686.864 -694.7657 -695.0454 -701.5513 -735.8412 -788.5225 -808.5961 -813.089 -813.1685 -806.0454 -817.0541 -819.7427 -819.6887 -816.7101 -807.4827 -800.1924 -805.9975 -804.3832 -800.7859 -794.3496 -780.7643 -758.8012 -743.5555 -725.6266 -713.5028 -693.1306 -662.5538 -652.9044 -624.7633 -584.8418 -541.4712 -549.7429 -611.0729 -639.858 -629.9666 -617.0889 -618.4479 -624.5765 -637.1575 -617.9355 -622.0472 -622.7593
-666.9995 -757.2686 -782.1591 -756.3141 -716.2585 -713.8317 -750.6719 -676.729 -699.455 -740.0527 -692.3831 -658.8568 -647.5886 -669.233 -690.0479 -693.5499 -693.9636 -681.9092 -680.314 -681.6361 -674.3214 -680.1301 -686.8533 -679.2985 -689.0706 -756.8216 -801.8765 -806.3552 -803.5592 -796.5165 -808.6564 -812.4517 -810.6359 -807.7045 -798.615 -798.5438 -799.6139 -800.8758 -796.5571 -790.5629 -772.0814 -759.4539 -746.1798 -736.9291 -729.1926 -714.8909 -699.8937 -686.8879 -672.1791 -641.2844 -628.8016 -571.8788 -501.2746 -521.2322 -537.1194 -567.7546 -605.62 -633.773 -632.6734 -606.7612 -601.4648 -592.7784
-667.3399 -766.9339 -798.8298 -768.9525 -693.5466 -677.7236 -702.482 -637.1578 -645.3157 -688.1613 -676.7404 -627.8896 -626.5646 -648.9012 -667.6056 -674.7621 -672.5278 -665.6688 -674.1636 -678.9677 -670.3159 -675.7593 -677.082 -679.9698 -676.6584 -737.5639 -792.5703 -801.9578 -794.0561 -787.9721 -798.2681 -800.2035 -801.5215 -797.3635 -790.7736 -790.601 -795.0011 -796.2114 -788.1765 -779.9916 -769.7347 -767.9243 -755.3486 -741.6301 -727.939 -713.3121 -705.7678 -694.733 -684.0544 -670.5989 -657.4357 -615.7423 -589.9369 -582.9835 -614.5131 -618.7939 -624.7863 -624.2357 -611.3641 -584.5118 -601.4443 -607.8216
-664.937 -701.2524 -727.834 -718.5411 -650.4967 -627.5873 -640.5012 -615.8452 -605.4727 -651.2368 -642.2752 -617.8387 -603.9122 -625.6821 -647.416 -661.4774 -664.1968 -654.4736 -663.9075 -674.5907 -669.949 -665.3111 -676.0485 -662.0986 -670.9695 -720.0872 -783.1595 -792.7375 -784.0927 -778.0598 -791.2393 -795.7457 -792.2662 -787.6335 -787.7656 -781.2613 -787.8918 -756.2709 -703.8934 -703.9297 -759.7015 -759.0229 -746.1823 -732.6633 -717.9178 -709.502 -697.496 -692.8174 -677.4929 -674.8919 -673.1646 -631.9042 -619.5515 -619.5442 -624.9573 -624.1962 -627.3566 -617.2672 -599.4536 -582.1147 -598.6761 -603.205
-683.2759 -625.2696 -618.0251 -616.5957 -600.4486 -587.6795 -593.2419 -591.5064 -571.7335 -621.5775 -621.179 -610.2361 -592.5411 -609.0047 -623.4037 -623.2904 -638.3951 -645.4236 -648.2111 -650.612 -662.6671 -670.8782 -714.9247 -698.2465 -649.7206 -708.1073 -760.9625 -779.953 -774.0336 -769.4147 -781.5479 -786.1432 -783.6167 -783.6251 -778.033 -770.149 -737.1064 -645.4531 -608.5057 -624.1463 -642.9367 -658.1163 -731.5554 -730.5623 -715.6556 -702.6351 -688.4068 -677.5226 -670.2286 -667.9409 -675.427 -647.4765 -649.2674 -639.8525 -643.9938 -635.9442 -628.8245 -629.8518 -621.8884 -601.3974 -598.4132 -595.3936
-722.8331 -645.8898 -592.5942 -561.3819 -580.2134 -580.1834 -573.6585 -582.755 -570.1743 -613.1132 -601.7954 -580.9977 -583.6549 -599.9557 -602.6605 -600.7974 -612.3489 -608.1172 -612.7576 -628.1689 -629.7849 -614.6515 -625.3969 -625.7314 -641.603 -671.6719 -666.0017 -690.6099 -761.7287 -761.7122 -774.3597 -777.2465 -774.9161 -770.9269 -768.4649 -760.1205 -715.0592 -598.6874 -582.5031 -602.0133 -575.2162 -615.8107 -683.7467 -700.7718 -703.6838 -692.6105 -681.8059 -668.0059 -662.2968 -645.4585 -645.3154 -659.6197 -664.868 -648.5795 -651.5272 -643.2423 -634.4491 -636.6785 -633.1609 -616.4099 -608.1956 -599.4645
-680.3419 -695.3687 -655.3781 -571.2695 -579.2571 -595.7635 -588.3 -582.3082 -571.867 -618.4989 -601.2556 -575.7502 -574.7552 -591.9991 -592.1985 -593.3034 -585.8303 -588.1852 -588.8987 -606.0178 -615.1489 -618.6575 -608.9789 -613.0648 -628.83 -638.3323 -623.0962 -598.0817 -688.5881 -753.1109 -766.0847 -771.6587 -768.7121 -760.6949 -759.5026 -745.8355 -687.1076 -589.0403 -568.1445 -585.7989 -583.0708 -603.6852 -627.5113 -650.0051 -655.6169 -636.3971 -629.2091 -639.1878 -654.1538 -621.3693 -614.9965 -651.3755 -662.7097 -653.9561 -651.4272 -645.1763 -636.4452 -633.3358 -632.0064 -620.4594 -615.8703 -601.5107
-637.4604 -672.7501 -627.6295 -627.728 -607.4521 -628.1866 -634.5674 -594.5883 -572.0755 -562.9925 -560.482 -557.6797 -554.2372 -570.9501 -562.6996 -580.2258 -576.3843 -577.778 -584.4321 -605.2274 -612.3128 -616.7614 -608.7739 -608.1064 -615.2457 -614.0294 -589.1005 -567.6074 -660.6837 -725.1895 -742.5406 -761.5137 -759.4772 -752.1072 -751.8125 -734.4644 -668.5072 -599.4047 -577.3728 -582.3554 -591.6446 -594.4565 -599.3809 -607.6744 -606.6381 -592.2583 -578.8334 -611.3256 -633.1454 -598.662 -592.5654 -614.5854 -651.9233 -654.446 -649.8682 -642.8328 -634.0356 -630.5039 -628.7634 -619.4501 -613.9195 -595.8192
-638.9556 -658.6377 -622.0873 -621.0371 -616.1153 -628.4977 -627.5988 -625.4682 -621.9816 -517.6089 -541.7955 -542.0756 -540.3546 -556.4305 -546.1563 -566.3939 -570.8438 -576.2129 -593.56 -614.4041 -618.0934 -618.3019 -616.186 -610.9876 -609.847 -611.3942 -584.8755 -590.9125 -659.6046 -692.8741 -726.0569 -746.7229 -745.4368 -746.1468 -751.5807 -738.1082 -680.4487 -633.1849 -608.4713 -627.5621 -604.4927 -582.603 -590.8593 -589.3342 -562.4912 -550.5753 -565.991 -599.9697 -594.8989 -559.7618 -567.4108 -579.3271 -644.2258 -649.0685 -646.8013 -639.3801 -633.5518 -632.8935 -619.0055 -612.8273 -610.6744 -596.9999
-645.7999 -647.7609 -623.1575 -614.9105 -613.3648 -606.8868 -603.3131 -604.8824 -603.6693 -520.9117 -534.0964 -525.3968 -540.7304 -544.6493 -541.7554 -566.3859 -573.0345 -580.8788 -600.8828 -621.178 -623.9806 -618.0439 -630.6864 -615.5259 -600.9182 -614.9175 -602.8719 -609.2278 -653.1757 -678.4102 -726.4882 -733.1967 -733.7025 -744.0113 -753.167 -746.0393 -717.0259 -692.139 -662.1794 -705.4645 -659.0004 -575.0443 -589.654 -591.5834 -518.482 -464.9894 -556.5646 -579.2168 -546.911 -511.3768 -554.8947 -592.6212 -646.0572 -647.8922 -644.8575 -641.5095 -634.6085 -629.1126 -601.8585 -593.7692 -611.011 -604.5333
-647.8392 -638.6968 -633.3345 -612.9476 -608.1284 -586.9294 -581.5023 -574.3342 -585.1532 -576.233 -568.6306 -546.7948 -557.8269 -558.0912 -558.6756 -580.9554 -584.0633 -589.6132 -601.6447 -620.4243 -621.8663 -614.6953 -638.3699 -615.6992 -590.2261 -603.4276 -604.3271 -597.0612 -642.7523 -681.7283 -728.3004 -725.886 -731.4749 -741.7248 -743.7693 -737.2729 -744.0154 -749.1447 -741.2891 -738.3285 -699.8696 -580.0547 -625.4932 -611.9348 -548.3222 -464.1105 -536.3422 -527.7702 -494.4912 -541.6157 -601.3412 -628.147 -658.2442 -650.3187 -640.3531 -635.3968 -633.7975 -602.204 -592.639 -601.8998 -602.9333 -596.7076
-646.3699 -635.3802 -636.6993 -619.8288 -613.4479 -589.2107 -579.7969 -558.1114 -596.8225 -629.4653 -618.2609 -591.3594 -587.9404 -591.4221 -586.839 -595.1855 -595.562 -600.2186 -602.9653 -613.3658 -612.0171 -615.7952 -632.9631 -621.1615 -596.9517 -585.5406 -580.2573 -589.4166 -633.6515 -687.5737 -720.3309 -724.1635 -731.2857 -732.8895 -733.7244 -729.4767 -739.9963 -732.1004 -730.1172 -744.4191 -677.6751 -583.297 -628.7116 -654.6044 -577.2412 -550.9502 -550.1713 -502.816 -541.0392 -595.1981 -627.1768 -627.6545 -620.8218 -635.1315 -632.8246 -628.083 -629.8982 -603.4886 -593.1698 -623.0844 -609.2703 -583.7798
-641.0841 -635.2858 -628.3607 -629.8303 -623.8027 -606.8422 -596.0739 -558.1273 -597.8834 -633.394 -617.613 -606.8574 -611.953 -596.8973 -590.5786 -596.6743 -599.3127 -608.3801 -608.1975 -604.0679 -602.1569 -608.2576 -643.7839 -636.435 -599.5294 -595.4469 -574.8593 -566.6193 -635.92 -715.8679 -715.869 -715.1065 -727.8998 -725.2062 -724.6528 -724.887 -730.7119 -723.751 -733.1154 -731.6208 -585.4512 -622.5731 -661.33 -653.0881 -630.0621 -619.5557 -553.011 -570.2108 -588.7514 -616.2688 -574.0392 -563.6683 -616.3449 -640.136 -619.8568 -602.1892 -624.672 -602.3373 -598.3823 -620.2499 -615.2687 -601.1525
-630.4518 -632.2624 -624.1725 -625.7404 -619.8692 -610.9445 -600.9354 -601.3347 -603.2839 -625.2679 -600.6173 -616.2947 -602.5349 -579.4874 -579.0494 -591.4552 -599.8762 -610.2973 -605.7463 -592.4628 -590.3057 -614.7031 -645.8984 -633.358 -598.3355 -605.7631 -574.7166 -568.549 -682.9875 -696.1653 -706.1 -708.9622 -718.4946 -715.9924 -715.9172 -717.4061 -722.4133 -722.1877 -727.395 -721.2197 -699.1147 -707.591 -701.1957 -671.8635 -639.9789 -596.9506 -574.1404 -633.8747 -619.0533 -603.6094 -560.8794 -558.6026 -612.6759 -619.6052 -603.4045 -586.4496 -606.9342 -594.8229 -596.0611 -612.8541 -602.0482 -601.563
-626.2823 -628.3594 -625.4664 -623.2938 -617.8447 -607.4958 -600.8724 -598.4839 -603.3994 -605.4888 -596.9115 -598.967 -598.696 -600.6798 -580.2547 -591.6742 -596.7784 -601.7999 -588.8685 -572.0516 -579.1086 -605.8873 -655.2136 -661.9426 -665.3869 -672.7321 -609.6231 -569.6041 -688.662 -692.4704 -702.6863 -705.7726 -709.5242 -704.5133 -705.2257 -708.6669 -721.4747 -722.592 -721.1061 -718.0519 -715.1827 -715.8398 -687.2999 -623.3591 -608.8995 -627.7579 -630.346 -646.4924 -617.7659 -599.7899 -579.9352 -569.8311 -591.623 -604.2769 -591.6917 -589.2695 -603.0848 -590.8798 -594.4539 -599.9646 -592.9703 -583.9783
-628.6653 -639.5948 -640.8254 -639.5907 -631.2767 -619.0386 -607.1665 -599.76 -602.5638 -601.5211 -587.855 -589.9014 -595.1116 -601.8391 -573.0181 -538.2168 -580.738 -592.7178 -583.5786 -591.0067 -614.5344 -633.1428 -654.5363 -656.4408 -662.4967 -679.6752 -622.8506 -596.2753 -688.8288 -691.0728 -699.881 -702.6756 -701.8565 -694.6627 -694.1473 -687.0238 -670.7463 -668.1974 -700.5991 -675.2433 -690.566 -682.4751 -608.6329 -574.52 -618.4932 -660.7698 -654.7137 -634.972 -614.1825 -594.7443 -594.7555 -586.0889 -593.508 -575.9839 -582.0772 -592.6439 -594.2919 -594.4874 -597.5201 -581.9895 -582.1316 -567.6983
-634.2104 -635.7307 -641.9766 -640.5502 -631.6372 -626.9963 -617.7645 -621.4438 -607.2229 -593.978 -585.4026 -586.4051 -596.4585 -600.5333 -593.8 -583.5599 -595.7015 -598.9902 -598.424 -609.303 -628.6608 -638.8653 -649.5828 -650.4691 -652.1459 -663.8876 -644.8281 -649.5853 -685.7714 -693.0161 -698.0555 -697.8186 -693.33 -689.8898 -688.9822 -677.5275 -635.1873 -624.2349 -669.6595 -665.6391 -669.0656 -661.4429 -568.0369 -569.3316 -621.0887 -660.9413 -653.6517 -620.0321 -602.6262 -592.1494 -600.5898 -596.8041 -604.2944 -566.4606 -578.0312 -586.408 -579.4437 -592.2861 -599.9678 -576.8286 -577.2084 -570.2125
