Dropbox/GRP Data/GRP mammal paper/NN_analysis/DATA/2014 input files/la_c_bio_12.asc
ncols         272
nrows         166
xllcorner     -214329.5541171
yllcorner     212687.1820549
cellsize      821.1860311
NODATA_value  -9999
[rows 116 to 144 of 166, columns 0 to 64 of 272]
-9999 78570.02 78761.27 79000.01 79347.4 79825.56 80104.15 80687.48 81074.24 81418.71 81660.16 81892.08 81963.15 81658.36 81711.13 81648.51 81367.04 80960.6 80813.88 80729.55 80898.66 81330.04 82030.91 82805.63 83406.22 82721.98 81255.24 78984.44 76535.69 73982.91 72351.34 71528.01 70895.44 70860.03 71057.18 72526.63 74827.26 77560.55 80061.64 80437.93 79746.78 79728.51 79796.34 80024.03 80321.33 80679.38 81000.58 81286.05 81384.4 81516.41 81891.59 82418.41 83109.5 83602.49 84064.75 84484.64 84862.29 85472.36 86103.47 86869.05 87657.35 88573.48 89398.62 90116.27 91022.84
-9999 77928.09 78191.67 78481.32 78881.63 79411.87 79836.52 80524.52 81032.58 81290.7 81507.88 81606.05 81545.52 81512.98 81506.38 81413.13 81043.9 80696.82 80655.35 80362.97 80140.52 80317.95 80957.09 81705.59 81764.36 80992.86 79708.05 78008.49 76040.69 73659.86 71730.87 71020.5 69845.42 69950.61 71044.21 72742.85 75292.32 78335.98 80972.48 80771.73 80145.94 80061.2 80310.3 80366.92 80797.61 81113.02 81326.24 81488.82 81472.68 81595.77 81969.84 82570.18 83261.22 83740.7 84286.66 84848.81 85386.61 86020.28 86690.53 87662.3 88760.2 89980.03 91152.19 91522.46 92204.44
-9999 77241.46 77539.91 77975.36 78433.94 78902.85 79536.2 80254.92 80799.91 80898.88 81043.21 81084.53 80997.98 81148.66 80986.38 80728.77 80569.16 80064.06 79932.3 79560.84 79263.53 79328.98 79666.77 80099.46 80274.74 79591.02 78379.25 77233.19 75629.83 73640.91 71675.9 70604.84 69493.48 69473.64 71002.11 72741.66 75265.82 78196.73 80907.08 80528.04 80373.49 80251.87 80546.86 80542.36 80915.59 81116.81 81192.24 81253.11 81216.15 81421.96 81684.67 82244.23 82929.98 83610.93 84195.28 84664.3 85352.02 85736.88 86529.15 87250.44 88378.19 89842.34 91417.23 92581.34 93178.69
-9999 76486.74 76883.78 77364.79 77930.65 78655.62 79208.72 79742.31 80242.13 80436.83 80639.29 80780.45 80527.54 80530.65 80366.91 80022.4 79744.76 79474.76 79053.57 78526.95 78214.74 78073.21 78095.98 78479 78361.1 77947.66 76982.14 76289.84 75358.13 73882.05 71908.8 70380.88 69211.4 69374.31 70845.74 72494.54 74838.82 77526.3 80175.56 80664.8 80498.85 80293.97 80524.5 80545.27 80522.44 80441.66 80428.93 80519.26 80737.63 81018.4 81490.73 81897.86 82434.13 83079.64 83661.23 84218.63 84625.52 85074.44 85546.62 86190.43 86976.2 88153.1 89595.78 91621.42 92585.38
-9999 -9999 76146.42 76811.44 77409.02 78045.65 78751.77 79151.82 79459.28 79644.72 79743.41 79848.73 79686.96 79568.27 79320.89 79001.38 78727.88 78433.48 78010.29 77535.63 77184.88 76847.19 76700.59 76716.65 76424.65 76131.92 75711.02 75375.66 75026.14 74099.75 72296.2 70534.93 69266.57 69490.7 70643.47 72175.98 74171.49 76764.04 79341.99 81105.75 80506.89 80181.66 80161.42 80074.31 79802.31 79613.2 79540.66 79860.72 80163.1 80671.88 81120.91 81561.63 82018.45 82509.63 83007.43 83629.24 84071.27 84466.34 84969.31 85567.41 86232.98 86623.82 88590.92 90190.2 91279.3
-9999 -9999 75539.94 76065.5 76786.27 77491.19 78106.03 78581.21 78917.05 78984.49 78978.02 79013.15 78956.13 78725.52 78513.75 78194.61 77837.66 77512.29 77174.6 76712.59 76273.6 75806.27 75486.31 75166.35 74804.05 74574.28 74438.81 74399.43 74374.11 73972.34 72776.12 70989.92 69794.24 69637.44 70375.78 71855.27 73510.92 75867.35 78217.28 79974.37 79835.84 79707.95 79460.1 79298.38 78822.52 78536.22 78727.56 79095.54 79733.11 80339.75 80893.02 81290.38 81703.01 82066.35 82625.72 82989.41 83343.44 83597.28 84098.63 84831.57 85719.46 86166.35 87256.36 88468.72 89600.83
-9999 -9999 75105.48 75569.02 76125.06 76830.64 77360.32 77741.48 77963.65 78076.91 78176.08 78182.73 78097.23 77964.14 77798.67 77458.7 77119.28 76745.92 76470.4 76076.26 75544.17 74969.4 74487.2 74011.07 73563.88 73338.98 73161.41 73251.35 73327.26 73301.07 72941.3 71193.61 69834.48 69598.48 70056.25 71224.78 72944.46 74760.93 76968.78 78991.73 79295.99 79237.8 79369.54 78539.34 77695.7 77866.42 78481.27 78899.63 79393.07 79940.52 80528.09 81012.23 81436.61 81805.96 82143.24 82433.55 82600.47 82905.75 83581.52 84560.83 85689.2 86366.01 86447.02 87243.89 87914.53
-9999 -9999 74638.95 75201.61 75563.77 76177.59 76536.8 76941.16 77141.65 77255.54 77360.75 77376.66 77328.11 77265.98 77090.05 76764.91 76493.82 76144.82 75844.24 75514.89 74940.29 74333.69 73823.23 73172.54 72669.59 72273.65 72203.19 72210.58 72074.41 72151.2 72024.46 70813.8 69590.47 69285.06 69572.05 70500.8 71886.73 73426.66 75324.68 78326.69 79758.89 79253.27 79443 78637.74 77584.5 77926.55 78408.83 78864.7 79327.75 79931.05 80434.41 80801.05 81220.79 81585.09 81786.45 81975.88 82240.58 82706.31 83612.46 84743.03 86011 86817.71 86478.3 87000.34 87372.99
-9999 -9999 74064.34 74665.95 75023.64 75582.34 75809.18 76205.64 76476.79 76568.31 76635.5 76606.39 76630.57 76565.89 76372.92 76122.37 75923.8 75717.65 75342.09 74947.43 74385.59 73899.29 73422.05 72784.91 72132.64 71633.34 71339.5 71289.41 71276.58 71337.23 70903.32 70124.7 69127.42 68919.72 68909.45 69414.58 70165.92 71340.21 73250.66 76276.89 79358.6 79607.41 80272.32 79418.63 78259.99 77990.3 78394.52 78887.82 79411.45 80006.48 80432.3 80768.93 81083.93 81440.04 81673.88 81831.33 82279.14 82904.96 83861.65 85032.54 86406.22 87517.7 87214.04 87694.53 88436.2
-9999 -9999 73567.05 74091.78 74392.83 74980.06 75152.09 75494.49 75793.02 75935.12 76006.9 75918.21 75926.18 75836.06 75669.92 75491.88 75453.36 75218.01 74863.38 74508.03 73968.05 73588.08 73018.23 72532.65 71601.75 71189 70844.26 70714.65 70456.91 70461.84 69988.02 69297.7 68376.45 68018.46 68038.91 68409.77 68718.65 69453.09 71188.52 74135.11 77771.63 80419 81985.23 80176.34 78807.2 78297.57 78498.74 78974.21 79486.53 80030.26 80410.93 80846.49 81111.22 81410.46 81752.09 82017.98 82586.41 83238.45 84091.52 85325.98 86908.95 88654.76 88316.88 89095.66 90506.36
-9999 -9999 -9999 73612.2 73809.26 74344.3 74512.14 74831.8 75106.66 75332.79 75385.13 75393.19 75402.4 75235.2 75165.54 75014.32 74979.96 74679.02 74276.91 73921.61 73566.11 73036.83 72600.55 71932.95 71393.23 70916.49 70428.43 70147.43 69873.55 69650.56 69145.23 68535.71 67763.13 67429.14 67497.56 67672.34 67762.66 68244.89 69544.17 72161.48 75631.52 79572.36 82588.97 80503.82 79151.97 78736.21 78752.01 79191.14 79672.86 80109.9 80456.93 80952.52 81259.66 81513.7 81944.93 82407.65 83041.78 83595.45 84410.06 85943.21 87803.31 90136.02 89514.31 91306.55 93169.25
-9999 -9999 -9999 73173.41 73450.23 73755.15 73949.72 74260.8 74505.43 74719.12 74795.98 74782.67 74797.92 74771.89 74597.29 74354.52 74307.58 74047.3 73732.98 73340.96 72934.78 72423.61 71922.5 71414.54 70903.33 70388.22 69959.23 69651.93 69326.28 68875.45 68292.79 68006.74 67461.16 67133.42 67173.39 67204.28 67252.76 67572.14 68487.57 70504.34 73511.23 77443.77 81445.41 80152.06 79151.67 78888.9 78948.84 79403.02 79916.61 80281.34 80617.86 81074.74 81389.91 81814.94 82274.54 82975.48 83564.06 83991.82 84925.4 87135.71 88809.84 91361.41 91246.63 94090.88 95632.48
-9999 -9999 -9999 72696.12 73092.39 73234.33 73441.03 73776.95 73843.95 73956.8 73978.84 74110.17 74092.45 74090.84 74027.77 73817.51 73723.43 73448.05 73066.59 72633.73 72171.03 71697.13 71229.79 70730.9 70204.98 69648.67 69305.85 69078.73 68707.05 68264.24 68032.04 67730.92 67362.19 66964.74 66890.84 66880.56 66934.83 67176.72 67787.76 69161.99 71549.61 75185.19 79223.11 79664.17 78929.25 78665.05 78856.14 79351.02 79836.42 80341.98 80732.28 81183.77 81643.54 82278.8 82882.5 83618.46 84118.21 84190.38 85513.4 88085.62 90735.02 91019 92838.96 95993.78 98030.59
-9999 -9999 -9999 72456.41 72640.52 72982.75 73193.09 73292.79 73413.51 73650.6 73667.38 73591.48 73508.43 73479.79 73317.54 73090.95 73019.44 72682.25 72307.4 71928.74 71475.98 70981.29 70409.8 69890.19 69300.4 68733.34 68483.25 68371.04 68239.25 68076.98 68116.77 67701.79 67350.03 66849.85 66588.58 66544.81 66590.82 66837.37 67184.24 67977.33 69723.92 72634.28 76449.95 79703.28 79324.09 78688.8 78700.76 79179.93 79671.32 80316.77 80853.99 81315.34 82038.72 82763.65 83786.01 84543.77 84929.67 85283.69 87420.16 89218.87 91905.1 91994.53 95076.59 97479.88 99726.27
-9999 -9999 -9999 72129.79 72454.05 72671.37 72797.83 73105.69 73178.8 73288.77 73313.26 73193.66 73211.64 73045.88 72682.18 72483.87 72382.76 71994.32 71679.06 71374.59 70866.4 70343.56 69707.06 68985.6 68324.55 67785.43 67512.08 67561.62 67920.63 68096.22 68267.44 67884.95 67396.48 66758.16 66298.89 66192.18 66224.4 66450.59 66648.66 66968.23 68118.58 70187.35 73533.66 77619.55 80016.82 79260.75 78919 79264.73 79882.82 80417.93 81041.41 81743.98 82514.84 83578.54 84769.98 85596.15 85605.1 87456.93 89267.7 91276.34 93190.7 93086.31 96402.23 98534.16 100692.5
-9999 -9999 -9999 71714.8 72183.43 72306.84 72456.41 72654.84 72845.65 73002.13 73016.94 72915.78 72750.92 72577.48 72312.3 72038.57 71882.52 71534.82 71255.13 70916.1 70416.28 69897.55 69243.68 68242.86 67533.52 66898.63 66355.04 66489.26 67415.52 67962.94 68614.01 68180.14 67522.11 66556.36 66087.8 66047.13 66051.02 66063.48 66081.2 66172.47 66897.34 68364.21 71062.57 74749.8 78207.72 78992.32 78959.9 79495.11 80254.61 80857.59 81499.55 82231.05 83218.41 84464.34 85699.62 86091.41 87630.36 89756.69 91681.42 93577.42 95063.95 94837.52 97772.49 99673.96 101527.9
-9999 -9999 -9999 -9999 71875.33 71964.75 72139.91 72345.3 72521.1 72647.27 72756.69 72677.54 72424.5 72322.24 72113.68 71744.88 71536.79 71241.33 70925.38 70520.7 70129.52 69670.26 68919.86 67846.47 67101.84 66170.23 65197.66 64981.77 66600.57 67803.95 68729.4 68522.13 67490.16 66380.8 65928.72 65748.02 65732.02 65760.76 65765.73 65753.8 66077.52 66714.98 68843.04 72142.63 76458.68 79223.44 79553.62 79612.77 80355.27 81128.46 81869.45 82664.48 83854.83 85236.01 86462.86 87048.39 89190.41 91351.98 93702.03 95489.25 95543.09 97326.88 99501.66 101080.3 102546.8
-9999 -9999 -9999 -9999 71687.54 71761.39 71896.27 72124.28 72260.88 72321.25 72427.45 72366.48 72269.84 72215.66 71895.84 71615.66 71310.15 71024.55 70632.61 70265.87 69889.7 69524.01 68727.84 67700.23 66963.95 66033.97 65025.64 64308.86 65863.17 66831.88 67608.59 67608.63 67040.71 66260.98 65766.6 65344.82 65157.54 65392.84 65414.47 65358.18 65350.43 65739.15 67091.04 69716.97 73712.42 78106.77 79649.63 79974.18 80149.05 81054.25 82048.01 82953.28 84161.05 85593.67 87699.07 88579.33 89757.02 92114.09 94757.28 96675.17 96333.27 99367.14 100892.8 102216.4 103495
-9999 -9999 -9999 -9999 71490.07 71538.26 71626.5 71848.63 71993.62 72071.35 72088.35 72054.72 72011.14 71935.82 71644.34 71571.92 71119.39 70926.37 70445.69 70178.48 69760.09 69434.37 68474.43 67759.05 67029.67 66260.52 65560.27 65385.62 65887.33 66521.75 66864.74 66916.23 66523.95 65918.28 65492.84 65154.11 64857.5 64998.06 64990.04 64934.32 64966.06 65069.4 65822.59 67591.8 70695.73 75194.66 78678.44 80327.75 80245.07 80916.46 81995.42 83057.2 84143.69 85842.78 88468.27 89527.05 90139.05 92241.31 94677.09 97034.05 98462.38 100024.4 101664.4 102644.8 104039.3
-9999 -9999 -9999 -9999 71217.92 71262.98 71339.55 71577.44 71662.9 71793.91 71960.45 71999.66 71850.73 71684.16 71464.72 71402.49 70945.76 70637.23 70165.59 69861.01 69473.96 68981.2 68380.25 67665.58 67103.64 66393.58 65839.46 65718.69 65811.71 66131.77 66290.7 66255.56 66096.82 65573.52 65078.27 64945.68 64485.36 64483.38 64555.81 64495.9 64559.2 64554.98 64912.77 66065.8 68168.78 71712.06 76242.41 79946.62 80710.98 81062.85 81861.42 83012.85 84074.95 85912.05 87704.25 89115.09 90569.8 91910.39 93630.63 96550.41 98391.83 100224.9 102773.3 103153.4 104496.4
-9999 -9999 -9999 -9999 70990.99 71115.59 71204.72 71302.38 71496.68 71621.37 71937.59 71927.91 71837.17 71692.14 71384.43 71173.27 70734.55 70297.66 70000.8 69613.84 69304.92 68785.52 68289.8 67645.51 67075.57 66434.84 66033.68 65805.16 65804.34 65967.27 66041.75 65890.74 65663.22 65236.3 64858.7 64604.04 64175.93 63985.74 64105.91 64146.66 64098.02 64211.34 64425.43 65086.63 66355.31 68916.5 72879.57 78082.76 80940.27 81577.41 81905.03 82871.47 83954.35 85043.4 86319.98 88006.91 89838.88 91284.96 93125.91 94909.59 98549.04 100854.1 102899.7 104191.5 105417.6
-9999 -9999 -9999 -9999 -9999 70715.16 70714.6 70836.47 71428.42 71448.09 71542.23 71537.86 71546.99 71405.25 71211.68 70820.71 70543.22 70125.7 69852.15 69532.92 69052.18 68762.86 68125 67556.56 67060.75 66472.81 66098.11 65793.79 65755.3 65679.63 65783.66 65571.16 65294.14 64945.37 64639.81 64231.58 63967.64 63639.4 63662.89 63814.75 63755.4 63946.41 64193 64449.35 65197.26 66995.15 70032.01 74741.66 80119.65 82146.39 82324.16 82444.88 82982.41 83951.23 85148.05 86705.35 88584.77 90701.55 94455.73 94460.14 96891.45 99032.03 102400.9 105981 108518.2
-9999 -9999 -9999 -9999 -9999 70489.89 70506.29 70570.75 70638.73 70783.79 70919.77 71058.46 71149.31 70944.9 70833.89 70486.14 70202.74 69939.82 69672.69 69273.91 68888.68 68643.06 68092.13 67538.23 66997.32 66481.68 66106.12 65803.81 65666.65 65483.32 65453.77 65193.2 64997.28 64635.85 64307.46 63921.71 63730 63429.9 63256.69 63409.05 63530.77 63557.64 63799.36 64211.11 64591.02 65820.91 67891.36 71685.66 77422.85 82476.29 82658.77 81938.04 81379.77 82557.05 83918.77 85528.27 87264.61 89171.94 92557.98 95410.66 98135.88 98694.17 102201.1 104588.4 105919.1
-9999 -9999 -9999 -9999 -9999 70236.66 70109.36 70208.49 70298.14 70430.27 70475.57 70532.41 70577.39 70443.87 70352.03 70146.7 69932.63 69725.43 69429.9 69050.84 68655.57 68387.24 67987.66 67491.7 66873.91 66460.88 66128.75 65857.29 65596.84 65430.56 65150.57 64886.49 64704.79 64289.25 64024.23 63660.91 63432.77 63164.8 62917.29 63166.52 63247.48 63307.13 63607.16 63890.58 64251.86 65044.45 66556.8 69510.23 73829.02 79244.65 82122.32 81618.76 81910.33 81676.95 83334.98 84984.87 86532.17 88753.92 91347.66 93888.16 97840.18 99391.78 100845.7 102327.5 103147.2
-9999 -9999 -9999 -9999 -9999 70154.67 70002.23 70056.8 70102.44 70191.67 70212.88 70115.63 70017.91 69963.72 69921.69 69840.51 69697.06 69500.19 69125.9 68817.55 68418.98 68074.76 67705.69 67307.56 66737.09 66409.24 66116.51 65865.73 65495.98 65152.79 64903.32 64634.87 64517.04 64091.88 63665.37 63464.47 63142.59 62898.11 62600.27 62593.52 62931.95 63104.59 63436.85 63868.11 64216.36 64553.96 65908.29 67826.37 71030.67 75533.97 80493.09 82482.59 82481.82 82451.99 83863.28 85402.23 87013.27 88956.63 90622.34 92426.98 95392.63 98102.67 99876.91 101926.6 103280.1
-9999 -9999 -9999 -9999 -9999 70143.39 70037.59 70076.86 70110.07 70113.34 70003.96 69828.13 69733.71 69690.46 69673.99 69513.52 69367.3 69167.07 68798.79 68508.38 68237.65 67795.61 67400.96 67022.06 66626.2 66268.66 65978.84 65718.05 65306.13 64932.8 64701.62 64396.83 64173.59 63845.75 63508.16 63112.14 62826.17 62690.98 62428.53 62452.66 62599.91 62958.43 63251.12 63550.84 63977.78 64435.61 65461.86 66770.81 69075.01 72606.17 77898.04 81945.72 82602.23 83279.16 84629.12 86316.19 87881.91 89152.06 90155.02 91400.27 92886.93 95353.27 97824.97 101019.7 104018.3
-9999 -9999 -9999 -9999 -9999 70131.06 70056.55 70087.41 70119.38 69988.42 69740.95 69621.43 69566.76 69490.05 69392.96 69116.16 68926.47 68681.27 68495.18 68243.66 67826.24 67529.32 67125.05 66742.71 66454.7 66108.38 65809.03 65295.03 65024.75 64816.58 64505.45 64096.13 64007.78 63622.88 63356.7 62890.18 62570.7 62503.76 62195.18 62067.8 62144.2 62681.64 62989.34 63317.65 63872.94 64563.87 65280.68 66336.62 67862.14 70617.97 75023.94 80429.03 82929.76 83808.59 85390.59 87107.31 88273.87 89034.22 89551.23 90466.55 91398.86 93174.24 95399.66 99443.78 104392.1
-9999 -9999 -9999 -9999 -9999 -9999 70085.46 70021.19 69937.25 69734.84 69486.43 69414.14 69238.33 69027.88 68795.05 68697.23 68526.02 68277.11 68144.68 67732.71 67473.61 67029.02 66741.13 66478.45 66090.44 65739.52 65468.57 65124.71 64877.62 64645.41 64149.18 63988.09 63792.44 63533.39 63133.14 62710.73 62392.68 62222.27 62009.57 61951.74 62026.88 62436.68 62811.94 63185.91 63822.77 64655.1 65259.75 66199.77 67312.22 69398.07 72671.15 78270.89 83390.52 84580.61 85706.3 87245.08 88032.45 88554.27 88763.28 89701.18 90651.12 92755.25 95515.38 100628.2 106719.7
-9999 -9999 -9999 -9999 -9999 -9999 70148.59 69981.86 69711.04 69604.13 69370.31 69171.05 69062.43 68547.15 68360.84 68275.24 68182.02 67902.66 67760.73 67271.6 67026.8 66612.62 66387.07 66072.09 65710.86 65482.02 65136.42 65039.08 64715.86 64429.08 64059.43 63907.78 63662.09 63376.27 62896.42 62538.94 62191.64 62045.36 61883.58 61873.36 61937 62213.77 62671.82 63136.24 63761.07 64662.68 65383.63 66266.77 67201.24 68804.77 71225.45 75622.92 82360.8 85264.32 85553.1 86699.52 87462.81 87742.65 88230.27 89367.76 90655.73 93208.17 96664.56 102081.1 108074.4
