Dropbox/GRP Data/GRP mammal paper/NN_analysis/DATA/2014 input files/la_c_bio_6.asc
ncols         272
nrows         166
xllcorner     -214329.5541171
yllcorner     212687.1820549
cellsize      821.1860311
NODATA_value  -9999
[rows 28 to 55 of 166, columns 186 to 247 of 272]
-691.1904 -702.9913 -689.6238 -682.5988 -696.0043 -677.053 -705.7252 -706.6566 -707.1651 -727.6802 -751.7814 -758.4396 -796.8563 -782.3723 -784.2042 -780.1821 -780.7402 -784.7663 -785.9653 -785.7427 -788.7601 -796.0049 -802.4863 -786.4547 -706.8642 -708.9116 -723.7452 -741.9719 -777.6544 -798.3027 -816.4091 -859.7375 -900.9731 -893.6932 -852.8138 -813.5293 -769.4151 -754.2213 -728.2856 -698.1843 -684.4351 -676.4925 -663.649 -664.2861 -673.7487 -671.869 -716.179 -721.8253 -671.8405 -688.3435 -680.296 -676.699 -728.829 -756.3774 -719.8676 -657.2953 -673.9398 -695.8741 -698.0306 -664.5891 -637.7715 -689.3541
-690.1168 -737.7715 -742.0749 -708.3612 -695.4688 -678.4996 -706.7994 -714.4188 -754.0789 -766.5295 -790.5308 -784.244 -797.773 -784.989 -779.8453 -775.7469 -778.5291 -784.3003 -785.9004 -789.4937 -792.6436 -800.2336 -807.0048 -758.9438 -673.4122 -697.3381 -763.8478 -799.5879 -813.2814 -823.0997 -848.0519 -873.497 -909.8189 -902.1551 -860.5504 -806.2218 -757.3663 -749.9052 -733.0341 -688.1779 -672.2357 -673.3412 -692.1805 -699.5768 -712.6801 -724.9769 -745.6521 -731.2141 -706.2727 -701.7021 -682.1269 -676.6415 -734.0269 -761.8664 -762.9401 -671.1224 -649.8953 -664.0186 -676.5036 -645.5773 -629.0543 -653.6158
-688.2566 -766.5317 -790.7858 -756.5352 -737.718 -710.2163 -707.4123 -748.5309 -805.7097 -802.0588 -794.749 -784.9325 -787.6489 -781.8817 -775.0955 -776.1587 -782.0148 -784.8038 -788.2094 -795.4127 -798.7371 -806.6824 -813.8132 -778.4896 -716.4185 -704.4017 -773.5012 -800.0862 -807.7672 -836.8086 -874.8611 -848.4677 -867.9914 -874.0117 -845.2901 -776.425 -726.6834 -733.118 -719.3881 -681.3193 -677.6096 -692.9288 -773.1432 -787.0667 -767.7245 -771.1902 -769.5938 -758.9646 -755.752 -737.8326 -695.7313 -687.8204 -738.7836 -760.9162 -763.4271 -745.1512 -664.5752 -650.6577 -640.7643 -638.8127 -650.114 -640.5856
-695.1599 -771.8201 -795.1569 -797.2217 -803.9733 -766.5233 -713.009 -804.7996 -803.5943 -793.5173 -787.0488 -783.1435 -775.9762 -775.5697 -774.0786 -778.1959 -784.3818 -784.8837 -793.5553 -795.6813 -800.5666 -808.7366 -814.8541 -827.3904 -819.4429 -728.0037 -718.7911 -730.4955 -749.3965 -795.4564 -817.1769 -806.0759 -801.8882 -798.1893 -771.8453 -747.9219 -691.248 -687.2107 -685.1458 -681.369 -707.3751 -742.6138 -821.1692 -834.6964 -822.4338 -799.8411 -804.0799 -798.6002 -788.8294 -762.5302 -717.8792 -708.6553 -743.0456 -760.3313 -761.0002 -754.2295 -755.5096 -721.0016 -642.2154 -637.7969 -694.2474 -626.9868
-732.2055 -788.93 -795.297 -797.3313 -803.4219 -804.2806 -721.4343 -802.8176 -795.3752 -786.9922 -783.9583 -776.509 -773.0999 -774.0122 -773.7283 -777.9653 -783.7366 -784.8343 -793.2705 -796.7715 -808.1843 -816.8836 -818.3564 -827.6109 -840.1072 -806.7433 -723.3287 -727.6788 -724.0801 -732.6834 -738.9839 -742.1865 -741.3634 -728.8788 -720.3525 -705.9029 -689.2116 -696.4271 -691.5923 -697.5165 -719.0112 -762.3315 -845.5216 -833.2308 -821.3347 -809.3134 -804.8116 -797.8115 -796.562 -771.2996 -727.5974 -718.7355 -746.754 -753.2133 -752.7458 -753.4412 -753.5069 -741.4128 -677.6301 -681.9023 -686.8326 -634.7406
-785.3157 -798.9066 -800.8331 -802.668 -805.387 -810.9963 -685.0673 -776.8309 -791.8489 -784.1479 -777.0706 -772.5764 -772.5662 -773.1945 -773.4157 -777.8837 -782.8582 -790.8098 -794.4859 -804.4554 -808.8186 -816.6198 -823.1374 -835.6206 -839.7324 -844.757 -815.3476 -795.1366 -779.643 -750.0654 -747.6913 -744.1484 -739.1877 -724.1924 -720.4235 -732.0067 -743.9594 -736.3981 -746.9317 -759.3283 -806.8901 -827.338 -837.0696 -825.0952 -815.2932 -809.006 -799.705 -796.0232 -796.5714 -793.4894 -784.1372 -772.241 -765.0607 -755.0588 -760.0801 -755.2753 -746.7523 -728.3834 -725.0182 -706.5226 -678.1448 -640.2001
-790.5479 -799.1512 -796.9294 -796.9181 -806.7697 -809.8832 -674.02 -717.7458 -774.2228 -772.6183 -767.0273 -769.6534 -772.225 -771.9914 -775.5139 -782.2399 -788.3681 -793.1711 -802.1683 -806.3507 -814.3693 -820.0266 -830.9012 -837.1487 -846.1022 -856.8628 -861.968 -859.9878 -847.9783 -845.9205 -847.5146 -837.5273 -828.5797 -822.267 -804.6222 -822.0977 -834.9705 -776.1896 -760.5565 -800.1891 -838.3008 -837.204 -828.6049 -822.8828 -811.0635 -802.6207 -796.9312 -795.4874 -796.3675 -795.6293 -790.5602 -782.2726 -773.9805 -762.9433 -762.105 -758.3802 -749.3802 -743.371 -740.9537 -727.5104 -711.5217 -678.0991
-789.9771 -799.5264 -799.3372 -802.817 -801.5063 -795.0593 -654.7674 -662.7427 -754.2189 -766.4661 -765.7856 -769.6769 -770.996 -772.2493 -779.835 -782.4699 -789.1954 -799.419 -803.9582 -806.4518 -817.6795 -824.6797 -832.6656 -837.1241 -846.9738 -858.6009 -868.8463 -870.6792 -871.3018 -875.2659 -876.9243 -873.02 -864.7144 -862.4547 -854.816 -860.8372 -865.0494 -758.9685 -743.528 -809.2231 -841.7611 -831.3777 -825.5994 -817.8857 -807.369 -800.9421 -796.5541 -796.1571 -796.0067 -792.3561 -789.3185 -783.0645 -776.8881 -770.8613 -762.8757 -760.9121 -756.5131 -752.643 -743.2615 -738.6298 -735.0261 -710.1439
-789.0554 -792.1929 -792.6128 -794.1291 -793.7986 -784.5087 -731.9944 -657.6483 -744.2842 -764.0732 -760.8521 -767.8434 -769.79 -777.4523 -780.8419 -784.6946 -791.136 -796.2825 -803.9172 -811.7249 -818.3387 -826.109 -832.6956 -841.2537 -846.4234 -857.7286 -868.702 -871.3942 -874.8958 -878.2504 -878.7602 -878.5432 -874.3624 -870.8887 -867.6505 -867.183 -871.2366 -804.9022 -792.3317 -831.9248 -841.4297 -827.714 -824.9688 -814.6605 -804.5598 -799.467 -797.1445 -796.6055 -793.384 -790.8256 -789.5522 -785.9518 -782.118 -778.84 -768.535 -765.3197 -760.0788 -756.6813 -747.4877 -741.4685 -740.7416 -728.636
-788.5668 -788.9376 -787.3084 -783.2302 -783.4361 -774.4285 -761.9515 -716.605 -726.2834 -763.3873 -761.6677 -767.8631 -769.3422 -779.9299 -780.796 -786.1683 -792.1698 -797.3318 -803.9944 -810.4113 -818.0887 -825.7321 -832.6088 -844.0279 -850.5148 -857.0353 -867.7232 -870.3506 -874.4951 -878.2004 -878.3781 -878.3563 -877.0629 -872.0872 -867.0267 -866.5479 -870.2656 -858.9758 -844.9344 -837.3859 -839.2897 -828.3542 -821.5162 -813.7489 -803.7069 -798.3415 -797.7385 -796.954 -791.1517 -790.7978 -789.8546 -788.1295 -786.1472 -783.7614 -776.5305 -769.604 -762.3901 -759.3151 -751.9391 -744.2208 -743.5056 -738.2443
-783.4979 -782.8764 -780.9202 -775.0508 -772.3284 -764.5134 -756.7629 -759.1129 -725.8388 -753.3504 -765.739 -771.6912 -773.4902 -779.858 -781.9318 -788.2272 -792.0567 -797.8653 -803.7336 -809.3369 -817.6666 -826.6777 -833.4636 -844.0427 -855.0564 -859.627 -864.6688 -865.5911 -871.7254 -876.9141 -877.731 -875.0294 -875.3887 -870.0439 -866.4513 -866.1224 -864.8749 -864.123 -842.0705 -796.5566 -824.5152 -828.6483 -816.8099 -813.6179 -804.2579 -799.1149 -798.3859 -798.0015 -791.2855 -790.7664 -790.0818 -787.8434 -785.2307 -784.0804 -781.3458 -773.7025 -768.7419 -760.4925 -753.5912 -749.132 -748.6472 -741.6649
-774.7373 -776.0441 -772.9573 -770.6458 -760.1091 -759.6252 -759.4735 -762.9651 -747.8043 -751.974 -770.5316 -776.2036 -778.8878 -782.5785 -785.1918 -790.7668 -793.6224 -795.6183 -805.7719 -816.7635 -818.9366 -828.5486 -836.1981 -844.2085 -854.6828 -864.1556 -862.8862 -861.9141 -866.6497 -873.3301 -874.8636 -869.0955 -870.6839 -865.6044 -865.9427 -865.3676 -862.4679 -861.6251 -831.227 -765.7009 -805.7454 -824.7703 -814.7797 -812.9429 -803.5567 -799.5798 -799.4117 -799.4137 -791.5692 -791.1571 -790.2384 -788.1568 -786.3968 -785.4781 -784.3624 -782.1809 -776.4605 -765.0186 -759.0544 -750.986 -747.8401 -741.719
-767.7935 -771.1111 -765.0048 -767.9208 -751.355 -759.5967 -765.5886 -765.0494 -766.2894 -772.6793 -776.5991 -777.3599 -780.5937 -788.1801 -788.9712 -791.2238 -798.0961 -801.6564 -810.5402 -821.2171 -822.0558 -827.8071 -838.6607 -843.8942 -853.8522 -862.2068 -864.5458 -861.7982 -864.2708 -866.0569 -866.0919 -866.836 -862.5598 -861.2807 -864.4523 -863.1837 -855.6584 -852.4815 -847.3406 -831.026 -825.6346 -819.014 -808.6661 -806.0223 -800.458 -800.5496 -800.0858 -799.6122 -792.4698 -792.145 -791.2285 -789.6989 -792.4625 -793.129 -792.2434 -788.4943 -779.9391 -773.4141 -762.5396 -759.3419 -749.0253 -745.2039
-763.7062 -761.6537 -757.1277 -763.1429 -757.6714 -757.3184 -765.9679 -766.3102 -769.1784 -775.8902 -777.5435 -778.8015 -787.8519 -788.0265 -788.8636 -794.5599 -800.8753 -801.6629 -803.7618 -811.8483 -815.9959 -826.7078 -832.2619 -841.1976 -852.2045 -854.208 -863.4854 -865.0964 -866.0123 -858.1124 -857.2402 -864.0604 -856.6811 -860.6228 -857.8309 -853.5769 -854.0514 -847.2059 -842.5599 -829.4614 -824.0475 -822.7714 -815.3394 -806.1162 -801.2661 -801.2031 -801.2178 -794.6677 -793.1393 -792.3332 -794.851 -798.1605 -796.3154 -800.2023 -791.8058 -790.5806 -785.7331 -774.0543 -768.6767 -760.6047 -749.9476 -734.0068
-754.7359 -754.1999 -756.5136 -762.5592 -769.7162 -767.3831 -774.3101 -774.1895 -774.6311 -776.1008 -784.1764 -788.1733 -795.9878 -788.5754 -791.4387 -797.976 -804.9716 -803.4658 -803.3053 -812.9014 -820.5624 -826.4508 -831.6878 -840.063 -843.0042 -852.2484 -856.9836 -863.8441 -864.909 -857.4498 -856.3609 -856.2652 -855.0867 -854.5782 -853.5668 -847.0076 -844.5603 -842.6978 -835.1248 -827.3752 -822.5935 -822.4581 -816.2906 -815.23 -807.4526 -802.3701 -802.0242 -801.2416 -800.4254 -799.3676 -798.7775 -798.255 -796.1735 -800.2337 -799.2496 -796.5484 -789.0966 -782.0737 -771.9857 -766.8947 -763.3816 -751.9969
-748.1184 -755.0222 -754.2968 -755.2568 -762.3192 -755.0042 -766.6822 -765.8845 -764.2858 -780.5543 -792.535 -790.038 -790.0046 -787.671 -789.5213 -792.1908 -798.5294 -801.9147 -802.9636 -806.1351 -815.6357 -826.1004 -831.6055 -840.4503 -842.0714 -851.621 -853.046 -851.582 -849.4801 -853.9877 -854.4043 -846.347 -847.2387 -846.8154 -845.4196 -837.2655 -841.4539 -834.7202 -829.8074 -823.3338 -821.8943 -817.7516 -816.7879 -812.0419 -804.7505 -803.1793 -802.8188 -802.8233 -801.839 -799.5197 -795.7527 -796.7461 -795.7595 -796.1025 -794.7126 -793.2878 -790.5501 -784.2716 -777.2343 -774.9619 -768.1772 -761.4369
-755.2806 -754.8489 -754.837 -755.3446 -757.6119 -756.3452 -755.3416 -766.4343 -769.4311 -782.1249 -759.3136 -736.5179 -783.5996 -782.4724 -785.8834 -791.176 -793.9143 -800.0498 -803.0773 -804.5595 -814.4033 -822.2141 -814.4109 -801.3025 -813.7818 -840.4279 -851.4976 -850.8593 -854.4895 -859.6865 -865.5303 -841.4016 -854.7847 -847.0236 -839.0057 -832.7323 -835.8344 -830.7771 -824.1114 -818.4551 -819.6353 -815.8785 -816.1177 -809.0933 -800.5527 -803.1292 -803.0077 -802.773 -796.5609 -794.4107 -791.9849 -791.4439 -793.3727 -793.5413 -791.7303 -791.7278 -791.4108 -788.5137 -778.7331 -759.165 -779.8375 -769.3016
-763.0344 -755.2846 -753.062 -750.1325 -751.4722 -757.2232 -757.7518 -762.2767 -725.7173 -734.1037 -736.3218 -722.4531 -752.6555 -787.8743 -789.1428 -791.502 -789.5223 -796.2643 -803.7004 -804.5808 -812.6636 -806.7582 -769.8552 -737.856 -786.7726 -814.191 -835.8193 -836.5602 -830.4327 -807.4538 -803.3403 -796.1177 -826.5496 -848.3043 -835.9896 -831.441 -827.6672 -828.7701 -819.1876 -813.8098 -814.4669 -809.8644 -810.0178 -804.3862 -800.281 -800.368 -798.9202 -798.4369 -793.0178 -787.8182 -789.5926 -787.569 -791.0652 -788.7958 -787.3237 -791.179 -778.9347 -751.8466 -733.4893 -719.9756 -767.8693 -775.0959
-755.9052 -759.2278 -754.6009 -753.6264 -754.975 -758.9303 -759.5694 -723.9772 -701.7164 -706.126 -717.1011 -719.2818 -727.4357 -759.8632 -770.5959 -785.9575 -785.4108 -794.1099 -808.499 -784.1675 -769.258 -755.978 -718.9714 -694.6193 -737.7345 -755.809 -761.9756 -773.3997 -772.7234 -733.8781 -727.3912 -735.1978 -764.1182 -803.0629 -825.5074 -827.6144 -818.6517 -823.7331 -813.8994 -808.4964 -806.7319 -803.2536 -803.7276 -799.8415 -799.7191 -795.7305 -794.2629 -793.4276 -788.7842 -782.8722 -784.875 -784.7553 -787.7956 -784.4657 -786.2067 -778.1832 -743.4246 -699.857 -684.3721 -683.6896 -726.4543 -767.5248
-734.5567 -762.202 -756.1083 -758.1069 -759.9517 -761.3156 -745.6782 -693.9793 -697.7326 -702.3361 -706.8059 -716.0503 -717.1616 -720.5151 -732.996 -752.7327 -754.8325 -755.8043 -771.8425 -739.4624 -714.6708 -707.5652 -690.8786 -683.527 -691.8705 -698.0111 -686.1003 -704.2604 -717.3509 -694.9803 -697.3235 -699.9315 -708.6228 -738.6886 -810.4498 -822.4698 -812.2192 -815.2047 -806.8041 -802.5526 -798.237 -800.0349 -801.3161 -797.5764 -794.9241 -791.8881 -792.4746 -789.4974 -783.2476 -781.4158 -778.7802 -781.4636 -785.1022 -786.7829 -777.8682 -741.8874 -712.5681 -699.1495 -697.8257 -686.6937 -690.1023 -734.6943
-720.0698 -765.6925 -755.5464 -758.2654 -761.2929 -763.6022 -742.4847 -692.6917 -696.9209 -703.192 -706.6932 -711.6464 -710.1884 -706.1528 -705.7913 -709.5931 -711.28 -700.7933 -712.6191 -709.1318 -694.8085 -693.9016 -684.6577 -684.4672 -686.6613 -682.7773 -680.0112 -686.9952 -692.7227 -692.4814 -695.2475 -698.5184 -690.1196 -716.2364 -787.8184 -819.2314 -810.4857 -808.2064 -799.8643 -797.4871 -791.1588 -794.8545 -796.7714 -781.7277 -781.7838 -789.2004 -789.2833 -782.2978 -783.7196 -783.0275 -779.1314 -781.3888 -788.5413 -790.0429 -734.2333 -701.1875 -728.7922 -741.5222 -738.2231 -733.1145 -692.2495 -689.5745
-723.6556 -768.8247 -756.5181 -757.3287 -760.7861 -760.3132 -766.1254 -700.6709 -714.4719 -711.6247 -711.9824 -706.7684 -703.5256 -709.9421 -706.5488 -704.8049 -708.9471 -709.1685 -723.915 -731.5466 -694.1189 -686.0373 -676.743 -686.093 -689.1561 -686.0356 -684.7607 -685.7462 -688.52 -691.0372 -697.0104 -716.2395 -695.3125 -680.0493 -720.3517 -806.8662 -807.7493 -805.6644 -797.9674 -791.6061 -787.295 -786.0201 -783.6315 -716.6575 -741.9574 -783.8494 -782.4102 -779.315 -775.6249 -781.1735 -780.037 -781.6127 -787.7119 -768.6766 -697.4698 -721.2809 -728.1847 -718.535 -717.8094 -726.9521 -728.1285 -703.4752
-729.3946 -761.3669 -753.4559 -752.0388 -750.8363 -739.1135 -761.9336 -715.0801 -752.6392 -733.387 -732.8177 -730.4083 -717.3926 -714.9085 -714.0696 -711.022 -711.5375 -712.8308 -727.7858 -744.6066 -718.7376 -720.2419 -704.8585 -697.4344 -692.0396 -688.4583 -685.5998 -692.3522 -681.8883 -669.0236 -676.282 -719.3755 -702.8893 -682.0596 -702.7865 -773.8326 -798.0745 -797.7646 -792.7741 -786.7155 -785.4924 -777.5557 -761.8892 -673.8525 -730.141 -782.6302 -787.0242 -773.8855 -743.3753 -746.4133 -756.0507 -760.1342 -753.8234 -706.1088 -693.3773 -731.0222 -709.0204 -700.1023 -702.4742 -730.2963 -718.0339 -702.2516
-728.0912 -740.4116 -706.9627 -724.1782 -708.1439 -699.1661 -710.8275 -710.3388 -721.219 -729.1177 -729.7578 -732.502 -739.603 -721.6187 -723.1471 -719.2453 -716.4862 -716.8577 -730.2267 -738.6971 -720.7032 -718.8009 -707.2474 -692.9597 -689.695 -688.4374 -682.2532 -678.0499 -686.8812 -709.7203 -713.0356 -725.7351 -730.5072 -682.2182 -694.8071 -748.9318 -790.1669 -787.9813 -780.1425 -778.9093 -778.0515 -770.6103 -770.7585 -722.5538 -727.2475 -730.2865 -722.7438 -706.3924 -693.925 -690.2379 -692.4748 -693.7094 -692.9753 -677.7777 -712.9348 -713.1849 -720.8171 -739.4473 -700.8458 -721.7864 -725.8953 -694.4989
-715.4825 -678.6356 -684.9338 -693.1769 -699.0177 -714.7982 -716.223 -731.8213 -750.9322 -775.7262 -769.3987 -760.2222 -736.8577 -732.8508 -727.7621 -723.2118 -718.3119 -720.3946 -722.6999 -721.9109 -715.2333 -710.874 -705.2975 -691.5838 -678.9748 -674.2697 -672.2684 -677.19 -676.916 -712.808 -715.7823 -724.5562 -738.4235 -680.2339 -693.055 -753.9374 -781.0381 -780.0199 -775.0704 -771.4191 -769.7263 -768.2549 -764.6906 -754.2781 -728.2125 -698.9512 -699.9921 -719.4061 -729.3665 -729.7491 -727.9662 -727.7997 -722.9288 -718.0594 -734.1851 -715.374 -704.9771 -714.1207 -693.9565 -722.8891 -728.3405 -683.0707
-733.0888 -709.498 -684.8011 -690.8343 -698.1796 -714.4291 -718.8011 -736.7121 -797.456 -840.9186 -840.3392 -824.079 -789.4741 -735.0083 -739.789 -738.7925 -735.5101 -725.045 -718.8954 -708.4516 -706.1215 -702.2082 -700.228 -694.1655 -684.4718 -671.3417 -673.0616 -682.0641 -699.964 -747.8749 -759.1387 -753.1825 -726.8312 -675.4839 -679.4833 -731.8083 -772.6328 -771.5894 -769.9077 -765.0389 -761.6339 -762.2076 -760.4336 -754.5401 -718.5068 -704.1725 -721.6721 -730.2549 -737.3514 -730.5942 -725.0675 -721.7873 -732.2428 -735.2166 -741.0704 -733.678 -714.5632 -707.4938 -706.7906 -718.4689 -687.8088 -692.1618
-766.1652 -747.7865 -702.577 -693.9412 -691.7399 -701.6003 -724.5029 -748.3594 -811.4931 -817.9064 -821.2924 -861.9207 -803.7047 -738.4422 -734.0972 -746.4011 -725.1743 -708.8109 -709.4718 -699.7089 -694.2906 -695.0685 -695.9083 -694.3315 -699.0753 -686.6436 -681.5775 -680.1411 -697.9553 -739.4796 -755.791 -751.4503 -707.9482 -668.9528 -672.5797 -709.9952 -753.9044 -758.1078 -759.3733 -754.4625 -752.3275 -756.9682 -757.2668 -737.6428 -697.5063 -708.9376 -733.1305 -717.912 -714.0034 -710.5454 -707.2219 -702.8183 -721.1103 -733.2367 -738.6353 -725.939 -706.6175 -688.4409 -691.7494 -692.1584 -676.0782 -716.8955
-772.5563 -759.3909 -733.9587 -713.796 -704.7729 -702.8913 -724.4096 -746.8756 -814.4278 -808.1168 -817.7354 -851.4471 -792.8121 -736.2758 -728.8972 -738.2636 -721.7479 -708.0458 -703.0082 -693.7203 -688.9446 -692.0799 -691.9224 -694.6819 -706.9737 -700.7433 -698.0763 -682.8406 -683.5517 -702.7763 -728.8355 -731.4472 -697.1484 -671.4578 -675.3976 -703.1452 -735.9409 -742.2597 -746.3844 -742.8939 -742.2648 -751.0211 -750.5425 -722.7982 -681.529 -705.856 -727.8214 -705.1766 -697.7238 -704.3152 -710.2715 -702.8692 -713.8297 -732.4473 -734.0679 -697.5882 -677.8967 -665.3267 -670.3727 -682.2396 -703.2869 -730.1506
