Dropbox/GRP Data/GRP mammal paper/NN_analysis/DATA/2014 input files/la_c_bio_12.asc
ncols         272
nrows         166
xllcorner     -214329.5541171
yllcorner     212687.1820549
cellsize      821.1860311
NODATA_value  -9999
[rows 29 to 57 of 166, columns 195 to 259 of 272]
32847.55 31865.9 31090.45 30350.72 29468.19 29120.86 28821.31 28576.05 28374.21 28325.94 28076.57 27989.1 27898.73 28032.57 28498.32 29538.14 31734.14 34597.28 38711.73 42574.36 46779.51 51644.6 55733.88 56937.13 56331.89 52639.23 46513.23 40904.84 37358.46 35855.92 34367.57 32513.72 31112.18 30634.42 30458.27 30481.29 30256.39 29753.16 29318.45 29664.47 29973.77 30204.18 30315.04 30366.41 30626.85 31131.99 32479.63 34618.7 36084.68 36589.45 36210.26 36059.92 37163.04 39254.35 42623.98 46717.13 51627.63 55397.82 57875.38 58874.59 58841.3 56904.83 53885.1 51610.13 50237.12
31572.12 30893.57 30416.49 29723.19 29086.04 28810.58 28445.35 28199.64 28044.19 27910.17 27667.75 27499.56 27335.08 27575.3 27886.78 28721.66 31128.64 33907.12 37486.79 40914.64 44659.74 48847.31 52210.99 53118.82 52186.6 48336.34 42305.07 37344.84 34698.7 33401.94 32133.14 30623.77 29537.47 29306.06 29099.15 29226.22 28984.99 28512.39 28232.48 28858.88 29332.29 29729.28 29837.74 29720.72 29677.77 30110.98 31249.26 32457.11 33347.71 34414.57 34775.45 35232.35 36536.11 39020.4 42772.32 46260.1 51132.07 54796.99 57416.63 58447.5 58107.8 56783.67 53722.58 51554.07 50499.66
30741.68 30121.41 29552.49 29163.89 28749.67 28518.3 28161.42 28001.7 27831.02 27445.26 27212.12 27058.8 26903.27 26919.77 27164.35 27682.42 29673.22 31563.28 34008.6 36608.11 39348.43 42373.66 44711.55 45112.17 43908.71 40909.92 36958.57 33393.24 31515.05 30668.82 30110.08 29268.79 28569.83 27774.87 27810.36 27857.12 27667.16 27356.44 27635.99 28531.31 28841.35 29093.65 29155.84 29311.79 29189.69 29013.15 29754.62 31245.44 32664.64 33707.72 34568.76 35420.48 36634.28 39285.59 43910.75 46860.02 51076.55 54131.18 56665.93 57477.02 57033.13 55706.98 53160.25 51302.02 51086.08
30179.55 29292.34 28899 28808.86 28304.98 27955.66 27759.32 27619.6 27342.81 27144.9 26939.17 26566.05 26192.51 26169.8 26245.47 26662.63 27632.67 28764.66 29734.45 30713.23 32066.75 33790.98 35036.27 35680.79 35006.83 33189.89 31162.16 29630.35 29255.3 29273.38 28954.21 28221.9 27539.63 26937.14 26911.14 26797.7 26719.74 26887.24 27616.27 27984.15 28537.79 28909.19 29024.04 29068.44 28596.29 28538.05 29212.77 30626.43 31955.19 33278.38 34401.88 35152.92 36656.55 39520.11 44412.44 47287.64 50831.05 53589.78 54866.92 55707.54 55233.8 52961.54 51241.49 50165.35 50544.98
29676.93 29005.64 28686.28 28274.55 27982.08 27825.31 27656.09 27401.67 27134.68 26836.16 26528 26142.76 25999.34 25724.13 25541.4 25861.87 26205.34 27021.73 27650.32 27878.51 28082.31 28629.69 29356.23 29672.78 29305.89 28578.32 28179.19 28173.3 28292.23 28262.88 28040.33 27277.13 26796.73 26213.73 26003.85 25996.84 26284.73 26652.5 27184.21 28012.73 28161.48 28359.29 28518.6 28447.95 28327.5 28463.34 29192.38 30549.1 31884.38 33219.6 34524.29 35537.35 37261.58 39981.52 44672.29 47424.47 49978.3 52014.34 53171.34 53656.41 52291.59 50075.06 48963.99 48871.48 49813.42
29701.77 28927.42 28573.01 28266.68 27907.97 27784.8 27387.91 27015.01 26822.62 26581.71 26259.09 26000.64 25712.05 25501.24 25306.23 25254.86 25346.85 25706.34 26142.89 26192.52 26279.83 26466.71 26635.2 26738.35 26784.98 26766.28 26964.36 27219.8 27465.64 27496.08 27188.4 26462.79 26052.14 25424.32 25870.78 25902.09 26072.64 26430.04 26922.16 27328.42 27719.49 27983.01 28061.91 27783.69 27835.93 28354.66 29110.51 30206.05 31335.02 32620.8 33839.01 34821.23 36843.67 39375.3 43634.34 46176.49 47423.16 48478.39 49505.18 49852.83 48924.66 47271.65 47036.93 47358.5 48473.66
29756.96 28914.99 28542.18 27959.89 27748.33 27540.1 27242.97 26832.89 26644.97 26349.88 26015.63 25774.61 25479.97 25241.66 25037.28 24882.39 24830.24 24883.79 25206.26 25182.82 25181.04 25237.65 25323.68 25382.08 25533.79 25706.44 25965.92 26450.27 26703.82 26594.08 26348.86 25848.23 25390.41 25172.87 25667.79 25865.71 25959.32 26202.49 26547.79 26785.49 27114.44 27279.78 27429.8 27346.05 27402.82 28036.57 28834.29 29672.43 30637.09 31772.82 32779.7 33628.96 35416.5 37562.97 41093.62 43610.66 44453.57 44728.38 45722.55 46049.06 45808.11 44993.7 45455.74 46067.92 47062.76
29737.44 28840.2 28444.36 27868.14 27703.58 27416.65 27042.13 26695.4 26387.47 26105.62 25927.85 25612.6 25308.56 25030.64 24821.4 24625.67 24459.18 24454.63 24600.48 24568.92 24498.06 24510.01 24568.27 24624.05 24767.29 24986.13 25230.87 25591.27 25864.53 25778.8 25760.61 25512.69 25188.94 25091.48 25110.79 25286.81 25452.64 25850.85 26133.43 26319.91 26541.74 26718.93 26961.42 26953.28 27178.99 27803.5 28453.47 29267.08 30056.15 30932.23 31762.79 32701.86 34015.89 35671.8 38199.69 40436.41 41456.66 41819.11 42477.49 42839.59 43193.66 43187.15 44092.18 44963.43 45786.82
29615.94 28737.59 28400.06 27851.44 27630.93 27311.48 26872.78 26584.86 26213.86 25995.46 25889.18 25439.03 25162.5 24878.38 24659.07 24458.3 24290.97 24300.64 24321.36 24298.39 24241.97 24243.16 24271.28 24317.95 24413.88 24563.42 24729.37 24878.89 25272.07 25343.19 25473.49 25317.11 25176.48 24934.13 24718.68 24806.12 24969 25488.78 25758.24 25905.5 26054.17 26242.51 26484.65 26627.53 27078.58 27676.67 28252.05 28996.48 29617.79 30232.79 31075.24 32024.28 33092.23 34406.12 36002.76 37730.98 39003.87 39797.44 40128.71 40601.63 41294.46 41729.35 43055.5 43896.07 44691.59
29644.66 28802.43 28487.5 27861 27488.37 27092.22 26738.34 26491.38 26163.6 25991.09 25781.77 25262.76 25024.88 24800.88 24568.66 24402.06 24270.05 24281.32 24270.53 24251.83 24243.75 24245.47 24286.34 24330.39 24375.34 24405.35 24442.5 24470.79 24928.91 25108.27 25189.97 25043.22 24978.1 24712.21 24735.22 24839.03 24916.58 25235.9 25448.01 25662.7 25741.45 25846.81 26071.51 26522.15 26946.14 27622.06 28306.31 28778.97 29265.79 29762.84 30739.68 31417.46 32522.21 33662.08 34849.64 36198.41 37441.44 38260.54 38810.6 39449.96 40168.8 40655.4 42296.88 42855.16 43689.81
29915.04 29086.41 28600.08 27863.35 27364.72 26869.71 26615.65 26405.43 26110.5 25962.68 25672.48 25192.54 24956.43 24807.07 24568.59 24396.9 24265.54 24291.62 24269.38 24257.07 24255.43 24264.72 24312.11 24357.22 24390.98 24395.46 24383.85 24250.98 24520.14 24708.71 24688.82 24684.13 24675.29 24525.65 24763.1 24848.32 24971.92 25061.07 25247.89 25539.75 25743.94 25971.95 26251.68 26565.21 26789.61 27744.96 28354.98 28723.51 29013.77 29540.88 30515.18 31168.81 32298.59 33242.87 34554.12 35637.08 36277.32 37060.53 38034.19 38797.8 39552.52 40043.48 41362.68 41865.6 42598.54
30254.22 29416.92 28650.6 27800.43 27346.66 26833.45 26553.27 26347.72 26004.54 25877.23 25696.43 25241.91 25011.88 24864.47 24606.04 24365.19 24281.38 24318.82 24293.12 24278.95 24272.36 24297.59 24353.66 24387.61 24405.4 24336.08 24274.04 24228.66 24306.85 24388.4 24380.54 24513.36 24516.12 24543.41 24787.38 24863.21 24946.77 25038.14 25183.65 25309.36 25668.78 26013.92 26193.39 26540.53 26832.68 27630.32 28375.54 28722.15 28893.19 29345.61 30330.82 31233.56 32320.95 33455.09 34604.63 35457.37 35816.85 36614.99 37642.04 38498.75 39393.78 39789.43 40386.57 40725.43 41634.58
30531.77 29583.7 28798.54 27797.28 27393.93 26824.9 26553.13 26322.42 25998.48 25796.23 25689.19 25214.67 25044.67 24963.68 24668.84 24589.09 24304.21 24318.06 24289.45 24291.75 24307.05 24332.35 24372.76 24415.18 24368.83 24322.87 24322.48 24086.24 24191.91 24258.48 24253.88 24265.35 24324.87 24577.21 24802.8 24854.06 24943.87 25048.36 25194.89 25238.94 25550.25 25848.62 26177.5 26715.04 27006.96 27546.14 28123.45 28523.97 28972.62 29599.58 30485.38 31336.53 32688.2 33964.06 35076.92 35735.45 36239.92 36502.71 37374.9 38228.19 38980.03 39394.2 39704.97 39745.55 40379.51
30618.53 29595.7 28648.18 27967.82 27292.58 26638.02 26259.29 26055.85 25759.55 25697.82 25614.1 25559.92 25280.16 25075.42 25056.12 24636.25 24226.69 23502.12 23446.56 24048.97 24321.97 24348.46 24402.11 24425.6 24403.25 24346.01 24319.65 24092.7 24255.17 24380.49 24325.46 24275.02 24320.01 24663.66 24821.66 24868.1 24939.1 25091.97 25193.52 25515.93 25685.28 25860.36 26219.53 26486.39 26950.8 27759.13 28205.33 28826.62 29375.55 30040.19 30672.46 31631.16 33122.3 34238.37 35168.21 35693.6 36184.79 36647.41 37248.7 37597.44 38195.9 38751.81 38925 38780.66 39008.75
31137.8 30195.45 29366.19 28487.21 27649.96 27037.68 26427.11 25927.5 25913.84 26094.27 26047.86 25972.23 25890.9 25841.18 25720.67 25500.07 24881.62 23910.1 23771.61 24231.33 24471.65 24408.14 24437.49 24474.96 24443.35 24383.94 24446.31 24191.76 24269.53 24388.31 24397.5 24402.82 24435.42 24775.8 24937.46 24997.23 25022.91 25128.97 25472.91 25632.57 25704.33 25917.41 26193.07 26491.32 27280.64 28004.35 28660.68 29400.62 30033.16 30824.49 31301.12 32288.9 33281.61 34165.45 34926.3 35388.62 35943.4 36547.7 36939.26 37220.57 37431.7 37791.56 38094.91 37970.3 37850.96
32132.77 31223.8 30454.26 29227.96 28261.15 27234.2 26514.6 26155.42 25993.94 26243.01 26411.96 26457.87 26625.28 26735.14 26591.87 26238.83 25531.14 24423.39 24265.2 24370.52 24478.89 24673.44 24966.47 24801.27 24476.83 24340.61 24408.4 24332.87 24391.23 24498.73 24439.46 24507.92 24586.27 24955.99 25046.69 25157.4 25168.74 25266.57 25587.33 25661.66 25823.57 26181.23 26411.91 26728.55 27464.39 28187.14 29045.74 29866.66 30721.99 31598.72 32186.79 32899.63 33456.18 33887.73 34444.41 34968.66 35569.37 36192.48 36596.02 36994.4 36874.96 36949.08 37177.25 37069.04 36872.92
33252.22 32303.34 31436.39 30226.05 29120.62 27959.44 27068.82 26366.22 26258.39 26252.14 26187.59 26249.82 26539.17 26794.28 26781.97 26373.8 25748.09 25017.96 24869.71 24901.91 25106.45 25464.61 25786.87 25494.52 24988.5 24660.69 24603.31 24548.56 24482.62 24660.58 24518.15 24623.67 24752.84 25102.66 25348.98 25405 25361.25 25433.39 25565.54 25734.52 25996.34 26315.72 26657.22 27102.57 27713.61 28585.85 29482.91 30377.23 31429.34 32280.19 32910.25 33168.26 33290.84 33525.93 33868.41 34444.27 35167.88 35939.58 36525.77 36964.08 36696.19 36615.02 36531.43 36450.73 36333.9
34382.05 33370.3 32409.63 31451.47 30146.39 28994.65 27973.98 27088.75 26782.41 26567.17 26526.13 26705.68 27063.65 27188.58 27294.57 26930.59 26464.22 25966.43 25717.44 25860.27 26106.44 26455.33 26652.22 26391.52 25841.92 25261.72 25002.77 24710.46 24622.78 24833.9 24729.3 24793.5 24937.67 25248.07 25742.64 25677.83 25556.8 25649.64 25709.91 25923 26214.74 26480.33 26918.71 27478.07 28062.98 29173.27 30362.26 31361.68 32617.13 33577.48 33847.61 33656.22 33086.27 33051.65 33258.7 33800.74 34648.4 35661.28 36522.03 36933.65 36746.65 36558.07 36309.16 36335.5 36050.91
35446.28 34535.57 33449.36 32588.73 31332.41 30242.21 29210.1 28440.48 27913.92 27746.19 27988.35 28346.04 28629.42 28606.2 28754.28 28354.48 27912.2 27333.72 27005.71 27125.16 27164.98 27290.2 27458.94 27276.04 26698.42 25954.82 25409.17 24881.97 24921.64 25000.78 24944.61 24975.89 25070.9 25485.69 26055.93 25974.32 25779.98 26032.1 26150.8 26226.77 26531.27 26889.15 27237.04 27674.12 28318.9 29702.95 31634.16 33246.99 35120.33 36494.28 35951.77 34734.5 33349.36 32619.68 32671.11 33174.98 34115.32 35230.4 36243.07 36681.47 36707.54 36447.14 36374.43 36409.24 35643.4
36477.21 35559.63 34308.66 33389.93 32357.69 31413.86 30565.1 30011.66 29780.17 29952.53 30301.42 30662.54 30816.01 30813.62 30828.28 30148.69 29529.38 28971.47 28653.7 28541.84 28375.51 28235.99 28408.72 28115.36 27486.33 26706.21 25870.46 25302.75 25268.03 25134.42 25030.64 25150.6 25190.78 25898.91 26463.45 26520.88 26204.45 26653.57 26820.04 26812.99 27072.86 27358.28 27536.8 27682.58 28544.37 30270.77 33126.85 36415.05 39323.36 40976.95 39412.07 35717.63 33692.02 32575.6 32242.44 32751 33955.09 35095.51 35888.41 36431.59 36541.98 36519.34 36636.19 36293.21 35228.61
37809.57 36590.51 35253.79 34257.3 33177.97 32317.28 31751.54 31480.53 31832.37 32531.04 32868.01 33147.84 33487.05 33300.66 32902.61 31764.38 31034.43 30653.96 30156.73 29919.83 29830.37 29992.86 29925.64 29106.9 28294.99 27333.09 26532.23 25869.02 25461.56 25296.18 25394.41 25476.37 25714.53 26623.65 27352.01 27554.17 27100.66 27537.1 27995.88 28304.59 28283.83 28250.23 28392.06 28114.22 29041.57 31563.74 36462.93 41218.3 43677.34 44582.29 42304.28 36778.43 33612.12 32297.29 31907.65 32160.25 33291.58 34740.6 35643.59 36462.25 36625.67 36690.28 36976.29 36442.63 34921.82
40058.92 39066.14 37738.88 36239.91 35076.93 34004.88 33277.83 32989.91 33420.06 34139.08 34318.04 34601.74 34779.21 34316.73 33672.07 32374.44 31658.74 31732.51 31670.32 31851.3 32126.84 32088.73 31494.85 30332.01 29153.79 27963.42 26890.45 26318 25892.89 25754.88 25628.84 25651.65 25822.15 27189.47 28161.38 29056.45 28956.05 29372.31 29274.13 29506.97 29205.73 29126.14 29028.2 29242.13 30316.07 33600.92 39716.7 44426.26 46335.7 45530.21 42711.11 36928.45 33054.54 31660.81 31220.5 31669.73 33042.09 34561.68 35530.93 36314.25 36549.51 36667.23 36398.14 35405.66 34485.36
43053.49 41636.7 39996.91 38161.68 36483.12 35049.08 34275.18 34240.98 34313.09 35056.72 34852.54 35025.66 35283.52 34687.41 34043.2 32869.46 32271.38 32186.11 32378.19 32894.59 33281.02 33468.05 32648.12 31106.24 29843.26 28660.27 27331.4 26754.18 26291.86 25875.45 25670.62 25709.57 26373.04 27629.47 29014.44 30123.19 30228.17 30492.44 30389.63 30813.96 30751.7 30686.87 30657.46 30781.67 31954.65 35287.01 40383.84 45131.9 46604.72 45217.34 42095.1 36213.23 32464.13 31070.07 30872.7 31103.64 32413.59 33821.46 35002.97 35749.88 36131.21 36125.61 35503.98 34841.27 33973.92
48081 46299.06 44218.26 41218.14 38483.8 36622.95 35671.02 35321.55 35280.13 35593.26 35433.35 35232.24 35293.06 34954.68 33915.2 32562.39 32027.69 32255.23 32682.38 33223.51 33687.03 33974.56 33150.29 31683.86 30367.08 29118.77 27694.1 27144.59 26832.92 26251.82 26063.75 26188.94 26735.47 27863.04 29708.94 31027.85 31151.15 31451.99 31738.56 32739.66 32837.15 32690.06 32707.17 32734.57 33488.44 35541.59 39557.42 42770.63 42972.59 41309.39 38657.71 33844.68 30987.31 30204.59 30244.68 30623.98 31745.44 32975.34 34137.17 34805.05 35510.21 35576.1 34760.59 34256.28 33176.44
53737.01 51946.39 48745.09 44158.64 40596.81 38513.96 37581.36 36757.05 36161.81 36105.91 35572.07 35341.71 35103.03 34770.2 33771.07 32557.87 31883.63 32123.03 32508.76 33196.96 33859.01 33941.71 33231.06 32187.06 30767.35 29433.27 28034.78 27510.92 27286.99 26770.24 26609.68 26662.95 27147.45 28411.55 30457.47 32272.1 33032.34 33360.58 33747.64 34545.29 35014.19 34957.84 34590.69 33892.01 33970.41 35082.66 37045.45 38152.62 37616.87 35934.19 33750.02 31291.51 29675.69 29253.34 29474.88 30270.75 31260.75 32295.25 33215.45 33980.07 34870.7 34965.16 34375.39 33700.08 32630.17
58230.32 56608.14 52131.63 46525.75 42119.52 39955.43 39133.46 37981.2 37041.45 36684.12 35757.28 35592.13 35250.31 34586.84 33886.64 32786.8 31964.41 31858.13 32140.59 32950.68 33616.93 33656.75 33300.11 32477.81 31203.73 29806.71 28577.31 28071.68 27803.45 27457.43 27306.16 27270.07 27668.44 29127.95 31474.78 33687.45 34974.8 35575.82 35982.7 36500.92 37171.87 37102.84 36209.5 34785.11 34004.86 34345.82 34217.01 33971.94 33239.81 31845.3 30165.52 29277.51 28711.84 28558.63 28796.57 29621.42 30619.3 31678.6 32454.49 33273.52 34097.26 34320.19 33923.5 32981.83 32186.85
60573.79 58936.09 53986.68 47958.61 43253.88 40963.36 40202.68 38978.61 37764.98 37331.11 35939.96 35797.15 35461.53 34707.95 34055.17 32946.69 32148.11 31870.73 32146.54 32868.94 33512.39 33787.92 33611.3 32795.57 31698.65 30271.39 29131.48 28738.44 28418.36 28223.45 28075.84 28057.03 28442.93 29874.57 32489.22 34933.64 36552.3 37271.06 37444 38115.3 38864.21 38693.27 37377.69 35649.8 34131.11 33488.05 32209.12 31400.61 30581.62 29685.14 28594.66 27935.32 27890.61 28107.2 28247.56 28761.54 29691.2 30848.93 31739.5 32648.74 33332.37 33530.88 33201.84 32379.11 31746.83
61291.08 59459.13 55143.32 48953.76 44231.52 41576.66 40720.06 39625.95 38316.88 37968.57 36288.57 36060.99 35695.44 34984.75 34191.57 33109.64 32423.93 32144.16 32475.1 33151.4 33730.44 34382.59 34203 33346.79 32295.26 30828.75 29534.98 29224.71 28980.65 28922.13 28742.33 28750.98 29260.5 30610.47 33023.09 35752.6 37734.5 38066.08 37903.54 38748.23 39464.32 39192.28 37805.45 36070.75 34206.95 32780.76 31288.08 30111.13 29141.52 28590.2 27866.58 27329.56 27267.12 27657.98 27730.92 28031.16 28697.34 29721.88 30832.72 32094.19 32775.92 32720.16 32485.76 32223.32 31703.19
61306.54 59371.31 56151.82 50396.58 45262.62 41940.22 40739.13 39796.77 38811.43 38555.6 36933.46 36602.01 36132.07 35254.59 34484.18 33472.23 32863.28 32471.39 32838.58 33768.23 34141.73 35020.27 34930.96 34002.19 32974.32 31457.42 29928.62 29472.96 29406.01 29517.3 29249.09 29160.81 29614.11 31068.21 32849.38 35831.63 37992.19 37991.54 38068.73 38559.03 38704.8 38149.05 37279 35845.18 34029.03 32684.07 31338.78 29996.44 28905.9 28220.07 27437.12 27389.7 27121.79 27247.06 27266.88 27323.01 27811.56 28601.25 29820.62 31394.77 32200.83 32463.72 32048.13 32124.61 32366.39
