Dropbox/GRP Data/GRP mammal paper/NN_analysis/DATA/2014 input files/la_c_bio_1.asc
ncols         272
nrows         166
xllcorner     -214329.5541171
yllcorner     212687.1820549
cellsize      821.1860311
NODATA_value  -9999
[rows 39 to 77 of 166, columns 88 to 175 of 272]
-9999 -9999 -9999 -9999 -9999 -9999 -9999 -9999 -9999 -9999 -9999 -9999 -9999 -9999 -9999 -9999 -9999 -9999 -9999 -9999 -9999 -9999 -9999 -9999 -9999 -9999 -9999 -9999 -9999 -9999 -9999 -9999 -9999 992 942 933 930 919 908 895 889 897 908 909 912 895 893 892 890 890 890 887 883 878 891 905 902 886 884 879 872 871 871 870 867 866 867 861 865 871 877 877 884 876 857 829 773 754 738 721 711 716 715 712 699 679 668 692
-9999 -9999 -9999 -9999 -9999 -9999 -9999 -9999 -9999 -9999 -9999 -9999 -9999 -9999 -9999 -9999 -9999 -9999 -9999 -9999 -9999 -9999 -9999 -9999 -9999 -9999 -9999 -9999 -9999 -9999 -9999 987 982 976 934 914 886 864 885 882 873 885 899 902 894 878 874 869 876 880 883 847 846 849 869 896 895 892 887 884 876 874 876 874 875 868 870 868 872 883 890 887 885 869 843 820 767 752 726 702 696 692 691 688 681 666 645 670
-9999 -9999 -9999 -9999 -9999 -9999 -9999 -9999 -9999 -9999 -9999 -9999 -9999 -9999 -9999 -9999 -9999 -9999 -9999 -9999 -9999 -9999 -9999 -9999 -9999 -9999 -9999 -9999 966 975 968 961 961 958 915 901 866 846 862 864 861 867 876 883 879 869 864 858 863 866 860 809 794 824 854 865 882 884 879 861 870 873 873 872 876 870 868 870 872 880 883 878 874 859 833 800 759 748 722 690 679 671 669 655 643 646 637 635
-9999 -9999 -9999 -9999 -9999 -9999 -9999 -9999 -9999 -9999 -9999 -9999 -9999 -9999 -9999 -9999 -9999 -9999 -9999 -9999 -9999 -9999 -9999 -9999 -9999 -9999 996 926 934 941 936 931 933 927 885 870 854 840 844 851 847 848 852 861 869 866 859 852 850 850 841 794 768 802 841 832 847 855 854 826 842 851 851 852 865 865 861 862 863 867 856 848 846 842 825 776 753 744 729 692 663 648 648 614 584 590 632 619
-9999 -9999 -9999 -9999 -9999 -9999 -9999 -9999 -9999 -9999 -9999 -9999 -9999 -9999 -9999 -9999 -9999 -9999 -9999 -9999 -9999 -9999 -9999 1003 1013 1038 1026 932 926 918 913 907 904 898 870 849 835 828 831 841 837 837 842 851 865 865 857 847 839 837 830 804 777 784 825 815 812 826 825 811 811 812 815 823 845 844 844 850 851 845 806 795 791 809 788 753 747 740 730 699 639 632 635 616 539 515 600 657
-9999 -9999 -9999 -9999 -9999 -9999 -9999 -9999 -9999 -9999 -9999 -9999 -9999 -9999 -9999 -9999 -9999 -9999 -9999 -9999 -9999 997 999 999 1024 1045 1017 938 925 909 900 892 885 880 868 844 819 815 824 831 831 833 840 852 861 860 852 845 836 828 820 815 795 779 806 803 809 811 802 799 797 796 793 797 804 805 806 830 822 811 777 759 769 778 771 758 735 723 719 694 632 631 630 615 540 488 594 678
-9999 -9999 -9999 -9999 -9999 -9999 -9999 -9999 -9999 -9999 -9999 -9999 -9999 -9999 -9999 -9999 -9999 -9999 972 977 985 992 997 998 1013 1040 1002 942 917 901 890 882 877 869 864 842 813 806 813 816 821 829 837 850 854 848 841 836 829 818 813 808 801 791 788 792 784 793 794 784 783 785 789 791 793 792 786 779 770 761 773 758 757 759 756 731 720 714 701 677 639 626 621 619 550 509 597 672
-9999 -9999 -9999 -9999 -9999 -9999 -9999 -9999 -9999 -9999 -9999 -9999 -9999 -9999 -9999 -9999 994 959 967 971 979 986 993 997 995 1031 992 949 907 891 882 874 869 859 853 833 806 795 793 790 805 824 829 843 849 840 818 809 809 806 800 803 797 789 784 783 780 781 782 773 780 785 777 779 782 780 775 767 758 755 766 766 751 741 733 724 704 694 676 628 636 618 620 619 581 522 599 665
-9999 -9999 -9999 -9999 -9999 -9999 -9999 -9999 -9999 -9999 -9999 -9999 -9999 955 930 981 988 967 961 965 973 980 987 992 993 1031 980 964 905 884 875 866 860 855 841 821 801 791 785 780 798 813 813 823 817 805 781 789 795 773 759 776 793 792 782 775 774 774 771 768 766 767 771 768 771 769 765 758 752 756 772 781 758 740 729 719 698 682 661 609 627 623 624 623 612 560 605 668
-9999 -9999 -9999 -9999 -9999 -9999 -9999 -9999 -9999 -9999 -9999 919 930 947 957 959 991 983 956 960 966 973 980 986 988 1029 996 985 910 881 869 859 855 850 839 814 794 783 775 771 780 797 801 789 768 740 744 764 756 720 706 719 752 772 767 767 764 764 762 759 755 759 764 764 767 770 766 756 743 747 765 782 768 746 724 715 695 668 641 609 626 628 630 632 632 592 605 650
-9999 -9999 -9999 -9999 -9999 -9999 -9999 -9999 886 906 908 914 919 940 954 940 988 980 957 954 960 965 974 982 985 1005 1013 996 919 879 866 857 852 849 839 808 782 773 766 761 765 770 771 764 750 730 734 739 728 690 670 681 717 744 749 758 760 756 753 755 752 758 763 762 763 768 762 751 736 735 747 765 764 740 714 708 691 654 621 618 631 630 634 641 641 607 604 623
-9999 -9999 -9999 -9999 -9999 -9999 858 869 880 897 904 910 925 938 956 962 977 992 962 947 957 963 976 984 988 996 1020 999 920 878 864 855 849 847 839 807 780 768 757 748 748 752 754 753 744 730 728 732 712 675 653 669 703 732 735 745 751 746 740 746 750 754 756 755 754 758 754 746 737 729 734 741 737 714 701 697 682 639 612 629 637 637 639 645 645 618 610 616
-9999 -9999 -9999 -9999 838 844 846 854 874 892 899 902 914 916 935 957 977 1001 963 946 954 960 970 979 987 995 1005 993 935 872 855 849 845 844 842 816 783 764 750 741 738 741 744 747 743 732 723 729 707 669 655 675 708 732 727 735 738 735 727 733 736 735 724 729 737 739 743 745 731 725 726 722 707 683 680 678 670 629 613 634 640 643 649 647 647 618 614 613
-9999 813 813 818 825 834 841 844 851 861 872 867 841 807 871 948 970 994 959 940 949 957 966 974 987 994 995 991 940 873 851 845 842 843 843 825 788 762 748 740 736 737 739 744 742 733 720 719 713 692 687 702 719 727 722 727 726 726 717 716 713 703 676 692 717 718 726 737 708 712 709 708 697 658 649 655 662 640 632 638 641 650 657 658 655 621 618 615
802 793 790 797 802 804 823 837 831 772 769 772 775 774 821 897 947 965 978 958 949 955 963 970 986 995 994 986 927 865 848 839 838 840 842 833 795 763 748 740 736 737 739 743 742 734 720 707 716 720 718 722 719 714 714 717 718 723 705 696 703 683 672 693 705 712 712 710 703 709 701 684 672 626 618 649 659 648 638 639 640 643 660 678 673 625 619 624
794 789 786 789 791 796 811 824 783 714 664 664 733 779 807 848 883 914 968 983 957 955 960 967 983 995 992 981 913 853 844 833 831 834 837 837 807 766 747 740 737 738 740 744 743 735 722 711 702 692 690 693 701 708 712 704 710 706 686 673 672 682 670 690 696 679 674 700 701 703 695 684 679 660 646 652 656 652 640 655 646 641 660 683 674 628 624 615
799 788 785 786 785 789 799 795 736 698 630 609 708 784 803 822 833 871 944 998 978 963 967 968 981 992 990 980 914 850 838 829 826 827 830 834 823 775 746 740 738 739 742 746 744 736 723 715 711 708 712 714 714 713 714 709 700 692 686 670 668 666 669 689 684 639 607 657 678 691 696 674 681 666 653 651 656 661 653 662 655 658 675 688 681 661 630 620
820 793 784 784 783 780 771 744 712 707 671 652 715 779 796 812 819 851 932 999 1000 984 987 979 986 991 990 980 918 849 832 825 823 823 827 832 830 795 749 740 739 741 744 746 747 737 727 720 719 716 716 715 717 719 717 712 706 691 677 668 666 666 670 679 681 650 619 646 667 669 690 678 685 665 666 671 671 663 667 676 677 681 688 692 689 687 668 648
835 802 781 777 770 747 716 695 698 710 721 729 741 771 789 801 812 844 925 987 998 1000 1003 1000 1004 995 992 977 916 847 827 821 819 821 824 826 828 817 753 741 740 742 744 743 745 738 730 727 723 720 719 716 716 717 708 712 704 692 676 669 671 673 677 675 666 648 635 641 656 664 674 664 669 667 670 676 674 669 676 682 692 693 693 690 694 700 700 686
835 804 774 763 739 692 647 649 672 693 720 733 745 765 779 790 805 838 921 946 971 977 981 989 991 988 983 970 916 848 818 815 815 816 820 822 823 817 757 743 740 742 744 743 740 734 727 723 716 713 710 708 707 706 703 701 686 675 668 671 673 662 667 666 661 655 652 651 661 667 664 657 660 668 667 673 676 680 683 685 694 695 697 693 698 703 710 712
829 794 759 746 698 640 580 569 633 671 709 724 742 758 773 782 800 832 916 922 927 942 946 938 953 976 973 961 903 837 807 806 807 808 808 811 814 813 765 745 742 743 743 742 735 728 721 718 710 707 704 703 702 699 697 693 674 649 655 672 672 647 652 651 655 657 660 664 667 663 659 658 660 663 663 674 683 687 689 691 692 694 702 695 693 694 709 719
820 785 747 721 666 552 444 543 590 609 664 693 726 745 756 768 785 803 825 905 917 872 840 868 920 949 962 950 889 831 792 787 787 789 789 794 799 804 778 752 741 742 742 739 731 724 717 713 709 707 705 704 702 696 687 685 659 624 642 670 671 641 641 640 640 643 650 661 656 652 651 653 657 659 663 675 684 688 691 692 691 694 700 675 666 668 695 721
803 765 735 702 642 477 412 435 507 579 636 689 710 716 744 756 772 786 798 829 891 855 814 851 904 918 943 939 894 822 787 770 771 772 776 779 783 790 783 764 747 744 740 734 727 722 715 710 710 709 708 705 702 695 676 677 640 608 628 660 665 636 636 637 637 636 637 647 645 648 650 653 657 662 669 678 685 689 692 692 692 698 702 689 660 650 689 720
759 749 728 708 647 548 470 480 519 584 643 679 699 705 707 698 752 777 803 813 875 868 855 864 887 915 931 929 902 814 779 762 762 763 768 769 770 775 778 772 758 752 744 731 725 721 715 710 709 708 707 701 690 686 666 673 644 617 617 640 651 630 633 633 633 633 635 639 644 644 647 651 658 665 667 674 684 691 693 694 693 696 702 703 705 690 698 720
699 750 735 713 655 596 581 584 594 622 653 679 686 700 696 700 746 774 825 831 865 872 879 879 885 921 924 921 905 815 769 758 753 755 759 759 759 762 767 768 764 758 753 731 724 721 715 710 705 704 704 684 660 658 662 665 654 642 642 646 649 625 629 631 630 631 633 636 639 643 646 649 655 667 670 670 672 678 682 693 692 695 704 710 713 711 714 718
688 740 726 685 647 626 629 635 646 672 691 701 696 697 703 724 746 782 834 854 866 872 877 887 896 914 919 917 909 829 765 751 745 742 744 745 746 749 755 758 758 756 752 733 724 719 710 703 702 701 698 674 653 650 659 641 631 619 616 615 624 622 626 628 629 629 631 635 638 641 646 646 653 666 668 666 668 675 676 688 691 696 706 711 714 718 721 728
712 731 711 664 654 666 665 667 678 702 717 721 713 700 719 747 762 795 829 868 876 880 883 888 895 900 916 915 910 848 761 749 741 735 732 735 735 739 745 750 752 750 750 736 724 720 709 697 701 698 690 667 648 643 654 639 636 631 628 625 623 621 624 625 624 622 623 624 630 639 647 649 654 662 665 660 669 676 674 686 688 694 703 698 707 717 723 732
712 710 686 653 673 695 696 699 710 717 721 727 722 718 742 774 794 797 831 860 869 874 882 888 893 894 910 912 909 840 764 753 742 733 729 728 732 737 742 747 748 745 742 741 734 718 702 689 693 697 686 662 654 640 645 645 642 638 633 628 622 620 617 608 606 610 614 613 620 633 642 647 653 655 657 655 652 649 665 680 687 690 694 684 699 714 723 736
691 682 653 638 667 690 695 722 742 747 745 738 744 748 752 764 781 805 817 830 847 857 876 887 892 894 908 909 906 860 773 752 736 726 723 726 729 735 739 743 742 741 740 741 737 722 698 686 683 677 678 666 660 652 651 650 646 643 635 626 616 611 612 612 604 603 603 612 625 629 635 643 648 650 647 643 640 633 647 666 684 684 685 678 696 711 720 741
688 675 639 622 635 685 702 757 781 787 779 762 758 751 749 755 783 793 816 823 839 856 868 880 891 892 890 894 904 895 827 757 735 724 721 723 727 729 734 738 738 735 734 734 732 724 707 697 681 672 669 658 654 655 653 649 646 642 636 625 608 614 612 615 614 597 598 617 634 631 631 638 640 647 639 632 644 641 636 648 678 679 678 671 684 699 717 738
697 682 662 636 681 705 699 711 771 800 803 794 783 750 744 754 783 809 816 815 835 852 859 867 872 879 883 888 890 868 842 784 739 727 721 720 723 726 729 732 733 729 726 726 725 720 703 694 675 673 661 645 643 647 648 645 642 638 634 626 603 624 608 608 619 588 593 623 628 636 629 634 636 642 638 631 642 639 648 636 673 673 663 652 659 673 715 736
742 717 726 723 722 713 704 698 713 765 801 799 788 750 732 744 785 812 814 814 827 842 851 852 856 869 870 867 864 835 819 782 740 726 720 717 719 723 725 727 727 722 720 717 712 709 690 680 668 670 658 643 635 637 640 640 638 635 632 627 605 623 605 618 620 591 585 634 613 629 630 637 640 634 642 633 646 655 653 635 667 663 653 634 666 676 714 732
712 707 737 747 739 715 707 691 694 708 749 790 781 756 753 770 797 814 813 812 822 831 842 843 832 840 848 844 831 814 794 764 738 725 719 713 712 716 720 722 720 715 714 706 694 693 683 674 668 669 661 646 632 627 627 631 632 631 629 625 609 616 619 624 639 627 612 636 618 632 633 639 640 642 651 642 624 627 626 633 658 662 655 663 675 693 724 733
731 729 748 755 745 722 711 697 691 688 738 783 754 731 772 800 811 816 811 809 815 819 821 818 806 800 813 813 803 764 738 716 709 716 713 703 701 705 712 715 713 708 704 695 683 678 672 668 665 666 658 640 631 626 614 614 617 624 625 621 611 609 621 625 645 635 635 618 634 630 635 642 644 643 647 652 645 637 630 629 638 653 660 670 680 703 729 740
784 765 761 757 749 731 722 707 698 691 743 773 752 745 789 812 815 812 806 803 805 805 798 788 789 776 777 777 783 691 645 641 642 683 692 689 686 688 701 705 705 700 693 683 675 664 660 665 668 669 662 642 634 634 620 601 613 624 615 616 612 608 620 617 623 622 621 632 626 628 638 643 646 646 649 655 649 635 644 643 652 659 659 677 691 717 736 746
803 785 770 759 751 735 728 712 706 705 739 754 764 778 795 807 805 800 798 794 792 789 787 784 772 768 757 757 760 680 599 619 604 624 647 665 667 667 683 696 699 695 686 667 649 622 614 650 656 660 649 626 620 666 670 673 648 616 612 613 612 607 615 623 620 630 631 629 623 629 639 644 648 649 649 652 643 650 617 634 638 648 667 674 696 734 745 752
813 792 772 760 751 738 727 712 708 714 722 728 754 770 782 797 792 789 792 789 780 776 774 774 734 734 732 737 750 657 516 557 587 567 561 588 634 640 659 688 691 681 663 635 626 608 601 613 636 637 623 608 613 668 657 680 653 619 611 610 613 614 618 620 615 621 624 621 626 633 640 643 647 648 648 651 637 658 589 596 607 624 670 675 696 741 752 758
826 798 775 762 748 739 724 709 705 699 698 706 728 740 755 777 786 780 779 783 778 774 770 743 676 682 697 726 718 636 549 570 588 585 582 547 580 622 646 678 675 664 628 604 597 590 583 594 604 607 605 596 592 613 628 631 630 625 614 611 616 620 624 624 623 623 625 624 632 635 639 640 643 647 648 651 642 649 600 591 609 620 662 684 701 741 756 763
841 822 804 779 753 735 715 711 706 694 679 683 668 665 674 714 771 768 769 746 707 728 717 663 606 614 641 683 700 648 563 559 558 524 516 540 544 606 631 657 654 635 588 576 578 573 568 574 579 588 588 587 588 584 613 605 621 624 615 615 620 624 628 631 634 635 635 634 635 633 634 638 638 645 648 650 652 641 633 635 649 643 658 686 706 746 761 764
