Dropbox/GRP Data/GRP mammal paper/NN_analysis/DATA/2014 input files/la_c_bio_12.asc
ncols         272
nrows         166
xllcorner     -214329.5541171
yllcorner     212687.1820549
cellsize      821.1860311
NODATA_value  -9999
[rows 87 to 115 of 166, columns 130 to 194 of 272]
164220 169090.5 166796.1 159681.2 147361.2 135502.9 132162.1 128411.2 119643.1 111397 106153.1 105131.4 106849.4 108238.8 109392.8 109888.5 109397.5 106969 103154.4 99699.88 98515.7 97584.52 97069.55 96595.42 95987.23 95741.34 95529.03 94927.02 93343.63 93443.57 94794.08 96771.98 98852.8 100279.1 100904.4 100703.1 99302.05 97491.2 95643.91 93621.02 90673.54 88875.55 87316.84 87919.6 87603.73 87304.51 86814.03 85489.88 82153.31 78782.02 75599.03 73204.16 70569.94 68398.25 68395.48 66473.4 65939.39 66130.78 64756.08 58775.52 53322.86 51370.94 50090.4 50170.08 50513.25
172839.8 177918.5 175926.1 168158 153707.6 140283.1 136899.4 133044.5 124826.9 116219.1 110168.3 108414.2 109271.2 109423.4 109264.2 108627.9 107379.5 104132.6 100387.1 98754.71 97969.44 97368.87 96995.98 96425.34 96040.98 95631.73 95419.53 94938.7 93556.67 93761.11 95431.98 97410.05 99666.98 101441.4 101402.9 99966.6 98673.27 97497.18 95769.71 94091.09 92118.63 90327.45 87767.55 87986.35 88893.06 89390.7 89402.64 86744.04 83364.66 80311.73 77713.98 74860.45 71381.97 68196.79 66950.42 65164.69 65267.91 66440.53 66651.52 63774.93 60975.54 59779.05 58305.23 57891.05 57968.5
178127.3 182158.8 180184.4 172730.1 158208.3 144993 141450.4 138005.5 131175.2 122531.5 115463.5 112136.2 111128.7 110501.9 109621.6 107940.7 105633.7 101391.3 98960.83 98110.39 97492.7 97055.25 96735.54 96158.77 95925.76 95638.51 95510.98 95186.22 95202.9 95873.92 96554.22 98763.65 101218.5 101460.7 100429.1 98947.2 97218.59 96345.45 95428.82 94239.88 92842.4 91474.42 90128.91 89767.63 90367.41 92031.9 93221.04 92351.23 89523.82 86932.15 84830.84 80700.79 75670.91 69306.38 65260.11 63506.2 64008.46 66446.65 67888.4 68097.09 67101.1 66045.45 64465.95 63440.92 62766.73
183028.6 185209.7 182372 174979.8 161696.3 149365.6 145604.8 143318.6 138407.6 130159.1 121129.6 114934.7 112162.7 110982.1 109532.8 107766.8 105032.1 101075.5 98479.55 97799.7 97014.09 96829.94 96494.36 95747.23 95580.34 95443.67 95151.16 94874.58 95423.37 95705.09 96577.15 99111.34 100102.8 99051.18 98428.86 96664.59 95448.23 94155.95 94025.45 93857.3 93035.23 92020.33 91968.4 92674.13 94561.57 97617.09 102661 103520.8 102223.4 99096.57 94475.6 86335.04 77687.42 70145.22 65318.91 62936.19 63195.9 66418.07 68880.35 69685.41 69376.76 68882.66 67785.07 66227.04 64086.72
187408.3 187887.5 182571.5 174953.3 163948.7 153483.5 149497.4 148074.7 143764 136251 125205.8 116709.1 112571.9 110879.9 109366.4 107110.5 103452.4 100405.8 98290.13 97706.9 96688.68 96359.17 96098.01 95664.63 95549 95315.05 94780.8 94932.28 95947.77 96214.61 97437.9 98644.2 97646.81 96061.79 95131.01 94114.48 92991.76 92130.36 92236.16 92018.1 90978.26 90782.63 91862.26 94337.15 99022.6 104708.2 110284.6 112361.7 111460 106367.2 98473.45 87864.77 78624.21 71307.92 66027.57 63440.68 63193.91 65339.61 67630.75 68282.27 68435.83 68402.04 67913.88 66116.77 62654.25
192054.9 191880.5 185970.7 178271.6 167108.4 157299.4 152838.7 150871.7 146891.9 139583.2 128017.5 117614.7 113275.4 110525.4 108027.5 104193.7 101780.8 100038.7 98116.88 97411.73 96799.02 96052.91 95684.95 95378.99 95427.83 95337.31 95028.66 95249.11 96221.6 96697.05 97591.36 97085.16 95409.27 93586.55 92353.7 92023.55 91422.85 91114.16 90998.67 90542.53 89208.55 89216.46 90732.92 94835.98 100856.1 108285 113668.2 115384.9 114862.1 108320.9 98425.66 86881.32 77658.8 70751.35 65429.5 62767.09 62042.79 62656.04 63458.97 63887.8 64323.66 64470.24 64530.58 62920.9 59009.4
196840.7 195647.2 190134.5 182409.2 171197.4 160428.6 155718.8 153625.8 148749.6 141636.5 130091.4 118872.6 113912.8 110871.8 107490.1 103775.8 101407 99790.2 98146.27 97492.85 96766.78 96007.18 95171.43 95286.94 95278.7 95306.64 95409.44 95508.12 96651.77 97268.48 98033.89 96459.11 94737.29 92769.74 91057.26 90803.35 90696.42 90602.26 89936.02 88811.83 87537.38 87505.66 89529.3 94201.7 99597.65 106990.2 112224.7 113461.7 112981.4 105664.8 95483.79 84064.08 74212.13 67236.46 62593.29 59767.67 58509.97 57939.01 57013.41 56663.77 56536.3 56938.34 57603.36 56535.46 53173.35
200703.8 196970.3 191528.9 184411.9 174369.4 162518.8 156340.3 153368.4 148797.5 142177.8 131500.6 120803.2 115717.8 112315.9 107996.7 104627.6 101914.4 100679.6 98820.74 97912.1 96941.1 96116.2 95219.56 95144.45 95223.77 95579.53 95871.41 95990.49 97189.43 98103.32 98440.26 96404.52 94728.45 92623.66 90797.33 90197.35 89988.2 89796.3 88929.06 87545.23 86064.46 85966.14 89008.97 92998.29 97109.27 102677.4 106611.3 108219.5 106386.6 99049.08 89254.25 78899.98 69266.56 62060.66 58183.08 55511.72 53678.84 51849.51 50107.71 48634.41 47352.27 47950.5 48998.44 48494.46 46314.86
201630.5 196269.5 190832.4 184601.1 175931.4 163770 155221.1 149641.2 144859.1 139980.8 131939.3 123173.4 117933.3 114929.5 110362.1 106888.6 104404 102423 100191 98558.02 97258.76 96273.97 95370.46 94658.39 94980.11 95522.12 96170.48 96629.92 97800.55 98804.86 98305.15 96175.78 94534.45 92423.43 90876.91 89771.28 88638.36 88477.78 88125.58 87649.98 85868.13 85728.5 89309.16 92094.07 94747.91 96994.18 98807.3 99878.95 96746.77 91598.15 82194 72775.09 63901.03 57355.8 53665.89 51290.81 49410.98 47735.03 45940.05 44681.9 43909.77 43652.83 44028.68 43961.45 42898.52
195438.8 189265.1 183356 177998.3 170579.8 160410.2 150896.5 144140 140353.2 137413.4 131746.4 125428.1 120646.9 118413.3 114695.9 111143.6 108420.7 104641.4 101467.5 99279.48 97532.63 96391.26 95115.65 94102.55 94251.1 94738.36 96037.08 96991.13 98339.65 98798.89 97977.67 96256.1 94754.34 93069.3 91209.86 89525.93 86940.58 87220.11 86963.38 86504.2 86160.76 86949.84 88989.45 90224.67 90606.17 90071.07 89696.16 89908.17 88033.11 83249.27 74887 65794.88 58982.08 53887.51 50307.25 48386.35 46626.73 45311.23 44212.5 43089.32 41303.55 40566.76 40520.06 40651.69 40636.27
182931.8 176769.9 170340.5 166093.9 160424.1 153332.2 144922.1 140248.8 139147 136771.5 132054.5 127466.1 124101.8 122191.8 119463.4 116469.6 112460.6 107345 102193.9 99874.55 97920.66 96377.3 95115.63 93953.68 93433.98 94613.44 95758.9 97108.28 97810.53 98287.6 97114.39 95893.05 94651.3 93256.93 91670.13 89814.59 87322.81 86978.67 86800.29 86908 86956.8 87872.43 86766.59 84663.33 83339.1 82090.51 81790.09 81028.33 78380.94 73728.96 68255.45 61999.88 56879 52811.02 49111.32 46744.05 45251.94 44364.7 42993.79 41062.01 39583.5 38498.5 38289.49 38831.47 39207.05
169729.3 164657 158928.7 156022 152578.9 147614 141523.3 139713.4 140145.4 137559.8 133877.4 129606.1 127194.5 125571.9 122697.8 120614.1 117319.1 109991.9 103812 100260.6 98297.98 96476.64 94854.48 93417.12 92931.09 94202.3 94935.21 96251.48 97256.5 98137.54 96852.77 96035.73 94982.66 94966.16 93563.87 92302.8 88918.9 88202.02 87861.02 87149.05 86802.7 85611.96 83626.94 80943.48 78706.47 76837.18 75165.57 72771.6 70108.06 66664.08 62875.82 58633.43 54695.49 51417.19 48155.21 45810.96 44200.87 42873.63 41438.04 39956.78 38387.51 37297.71 36895.63 37571.3 38286.48
158193.2 155594 152736.6 150490.2 147418.2 143741.4 140399.3 138845.1 139623.7 139593.4 136333.4 131511.3 129315.4 127931.7 125432.7 123148 119231.3 112619.9 104488.2 100749 99025.82 97037.19 95100.5 93599.2 92612.76 93428.34 94432.89 95393.44 96271.78 96599.77 96199.39 95602.21 95722.82 96260.09 93955.35 92686.12 90193.25 89148.04 88463.88 87601.81 86902.13 85167.96 82463.7 79214.13 75892.59 72698.43 70099.02 67316.42 64843.84 62174.67 59195.39 56288.61 53295.95 50483.48 47809.52 45492.39 43607.38 42156 40782.7 39564.91 37748.77 36300.57 36167.89 36872.79 37738.73
139153.4 142046.3 146126.7 147068.5 144130.8 140538.3 136570.9 133101.1 133193.6 135642.9 135269.3 130279.3 126088 122179.8 118661.7 115379.8 111890.2 107690.5 103185.1 100921.6 99228.58 97279.17 94989.61 93121.38 92000.75 92577.39 93522.66 94704.63 94599.79 95998.27 95650.11 96058.35 96169.09 96577.47 94353.94 92427.78 91042.41 90462.53 89617.16 88522.03 87212.84 84567.5 81677.5 78203.41 73978.77 69556.26 65556.73 62134.83 59489.16 57252.85 55203.23 52981.96 50716.96 48607.36 46686.09 44647.8 43059.44 41804.7 40709.57 39504.45 37630.7 36103.57 36091.42 36636.53 37361.3
119040.6 125384.5 134470 142863.1 141192 137516.3 132214.1 125867.7 123856.5 126491.9 126873 122144.9 117316.6 112904.9 109098.4 106403.6 104555.9 102975.6 101531.3 100203 99012.02 97179.21 94311.21 92476.63 91341.74 91908.77 92870.76 94233.09 94668.38 95745.34 95632.61 96498.37 96743.77 96223.49 94395.24 92619.1 91804.03 91627.49 91270.94 90781.17 89153.79 86415.66 83727.91 80524.35 75771.88 69644.14 63109.77 58230.4 55108.89 52977.94 51282.13 49444.95 47813.01 46426.55 45332.85 43893.55 42781.16 41879.54 41081.41 39814.79 37999.88 36711.01 36433.53 36711.07 37115.93
106266 111990.4 118662.4 130619.2 132843.8 129555 124578.1 117783.4 114965.8 116689.4 116234.9 112690.8 108488 105407.3 103278.1 101657.8 100944.3 100268.9 100064.9 99558.8 98486.63 96588.42 93962.85 91800.89 90710.84 91419.76 92174.23 93487.61 94323.78 94704.31 95691.02 95861.02 96001.73 94853.23 93543.07 92332.34 91753.48 92014.18 92417.77 92604.66 91416.89 89557.27 87642.21 85107.19 80163.24 71899.76 62640.64 56196.96 52534.59 50325.07 48699.18 47057.8 46038.64 45186.72 44664.17 43919.07 43306.43 42661.43 41918.91 40577.63 38757.58 37532.12 36864.5 36897.88 36999.98
102408 103724.1 106699.4 114891.2 118053.6 117893.8 115008.8 110357.3 107942.6 108299.2 108001.7 106180 103700.9 101693.7 100383.9 99511.66 99203.34 98854.35 98934.67 98694.59 97419.58 95735.89 93328.2 91276.21 90483.63 90686.49 91122.63 91929.7 92491.9 92569.63 93706.83 92631.4 92306.45 91164.18 90747.84 90281.45 90439.74 91166.7 91957.82 92435.4 92317.45 91267.76 90570.54 88497.17 83317.28 73343.88 62405.49 55127.21 51160.5 48968.98 47780.66 46469.55 45997.14 45515.48 45115.48 44845.57 44994.86 44212.07 43105.64 41541.37 39652.64 38166.25 37224.16 36991.04 36918.3
100883.8 100486 101790.1 105163.6 106536.8 107195.6 106338.9 104582.3 103682.9 103633.2 103420.4 102588.9 101709.5 100183.6 98900.94 98189.97 97966.16 97889.95 97999.63 97575.3 96184.67 94860.24 92374.45 90988.87 90240.48 89779.18 89812.25 89823.91 90174.49 89714.91 89532.96 87593.09 86832.16 86439.3 87021.02 87652.65 88713.13 89598.68 90217.38 91043.97 91835.05 91123.68 91499.16 89254.48 83545.86 72972.59 61732.28 54622 51000.28 49039.17 47955.64 48068.82 48143.13 47813.32 47593.46 47551.39 47888.77 46786.4 44718.19 42412.03 40261.1 38443.24 37463.91 37078.35 37037.72
99733.91 98739.61 99333.1 99990.77 99873.64 99877.14 99950.98 100057.7 100693 101257.5 101146.3 100840.4 100804.8 99301.59 97995.78 97079.23 96706.25 96607.51 96654.67 96048.64 94920.09 93562.07 91766.12 90721.84 89567.85 88987.27 88443.67 87933.7 88469.25 87004.94 86007.12 83918.55 83404.63 84770.87 85950.66 87430.58 87972.42 88787.08 89323.88 90054.14 90671.69 90813.96 91478.68 88976.13 82792.98 72028.66 62078.56 56246.1 52914.66 50823.51 50083.04 51022.5 51646.13 51368.68 50811.03 50926.71 50461.86 48355.1 45801.17 42936.57 40351.11 38644.2 37627.57 36979.7 36975.67
97416.85 96016.87 96055.66 96160.48 96258.31 96321.05 96541.36 97043.32 98259.42 99333.05 99845.8 100204.5 100399.8 98754.65 97280.91 96127.68 95306.06 94792.57 94505.58 93749.38 93115.72 91389.2 91280.17 90036.28 89094.11 87739.32 86949.48 86233.53 86781.44 85532.63 83607.66 81949.45 82489.16 83827.88 86063.09 86267.15 86797.55 87580.33 88540.41 89564.26 89934.71 91777.11 91059.35 87865.8 81174.14 71527.76 63873.78 58668.22 55676.92 53540.84 53076.55 54087.13 53778.41 53027.22 52455.29 52490.08 51527.82 48991.2 46085.04 43385.44 40577.17 38940.82 38088.26 37324.11 37210.21
94018.86 93083.26 92754.41 93373.13 94449.56 95292.44 95867.4 96241.88 97485.1 98712.55 99425.17 99855.65 99629.2 98381.53 96623.34 95347.53 94558.84 93780.04 92795.76 91815.73 91484.22 90216.75 89179.4 88385.1 87508.33 86163.13 85239.59 85080.11 84524.2 83224.66 81156.76 80752.34 82416.92 83889.27 85043.51 85301.26 85885.9 86535.8 87625.38 88888.64 89538.3 91859.73 90924.47 88009.27 81861.96 73428.07 66463.29 62270.1 59571.01 57781.64 56887.53 56541.72 55444.2 54317.65 53687.32 53601.39 52028.79 48725.72 45797.4 43710.52 40899.86 39448.8 38823.07 38168.16 37780.93
92404.65 91576.68 90451.55 90859.1 92120.59 93752.73 94805.27 95478.14 96341.26 98423.2 99045.18 99374.93 98948.13 97607.88 96115.78 94733.54 93353.06 92416.38 91341.63 90778.4 89885.93 89076.84 88319.43 87190.18 86167.05 84753.19 83810.33 83498.85 83342.84 82088.2 81071.65 81449.5 82304.68 83091.99 83918.55 84565.13 85182.14 86119.6 87500.45 89025.13 90510.26 91684.59 91345.53 89309.54 84336.82 77465.56 70770.9 66895.1 64952.8 63184.18 61562.61 59834.82 58277.48 56956.34 56327.5 55783.79 53906.03 50955.25 48374.4 46500.51 43429.05 41549.5 40313.54 39396.88 38930.55
91170.53 90094.18 88682.88 88719.25 89938.69 91527.79 93437.35 94900.52 95895.66 96869.61 97735.38 98259.08 97803.3 96557.36 95034.66 93691.47 92360.02 90355.55 89576.91 89323.73 88955.77 88384.58 87468.13 86195.08 84929.41 83602.23 82500.2 82428.67 81703.79 81079.79 81143.82 81464.12 81864.12 82379.17 83050.63 84001.25 84883.37 86420.42 88346.24 90291.77 92277.59 93204.05 92558.63 91055.63 87285.48 81268.32 76120.83 72827.74 71012.41 69277.27 67018.67 64505.08 62438.9 61304.14 60858.54 60063.44 58214.27 56148.07 54162.44 51915.19 48502.68 45081.8 43114.05 41515.84 40608.91
90272.7 88967.32 87798.77 86461.25 86843.2 89445.72 91327.92 93225.09 94396.74 95653.83 96418.58 97113.32 96915.95 95692.85 94149.45 92474.88 90981.27 89459.22 88721.14 88468.97 88288.23 87875.87 86965.98 85710.11 84271.37 82694.7 81452.03 81125.13 80513.58 80255.11 80844.14 81067.83 81337.56 81819.83 82534.27 83856.54 85310.01 87187.13 89431.48 91650.91 94092.13 95405.07 94670.43 93058.66 89446.5 84988.96 81352.22 78670.51 76653.5 75255.81 72959.82 70123.19 67706.11 66955.55 66528.36 65894.9 65018.71 64105.09 62785.9 59918.52 55377.41 50473.57 47363.97 44686.26 42750.44
89162.46 88101.12 86919.24 86036.96 86277.55 88532.42 90271.49 92134.18 93929.84 94661.41 95721.16 96197.31 95872.52 94757.23 93252.7 91281.17 90153.24 89001.81 88413.81 88091.23 87810.4 87396.73 86695.58 85425.84 83784.39 81831.91 80240.48 79467.15 78929.1 79228.44 79990.6 80411.36 80733.97 81355.83 82222.05 83924.66 86129.71 88243.45 90490.29 92829.71 95521.43 97530.66 97402.28 95524.76 91173.64 87881.04 84910.02 82795.23 81211.05 80347.5 78196.14 75568.41 73072.82 72920.12 72519.13 72270.13 72894.39 73621.73 72798.76 69956.11 64193.45 58621.11 53709 49797.43 46193.21
88111.13 87496.78 86714.78 86189.65 85485.88 87234.86 89102.35 90839.47 92564.03 93684.6 94594.36 95403.34 95216.25 93944.48 92341.21 90595.58 89512.79 88486.16 87916.29 87666.25 87459.25 87220.34 86736.2 85354.53 83469.27 80948.55 78843.2 77608.52 77033.74 77616.33 78577.08 79320.23 79846.12 80688.13 81917.2 84090.41 86916.3 89247.54 91384.2 93610.26 96239.63 99245.77 100175.2 98821.2 93886.96 89591.95 86679.16 85206.61 84257.57 83862.14 81846.89 80151.5 77915.59 78191.59 78287.02 78521.63 79812.87 82337.17 81833.63 80220.21 75393.37 69408.22 63755.25 59057.55 52742.52
87547.52 86808.37 86446.62 86266.67 85811.65 86763.23 87989.09 89356.26 90877.36 92425.45 93230.84 94180.41 94306.71 93263.95 91830.41 90169.7 88881.57 88024.91 87429.57 87301.46 87359.68 87435.27 86647.15 85212.52 83029.13 80226.68 77773.87 75599.91 75213.91 75750.54 76898.55 77901.94 78686.82 79746.44 81583.53 84305.74 87416.35 89719.49 91663.62 93444.07 96021.74 100002.7 102200.8 102444.6 98194.77 92114.18 88492.16 87269.01 85485.09 85269.37 84728.14 84016.88 83162.62 82247.11 82588.21 83552.73 85633.56 88797.05 89694.26 88933.04 85367.8 81185.09 77226.42 71982.78 62694.61
87156.43 86319.7 86089.86 86194.24 86414.2 86964.89 87481.07 88254.82 89482.07 90976.26 92036.7 92880.09 93065.71 92497.09 91424.17 89827.59 88534.37 87825.98 87243.39 87212.81 87444.87 87623.63 86061.75 84712.42 82202.66 79609.09 77036.88 73673.9 73524.46 74416.89 75524.38 76746.33 77689.09 78987.76 81262.65 84104.86 87256.02 89400.15 90875.66 92545.59 95194.02 99456.66 102429.5 103680 102367 95283.86 90020.79 87871.81 86289.05 85548.02 84838.72 84457.37 83595.51 82966.09 83146.77 85304.66 88682.87 92230.95 94335.77 94739.09 92800.53 89185.96 86120.45 82215.09 76295.79
87007.3 86182.69 85795.67 85953.41 86304.15 87005.45 87530.94 87845.85 88584.91 89893.29 91160.79 92162.61 92187.1 91613.85 90606.88 89742.09 88529.55 87658.11 86934.89 87072.51 87273.88 87268.51 85518.04 84225.27 81693.26 78392.81 75452.44 72890.77 72794.68 73535.04 74735.66 75977.57 77054.02 78191.4 80529.61 83047.55 85704.25 87861.53 89572.39 91141.63 93651.45 97423.48 101366.3 103342.2 103099 97603.7 91532.71 89401.18 88091.77 86685.01 85630.77 84084.71 82586.25 83039.88 83808.96 85207.33 88397.13 91938.16 94460.99 94799.65 94344.19 93618.69 92403.52 90135.89 86489.88
