Dropbox/GRP Data/GRP mammal paper/NN_analysis/DATA/2014 input files/la_c_bio_6.asc
ncols         272
nrows         166
xllcorner     -214329.5541171
yllcorner     212687.1820549
cellsize      821.1860311
NODATA_value  -9999
[rows 0 to 27 of 166, columns 186 to 247 of 272]
-9999 -9999 -9999 -9999 -9999 -9999 -9999 -9999 -9999 -9999 -9999 -9999 -9999 -9999 -9999 -9999 -9999 -9999 -9999 -9999 -9999 -9999 -9999 -9999 -9999 -9999 -9999 -9999 -9999 -9999 -9999 -9999 -9999 -9999 -9999 -9999 -9999 -9999 -9999 -9999 -9999 -9999 -9999 -9999 -9999 -9999 -9999 -9999 -9999 -9999 -9999 -9999 -9999 -9999 -9999 -9999 -9999 -9999 -9999 -9999 -9999 -9999
-9999 -9999 -9999 -9999 -9999 -9999 -9999 -9999 -9999 -9999 -9999 -9999 -9999 -9999 -9999 -9999 -9999 -9999 -9999 -9999 -9999 -9999 -9999 -9999 -9999 -9999 -9999 -9999 -9999 -9999 -9999 -9999 -9999 -9999 -9999 -9999 -9999 -9999 -9999 -9999 -9999 -9999 -9999 -9999 -9999 -9999 -9999 -9999 -9999 -9999 -9999 -9999 -9999 -9999 -9999 -719.438 -751.5875 -733.0475 -720.5806 -719.3075 -716.3212 -817.3651
-9999 -9999 -9999 -9999 -9999 -9999 -9999 -9999 -9999 -9999 -9999 -9999 -9999 -9999 -9999 -9999 -9999 -9999 -9999 -9999 -9999 -9999 -9999 -9999 -9999 -9999 -9999 -9999 -9999 -9999 -9999 -9999 -9999 -9999 -9999 -9999 -9999 -9999 -9999 -9999 -9999 -9999 -9999 -9999 -9999 -9999 -9999 -9999 -9999 -9999 -9999 -716.9938 -719.9682 -721.5688 -724.6849 -739.0662 -787.9231 -761.2415 -729.176 -731.4834 -793.3188 -839.9435
-9999 -9999 -9999 -9999 -9999 -9999 -9999 -9999 -9999 -9999 -9999 -9999 -9999 -9999 -9999 -9999 -9999 -9999 -9999 -9999 -9999 -9999 -9999 -9999 -9999 -9999 -9999 -9999 -9999 -9999 -9999 -9999 -9999 -9999 -9999 -9999 -9999 -9999 -9999 -9999 -9999 -9999 -9999 -9999 -9999 -9999 -9999 -747.0266 -748.739 -716.6751 -715.1653 -716.6179 -716.3862 -717.9733 -721.5519 -744.5852 -783.5978 -756.5589 -745.416 -760.1716 -838.5336 -772.1763
-9999 -9999 -9999 -9999 -9999 -9999 -9999 -9999 -9999 -9999 -9999 -9999 -9999 -9999 -9999 -9999 -9999 -9999 -9999 -9999 -9999 -9999 -9999 -9999 -9999 -9999 -9999 -9999 -9999 -9999 -9999 -9999 -9999 -9999 -9999 -9999 -9999 -9999 -9999 -9999 -9999 -9999 -9999 -716.7198 -709.7662 -714.2711 -727.4604 -735.5234 -738.4627 -722.1819 -718.2126 -716.7371 -717.7732 -715.1006 -711.2733 -721.0668 -742.6806 -751.5401 -765.5075 -782.0497 -825.7756 -708.6816
-9999 -9999 -9999 -9999 -9999 -9999 -9999 -9999 -9999 -9999 -9999 -9999 -9999 -9999 -9999 -9999 -9999 -9999 -9999 -9999 -9999 -9999 -9999 -9999 -9999 -9999 -9999 -9999 -9999 -9999 -9999 -9999 -9999 -9999 -9999 -9999 -9999 -9999 -9999 -669.9597 -724.2509 -737.1844 -724.1058 -721.2565 -713.2294 -710.8999 -730.6867 -737.7052 -739.2062 -742.0536 -738.0645 -725.0456 -718.4418 -719.8636 -723.1456 -714.8631 -726.5156 -736.9739 -734.8218 -776.2148 -769.0289 -684.7932
-9999 -9999 -9999 -9999 -9999 -9999 -9999 -9999 -9999 -9999 -9999 -9999 -9999 -9999 -9999 -9999 -9999 -9999 -9999 -9999 -9999 -9999 -9999 -9999 -9999 -9999 -9999 -9999 -9999 -9999 -9999 -9999 -9999 -9999 -9999 -627.249 -623.1522 -622.6086 -628.0331 -669.8872 -722.2062 -737.3776 -724.3915 -728.7588 -727.8129 -718.3295 -723.779 -727.1913 -729.0829 -736.9168 -723.6963 -731.8468 -722.3743 -728.636 -708.7106 -709.9043 -730.9445 -725.9987 -718.9556 -761.4529 -735.5267 -682.3597
-9999 -9999 -9999 -9999 -9999 -9999 -9999 -9999 -9999 -9999 -9999 -9999 -9999 -9999 -9999 -9999 -9999 -9999 -9999 -9999 -9999 -9999 -9999 -9999 -9999 -9999 -9999 -9999 -9999 -9999 -9999 -658.651 -640.422 -626.7865 -620.5406 -623.1924 -623.3569 -620.5656 -640.8249 -675.8145 -700.7969 -731.9735 -714.1049 -739.2454 -736.777 -731.64 -729.7086 -739.5917 -736.6492 -742.9686 -744.8981 -736.3658 -716.2039 -712.6788 -719.1564 -705.1953 -719.2411 -714.6695 -719.857 -757.186 -701.1799 -691.0459
-9999 -9999 -9999 -9999 -9999 -9999 -9999 -9999 -9999 -9999 -9999 -9999 -9999 -9999 -9999 -9999 -9999 -9999 -9999 -9999 -9999 -9999 -9999 -9999 -9999 -9999 -9999 -644.8259 -656.6511 -665.2007 -661.3007 -641.8175 -630.9282 -624.7716 -621.4564 -617.3123 -619.7672 -619.8615 -639.5369 -667.5233 -679.4235 -704.9963 -704.2527 -717.6239 -740.6732 -746.5007 -741.6147 -752.239 -746.3416 -757.949 -762.1759 -758.1715 -725.5114 -722.6148 -711.1559 -701.6791 -707.5869 -703.866 -714.1086 -736.4766 -692.0424 -715.0457
-9999 -9999 -9999 -9999 -9999 -9999 -9999 -9999 -9999 -9999 -9999 -9999 -9999 -9999 -9999 -9999 -9999 -9999 -9999 -9999 -9999 -9999 -9999 -780.4108 -745.3918 -687.8751 -648.8275 -652.1942 -643.8817 -646.0662 -640.3677 -633.425 -627.019 -623.549 -622.1713 -614.9512 -615.0629 -616.4003 -629.5554 -641.5883 -650.6799 -667.4597 -671.7213 -674.0706 -696.907 -727.0972 -749.5787 -745.3585 -731.2767 -741.6702 -763.6868 -771.0997 -738.4426 -734.4469 -701.4086 -697.3784 -697.7852 -693.5865 -703.6593 -713.8781 -710.8351 -726.2318
-9999 -9999 -9999 -9999 -9999 -9999 -9999 -9999 -9999 -9999 -9999 -9999 -9999 -9999 -9999 -9999 -9999 -9999 -9999 -804.1564 -794.5936 -791.1577 -791.3505 -776.3037 -740.6452 -673.5774 -656.3456 -677.1249 -660.3336 -645.0175 -635.9466 -627.7749 -624.3321 -622.327 -622.2008 -618.0015 -616.9917 -618.7599 -627.5682 -635.3228 -645.1883 -649.1957 -660.418 -664.6724 -665.2805 -689.7643 -732.4868 -728.9116 -706.533 -711.482 -751.6725 -769.1858 -747.0384 -738.352 -702.8854 -697.9327 -692.8332 -689.3834 -693.0759 -698.6502 -731.149 -724.3182
-9999 -9999 -9999 -9999 -9999 -9999 -9999 -9999 -9999 -9999 -9999 -9999 -9999 -9999 -9999 -675.1856 -675.7743 -698.4789 -720.6255 -793.2768 -793.1622 -791.0317 -792.0116 -777.5984 -736.1942 -670.1956 -668.3864 -702.6102 -688.4591 -655.3358 -638.0237 -627.092 -624.5867 -623.9231 -623.9305 -622.3124 -622.3956 -624.7562 -631.5867 -647.9692 -657.1569 -651.626 -669.7589 -680.9267 -669.1362 -667.7744 -700.5165 -715.7888 -692.4427 -694.05 -732.0659 -761.6407 -751.0663 -733.9912 -715.7099 -708.7853 -697.0577 -696.7238 -687.5811 -691.7543 -736.9014 -727.3188
-9999 -9999 -9999 -9999 -9999 -9999 -9999 -9999 -9999 -9999 -670.5894 -656.3642 -654.0032 -663.0391 -669.0079 -671.752 -680.1993 -691.5901 -687.9511 -746.1401 -756.9352 -754.8823 -763.7188 -759.4943 -712.8448 -662.324 -688.7208 -714.3449 -704.4911 -666.2047 -633.939 -629.2281 -629.6776 -633.8619 -630.2348 -624.5833 -623.5034 -627.3426 -632.1195 -648.2025 -654.7952 -655.3117 -664.8894 -681.3107 -673.5008 -673.7698 -692.6792 -708.8782 -687.6474 -687.178 -712.6818 -747.7112 -750.9899 -729.9999 -737.8234 -725.1685 -711.2415 -711.5572 -691.7224 -699.299 -737.9749 -734.8432
-9999 -9999 -9999 -9999 -9999 -9999 -672.9153 -677.5767 -676.3219 -677.0355 -664.2659 -652.3704 -653.2062 -656.9188 -670.6183 -673.8876 -677.0396 -682.9507 -692.2567 -697.6941 -700.2538 -701.9766 -707.1712 -712.8594 -687.9995 -679.0931 -719.0134 -720.1518 -708.057 -660.7687 -632.6776 -631.7548 -636.1865 -649.9341 -645.7442 -635.0618 -629.8267 -638.0872 -639.8424 -646.1734 -655.3789 -662.8352 -685.8652 -706.2167 -703.7849 -700.9608 -718.9762 -716.5639 -690.2114 -688.4802 -703.6132 -717.4437 -745.6696 -763.9728 -758.9418 -734.6542 -732.1887 -720.0222 -699.6887 -728.2233 -735.1871 -720.0024
-9999 -9999 -697.5003 -687.6075 -682.0205 -679.9714 -674.7692 -679.8026 -693.4893 -678.0956 -663.3218 -651.3259 -652.4999 -658.5278 -672.9014 -675.0266 -676.6576 -679.805 -729.177 -760.4202 -761.6048 -767.1709 -762.2533 -761.4182 -760.4523 -758.1989 -744.1655 -730.629 -715.4034 -660.8788 -669.0632 -647.3741 -645.8247 -645.0339 -671.2763 -680.4127 -669.9221 -666.2056 -662.9735 -660.8978 -663.1268 -665.975 -694.9197 -691.0905 -716.63 -735.7567 -735.2921 -732.76 -713.4089 -687.8981 -697.1051 -707.7994 -716.4793 -718.1356 -727.7294 -740.5405 -752.4313 -728.8445 -729.585 -741.0427 -736.7882 -705.6512
-651.6198 -690.6254 -696.9348 -692.9408 -692.3673 -685.9119 -681.7393 -688.2758 -675.8738 -672.3112 -658.0929 -655.9168 -655.5101 -669.3742 -681.1144 -679.138 -675.7266 -683.4578 -734.8672 -743.5922 -749.2422 -752.4214 -759.548 -760.4072 -759.0707 -756.5392 -750.7983 -743.2186 -743.6093 -703.6702 -647.7631 -633.4645 -642.3904 -662.198 -718.8072 -739.4993 -731.7875 -702.9777 -696.9949 -682.2131 -675.1141 -689.4136 -705.3118 -697.3028 -710.3989 -732.8102 -729.6803 -724.5354 -741.8439 -716.7343 -708.6675 -712.502 -723.1718 -727.2322 -724.9298 -739.0563 -753.7724 -746.7921 -751.0084 -747.7721 -748.2297 -736.2408
-670.3324 -679.0256 -681.85 -710.0881 -718.5864 -722.4868 -721.1526 -721.3841 -652.2749 -665.9927 -655.5004 -661.4451 -664.8162 -678.4551 -668.0995 -682.2574 -670.1127 -720.9387 -754.0194 -753.7034 -753.868 -755.6989 -758.0415 -758.033 -761.9236 -755.8896 -756.81 -748.7587 -749.5965 -739.5028 -663.9663 -641.2131 -643.5146 -675.9787 -734.0517 -747.4317 -739.0652 -727.6511 -714.6344 -706.3663 -697.0828 -702.9213 -699.9094 -688.6227 -686.1693 -720.3688 -725.6483 -724.3173 -721.2505 -723.463 -735.3979 -738.1807 -744.1464 -742.1483 -753.2614 -735.561 -738.9941 -739.6718 -745.1265 -745.835 -746.9682 -745.3537
-673.6075 -680.0087 -645.1826 -676.2788 -714.8548 -708.7183 -727.5051 -730.3261 -671.0052 -666.5723 -693.4599 -688.577 -674.5785 -672.7774 -659.8589 -663.1094 -698.7099 -750.2887 -756.5935 -759.7183 -754.6009 -759.9593 -761.7482 -762.0943 -762.4431 -759.7306 -760.5786 -758.1071 -758.5744 -753.7794 -712.7617 -667.868 -655.0056 -687.237 -728.884 -737.8656 -736.1643 -738.2125 -737.6823 -727.2585 -712.1017 -705.3331 -693.257 -675.2799 -676.6409 -709.0232 -729.4732 -717.1911 -727.8202 -714.7313 -725.5345 -737.5839 -739.4293 -738.6013 -743.8896 -739.9818 -743.9205 -742.1581 -738.4354 -738.5583 -744.668 -749.8518
-670.0193 -678.7896 -659.2454 -661.9927 -706.7735 -715.1738 -729.3153 -739.5312 -722.4539 -685.1544 -711.4763 -721.9561 -710.4272 -683.7195 -671.837 -667.761 -711.908 -760.4821 -759.9854 -760.5455 -758.5553 -763.6066 -764.9697 -767.7979 -766.47 -763.4783 -698.316 -727.867 -746.321 -708.4998 -689.8497 -666.9078 -673.5076 -706.1859 -735.933 -733.3122 -731.9682 -738.8584 -747.8023 -738.2375 -720.9627 -706.8376 -691.9637 -671.1934 -681.5568 -698.7782 -718.5082 -717.9856 -737.5182 -725.2576 -725.5992 -733.7517 -736.0552 -733.3301 -725.8407 -745.7924 -744.8235 -735.207 -734.7794 -734.8943 -740.3842 -739.9859
-670.9034 -672.8729 -669.566 -661.2028 -695.5219 -728.2784 -739.67 -744.9689 -748.8822 -720.7331 -707.6118 -715.6208 -708.8804 -684.1186 -676.373 -667.3669 -715.5773 -765.4557 -764.9077 -763.8979 -764.1104 -766.3745 -767.538 -772.7716 -769.6934 -770.6227 -711.136 -716.2343 -709.452 -707.4438 -713.2106 -695.4847 -689.1989 -716.7382 -743.0367 -738.102 -729.2427 -736.2064 -744.4778 -744.5991 -726.0543 -701.5653 -688.2476 -666.8132 -672.1522 -678.392 -690.3787 -703.518 -710.5923 -707.6161 -707.268 -708.2985 -715.2219 -714.5757 -714.1694 -747.1471 -735.4337 -728.6754 -731.1606 -735.7619 -736.3407 -738.5071
-670.4177 -672.1417 -672.7594 -662.597 -689.3334 -736.9405 -741.0239 -730.547 -751.5112 -741.42 -691.7299 -692.2356 -691.4634 -676.7325 -671.2857 -662.8138 -717.252 -768.7418 -767.8647 -770.2118 -766.8775 -767.6752 -770.4387 -776.1537 -773.267 -778.2893 -772.8993 -726.7099 -677.5352 -734.0566 -768.6406 -746.0418 -702.7189 -714.8596 -740.4088 -747.6155 -738.112 -741.3312 -744.1962 -747.4305 -730.5918 -693.4885 -679.8514 -661.0053 -654.2252 -655.3875 -658.2125 -665.0917 -661.471 -665.3938 -660.7126 -659.9132 -670.9817 -675.7626 -701.2116 -743.6928 -728.0004 -731.2872 -724.6258 -736.7294 -727.8007 -747.4617
-674.5151 -678.4733 -671.7334 -664.5983 -688.3269 -730.064 -728.5389 -709.0644 -730.9401 -735.5988 -693.3977 -681.3632 -685.7239 -664.1948 -667.1183 -673.7087 -726.1697 -772.1965 -770.6476 -774.6321 -769.3354 -770.25 -775.4793 -778.3723 -780.2993 -780.8392 -785.5607 -726.9437 -675.1307 -719.9256 -749.8826 -746.9408 -709.9351 -713.7106 -737.1106 -754.6326 -755.8505 -753.2505 -747.0188 -740.5441 -736.8049 -706.5485 -682.0355 -666.7806 -657.5965 -647.9258 -635.4487 -635.1312 -636.9545 -677.5092 -653.2004 -645.7548 -656.4158 -650.5446 -680.6299 -734.0339 -725.7534 -724.6282 -712.8607 -731.0546 -703.3475 -731.215
-682.7953 -685.3652 -672.3121 -670.5485 -688.5221 -710.7908 -712.7018 -700.1244 -697.2655 -715.2528 -710.8764 -684.2695 -688.6006 -658.9292 -687.6153 -712.5917 -749.0971 -780.3983 -777.5989 -775.2625 -775.7319 -777.1195 -782.9698 -781.6699 -788.5151 -783.4831 -787.9398 -731.8063 -687.188 -710.3716 -697.3814 -693.5729 -697.2899 -720.4178 -741.2053 -759.0362 -759.704 -751.5351 -730.1069 -728.1381 -740.8491 -749.8659 -713.2184 -680.9473 -662.1722 -643.0266 -632.1295 -629.0919 -631.2925 -713.4139 -702.6698 -695.3801 -700.5665 -673.3715 -644.508 -710.1219 -721.5703 -719.4949 -694.5997 -703.947 -676.8173 -723.5232
-685.5455 -680.8078 -682.7704 -679.9456 -689.579 -699.2216 -700.2347 -697.4926 -686.0724 -686.9612 -692.9744 -693.1789 -702.1033 -706.4365 -764.1499 -772.4725 -770.5277 -787.4995 -784.713 -776.6351 -776.7645 -780.6661 -787.0566 -788.5112 -796.9543 -791.8392 -797.2267 -764.3167 -682.5134 -673.7136 -680.7867 -686.1317 -712.366 -741.7952 -766.1351 -797.5648 -803.6857 -764.4593 -755.8994 -742.2144 -737.1495 -747.3209 -749.4346 -714.8469 -678.9427 -645.3151 -630.7328 -630.5269 -653.0254 -713.9844 -717.9661 -716.8657 -713.1725 -688.5905 -633.8004 -688.0708 -713.1073 -695.6331 -668.5785 -652.0006 -650.8831 -699.2879
-688.8342 -651.231 -689.5305 -686.7537 -688.9769 -694.2225 -699.2717 -704.5421 -661.5317 -674.4498 -698.2587 -699.4802 -695.2779 -755.1987 -787.9203 -778.7844 -781.2211 -784.5193 -785.2912 -784.5096 -785.1013 -785.7173 -787.0599 -794.8914 -799.3062 -799.4591 -787.8168 -747.5269 -719.1628 -688.563 -687.9023 -714.7723 -751.1002 -781.7202 -809.3259 -831.8836 -814.3239 -765.3821 -762.0626 -745.9343 -737.7083 -742.5038 -736.0483 -740.1257 -701.3572 -659.5764 -632.5283 -629.2444 -693.9114 -724.4285 -724.6317 -724.6878 -719.9991 -689.5262 -651.2583 -700.1826 -712.6496 -690.2904 -668.4111 -654.6224 -649.5735 -675.3274
-700.52 -655.009 -678.0153 -687.8781 -694.3771 -697.0612 -700.5356 -757.2573 -742.4987 -695.4149 -693.718 -751.7506 -780.7809 -785.7888 -780.3693 -780.6342 -783.931 -784.7856 -784.9594 -784.6996 -780.0156 -789.2305 -795.2845 -797.2566 -805.5278 -782.6152 -703.4868 -684.5756 -683.6541 -692.3661 -697.1893 -753.5365 -792.4709 -812.649 -813.3913 -828.431 -817.8568 -764.067 -756.2038 -738.3824 -735.0437 -746.2316 -739.4821 -745.285 -702.7679 -651.5203 -656.9306 -692.9959 -719.1922 -725.5265 -724.965 -725.3515 -724.6639 -672.5827 -653.4688 -726.6731 -725.1658 -712.6409 -689.9808 -673.9091 -672.6158 -688.7521
-699.0951 -684.2789 -681.4899 -701.237 -696.2798 -690.6678 -703.657 -765.6747 -758.3623 -705.545 -692.9688 -759.0391 -790.3994 -782.414 -778.4933 -780.6229 -784.9487 -785.3494 -779.3969 -779.7097 -784.6764 -787.8704 -793.929 -802.5337 -821.1846 -749.4326 -695.3468 -703.476 -709.0826 -717.0919 -740.5705 -784.8884 -822.0398 -838.3777 -823.3329 -820.5917 -815.2028 -762.4203 -748.0295 -723.7488 -719.4733 -712.9886 -735.4528 -731.8785 -706.0631 -651.3621 -669.7225 -724.3228 -732.2985 -730.1852 -714.6092 -708.7487 -726.6913 -691.8022 -648.8495 -719.6189 -726.4129 -718.8757 -693.2302 -675.505 -665.6157 -708.981
-695.655 -694.5588 -681.4998 -684.8688 -697.8458 -684.5167 -704.4321 -718.365 -721.8351 -716.9785 -704.5061 -736.6371 -790.4923 -779.4179 -782.9517 -783.434 -785.2082 -785.6304 -782.9301 -783.1168 -788.0718 -792.624 -798.6819 -810.5769 -776.3137 -728.3724 -701.2518 -707.8248 -740.0699 -763.0456 -787.9781 -821.4752 -860.4925 -867.6318 -839.5273 -813.4233 -789.632 -758.7829 -732.73 -709.8456 -701.5196 -687.5184 -696.7203 -691.8218 -681.8328 -649.4146 -686.9776 -725.2168 -696.4341 -709.5543 -694.5919 -688.5203 -726.7636 -730.2899 -669.3526 -688.2053 -706.1905 -713.4761 -696.6975 -673.7561 -651.0286 -713.498
