Dropbox/GRP Data/GRP mammal paper/NN_analysis/DATA/2014 input files/la_c_bio_6.asc
ncols         272
nrows         166
xllcorner     -214329.5541171
yllcorner     212687.1820549
cellsize      821.1860311
NODATA_value  -9999
[rows 56 to 83 of 166, columns 186 to 247 of 272]
-764.0762 -751.7316 -748.5189 -739.9926 -722.5388 -702.9153 -722.2627 -738.722 -792.2635 -817.3209 -843.5394 -835.6088 -783.2089 -731.6035 -730.1329 -720.7757 -721.0569 -713.756 -701.4501 -692.3937 -692.571 -696.5745 -694.4838 -697.5505 -714.5579 -716.6194 -720.6186 -699.4694 -682.838 -687.2689 -718.6011 -724.0832 -706.6472 -691.944 -679.1701 -693.0931 -727.2847 -727.7443 -727.8621 -726.5993 -729.0341 -736.0916 -733.1833 -710.7278 -677.0119 -702.2897 -725.1425 -713.3629 -702.1613 -705.6146 -717.2239 -706.5936 -711.5408 -732.0175 -731.463 -691.1868 -670.5698 -672.8357 -683.6296 -706.8468 -714.846 -722.9306
-753.2536 -742.186 -743.1076 -751.1558 -734.4085 -695.6483 -719.769 -727.74 -748.9221 -801.8865 -853.3907 -839.4676 -777.9047 -729.5063 -731.1641 -709.8307 -709.2851 -703.1927 -697.7923 -693.1483 -693.9951 -702.4565 -706.1901 -709.4256 -729.3677 -740.1507 -736.0144 -713.4153 -687.0342 -698.8337 -716.1847 -726.5542 -730.574 -716.3964 -673.2128 -668.5618 -718.4623 -714.3509 -700.5809 -699.5566 -710.4597 -711.3601 -704.4183 -690.1129 -667.9388 -685.7933 -718.3184 -732.7025 -713.8027 -706.6999 -710.5366 -712.0906 -716.5447 -729.9905 -733.2202 -714.7785 -686.5929 -672.8089 -677.3597 -697.3346 -708.3699 -720.7888
-743.0104 -737.744 -737.4922 -743.6219 -743.5346 -704.3112 -712.0378 -711.937 -726.7078 -759.2205 -839.5267 -840.4194 -776.868 -737.0919 -729.069 -714.9592 -710.379 -695.8203 -690.3701 -687.9011 -684.5035 -695.4717 -711.7708 -737.4122 -731.1144 -740.5536 -726.267 -697.1259 -687.7322 -713.9146 -731.5347 -732.8794 -733.8011 -703.7424 -645.7399 -665.5224 -708.3542 -703.3466 -691.3901 -689.658 -699.1693 -695.0551 -693.3044 -679.4404 -652.101 -661.7572 -711.5565 -719.1015 -736.5737 -725.0936 -718.9391 -733.293 -745.2797 -725.3027 -727.436 -722.467 -719.2656 -686.6109 -655.1828 -677.9839 -704.5903 -712.823
-739.8425 -733.7972 -736.864 -739.8074 -741.6102 -741.2396 -701.409 -710.3816 -730.2514 -722.4373 -817.4443 -840.2806 -800.2908 -773.5284 -726.6284 -716.006 -710.9009 -697.4918 -692.7391 -690.6843 -696.6315 -691.1586 -698.695 -733.8356 -736.876 -736.0317 -706.8709 -687.2087 -717.864 -753.9742 -771.7922 -755.2186 -692.0885 -662.9184 -652.8193 -674.7176 -706.1581 -694.8647 -684.6262 -683.5809 -690.8567 -686.6962 -679.7307 -675.5292 -660.2609 -663.4977 -691.2828 -713.1806 -721.552 -723.2165 -727.7426 -741.0189 -744.0537 -728.5825 -682.9158 -682.2537 -693.2885 -707.35 -682.2499 -679.421 -702.4179 -707.6528
-735.779 -734.1775 -737.176 -740.0747 -743.2614 -756.3885 -696.182 -695.743 -711.3968 -717.6555 -814.0016 -746.5415 -736.4382 -752.9088 -771.0494 -723.9246 -704.9373 -716.5302 -733.6931 -738.1985 -735.5096 -738.8845 -724.6204 -733.7091 -735.6142 -733.5076 -703.591 -695.2167 -731.5322 -755.3385 -795.4313 -760.9909 -697.0573 -656.223 -654.2935 -686.235 -698.9341 -691.9838 -684.1723 -680.5001 -680.1213 -675.033 -673.3152 -666.4705 -655.5946 -646.2531 -659.0397 -670.9368 -679.2523 -691.0659 -716.9169 -705.7848 -687.731 -685.3531 -679.6406 -691.8761 -679.141 -694.904 -697.1793 -644.8911 -691.7606 -697.2726
-734.9659 -735.7704 -735.6466 -738.5382 -741.0018 -744.9363 -732.4376 -694.9072 -702.554 -694.573 -771.6728 -753.5413 -725.721 -725.6903 -764.3885 -742.5099 -706.3983 -705.396 -722.4006 -744.8 -741.2235 -733.8514 -725.6122 -732.9609 -729.9088 -730.3936 -702.5469 -687.7756 -715.0876 -748.6912 -776.4843 -733.8496 -687.3359 -650.9221 -661.3714 -692.3703 -698.0438 -689.027 -680.8069 -668.5912 -662.6262 -668.5454 -665.5991 -657.7225 -653.2253 -641.629 -648.2486 -653.0807 -671.604 -688.1971 -693.2296 -676.365 -669.5432 -671.4731 -695.2616 -685.6107 -677.9059 -691.7045 -696.2947 -651.3103 -679.6279 -688.7983
-737.42 -737.1755 -733.5002 -736.4942 -739.611 -742.7289 -741.9478 -690.6183 -693.7136 -681.1389 -725.7126 -758.3128 -728.2783 -728.9805 -757.2978 -743.8837 -697.6899 -698.7985 -712.0536 -728.6098 -729.1646 -730.1028 -724.8831 -726.0751 -726.9272 -731.1354 -706.6411 -683.7113 -685.4924 -717.1414 -731.5687 -686.036 -662.2393 -655.2675 -666.5145 -704.7334 -689.9891 -681.3613 -678.1784 -663.3175 -656.2867 -665.7792 -660.6392 -650.2505 -651.7821 -650.8339 -650.5922 -642.8485 -665.0518 -680.2434 -671.0255 -662.4556 -691.9663 -687.6435 -687.0532 -676.5437 -677.5726 -691.5342 -675.2333 -644.3399 -668.0204 -679.215
-745.3474 -738.21 -732.813 -734.5427 -737.856 -740.6908 -745.8768 -724.2316 -685.8096 -688.3127 -695.3203 -767.5529 -724.9826 -727.5164 -757.2055 -746.3313 -682.11 -691.8981 -704.4595 -724.4994 -724.9044 -726.533 -723.7441 -722.9603 -725.004 -729.8855 -717.1625 -683.5294 -658.3647 -676.8425 -674.5198 -658.4347 -658.9946 -667.0946 -675.4451 -713.0095 -694.3965 -676.0999 -676.3392 -662.8096 -657.0715 -664.0714 -658.0187 -645.7459 -648.6116 -654.8715 -653.4429 -638.1131 -650.2892 -671.4091 -657.11 -655.1565 -683.2993 -679.6807 -671.1356 -670.7367 -677.5822 -691.3883 -669.821 -628.6853 -657.105 -672.2109
-754.2311 -741.0929 -738.7501 -735.0042 -735.5651 -738.314 -744.1707 -733.9389 -679.1484 -689.3455 -684.0286 -773.7784 -733.1068 -725.061 -756.7505 -736.3897 -678.1912 -689.2135 -699.9347 -725.0626 -725.9088 -724.3635 -723.3462 -722.6165 -723.2468 -726.2371 -722.5474 -697.4042 -653.6606 -662.5747 -658.9718 -666.486 -679.6174 -690.9421 -696.3821 -714.4221 -695.5961 -675.0978 -675.5353 -664.3987 -660.1506 -664.7052 -657.2244 -645.1728 -644.683 -649.6749 -649.6013 -637.847 -638.4603 -665.9358 -651.2653 -650.5663 -653.5311 -656.8563 -663.5252 -667.4958 -679.8453 -679.8766 -668.731 -624.3104 -646.1247 -665.5359
-751.0518 -741.0809 -742.7829 -736.9518 -733.5314 -735.4495 -738.2993 -724.5139 -679.7164 -686.8135 -684.9562 -768.5237 -753.1053 -751.0399 -763.5934 -722.9919 -685.6462 -688.9185 -697.1964 -725.643 -726.3947 -724.1964 -723.3218 -721.9923 -721.7739 -722.007 -718.8831 -715.1143 -677.1755 -679.4428 -688.3491 -691.6346 -701.6503 -707.1465 -705.3264 -700.7419 -679.7061 -669.4276 -672.6712 -665.6899 -668.3685 -668.4096 -656.7328 -647.5287 -642.9078 -644.4085 -640.6937 -636.6302 -642.152 -661.9174 -650.8308 -653.4813 -654.1379 -657.6279 -659.5153 -665.9285 -680.3914 -654.471 -640.2817 -626.0146 -635.5198 -653.9091
-742.1785 -736.6062 -740.4726 -741.6235 -733.3602 -732.8387 -734.1297 -720.076 -681.7541 -688.4517 -688.0565 -760.4319 -761.0575 -775.189 -766.4388 -718.4384 -682.5099 -685.5323 -701.6477 -730.613 -727.8306 -723.769 -722.0959 -721.4083 -720.34 -718.3201 -714.9409 -714.2435 -706.3873 -696.3047 -702.5505 -703.3934 -701.3785 -683.2409 -671.8458 -669.1761 -668.1269 -659.5149 -668.752 -668.2718 -684.1166 -672.5931 -653.9343 -650.7727 -642.9103 -642.8457 -635.5056 -631.649 -654.4499 -663.9339 -653.9608 -662.7828 -657.2271 -658.1729 -658.1616 -664.2354 -673.2122 -644.4507 -619.1172 -618.6063 -628.379 -643.0395
-739.9305 -733.2294 -736.726 -747.5887 -736.2228 -731.9518 -733.9031 -717.4471 -674.9326 -684.9739 -679.0358 -759.0746 -734.4275 -724.8621 -729.0097 -700.8047 -660.6072 -680.8039 -717.1696 -733.4892 -730.0911 -722.7194 -720.4782 -720.1616 -717.6344 -716.1112 -714.6658 -708.6312 -703.9026 -695.2161 -688.029 -688.0393 -662.0843 -647.4359 -643.9064 -668.7604 -673.9721 -685.0664 -690.1201 -695.48 -696.548 -679.3489 -654.029 -654.5847 -639.2306 -645.5535 -641.1943 -622.4743 -626.5624 -647.8127 -659.0794 -655.9243 -657.6978 -664.2884 -662.353 -663.2605 -665.251 -656.7125 -624.5922 -601.9084 -625.826 -638.1792
-738.8253 -734.8714 -736.8389 -743.567 -740.7671 -732.1976 -734.2299 -716.3527 -674.7144 -675.4389 -640.6961 -735.4763 -686.0568 -663.7979 -677.0917 -646.376 -667.257 -674.8201 -698.5986 -734.538 -724.2523 -720.0649 -719.3437 -717.528 -709.1099 -711.0163 -714.853 -708.2981 -699.4684 -695.2715 -685.844 -674.7548 -649.3286 -644.8452 -642.463 -665.655 -718.0365 -729.7515 -740.1 -727.7123 -712.1159 -683.1229 -676.7489 -664.2037 -640.9155 -650.496 -649.2476 -644.9163 -646.3635 -649.2186 -637.737 -646.1251 -660.3907 -665.1094 -656.9503 -658.585 -659.6858 -646.3154 -630.7943 -603.5831 -617.6631 -635.6169
-738.4866 -731.2672 -741.6487 -729.5731 -738.16 -731.6188 -734.3622 -700.9406 -670.0787 -659.9703 -669.1068 -636.5085 -628.9752 -632.0264 -683.6779 -669.7092 -655.7983 -654.6729 -674.2938 -729.5458 -720.3196 -716.8382 -718.6277 -718.8009 -708.9446 -710.5486 -712.4595 -707.6002 -704.0829 -702.7668 -689.8925 -658.6956 -651.1238 -642.8112 -670.7386 -703.6364 -730.4517 -770.5045 -785.394 -755.642 -720.6309 -698.5366 -680.3838 -662.766 -637.9182 -648.1299 -653.8306 -656.5341 -667.3346 -659.6308 -638.7432 -635.2852 -627.499 -634.7561 -638.2853 -656.5494 -654.4684 -648.4805 -628.96 -611.3317 -599.564 -620.7807
-737.2373 -730.4877 -741.2256 -741.9307 -732.7822 -737.1074 -714.0834 -680.8536 -672.6002 -667.0455 -667.3155 -660.1736 -600.6028 -596.215 -601.0823 -594.4793 -601.7301 -660.2438 -681.976 -728.6018 -722.8101 -717.6061 -718.1613 -717.623 -715.2783 -712.7518 -710.54 -708.3727 -699.7631 -697.7888 -693.462 -677.879 -656.6384 -632.0392 -669.5084 -704.585 -743.7579 -783.7866 -781.0048 -760.6183 -718.7859 -684.138 -675.0775 -662.3868 -645.205 -637.6785 -636.9708 -652.6714 -676.3332 -671.8503 -650.0541 -649.6666 -632.7231 -625.6131 -634.0264 -635.8199 -641.9975 -632.53 -631.4948 -627.9855 -618.6538 -615.9987
-738.6522 -740.5824 -739.4689 -745.0126 -738.108 -685.0648 -669.2918 -672.1061 -671.7296 -660.7298 -662.9771 -605.8558 -599.6888 -643.4354 -639.1337 -628.4516 -594.3188 -650.5046 -671.9272 -709.5662 -721.3094 -714.6793 -717.0757 -717.1298 -711.5502 -712.5694 -711.7015 -697.6587 -689.134 -695.4518 -694.5121 -678.9567 -648.8093 -631.5847 -660.8487 -693.221 -728.9499 -745.7903 -738.3914 -718.006 -684.6045 -665.3337 -667.1814 -651.3698 -651.3834 -629.1645 -621.9716 -630.6111 -658.5711 -676.6457 -670.3744 -654.1835 -644.5602 -625.6617 -614.5261 -628.4269 -631.1708 -621.7694 -614.4996 -611.8049 -615.4664 -620.0916
-745.5161 -746.4276 -741.7972 -741.8025 -724.4028 -696.0276 -655.0698 -658.8326 -654.4292 -648.2597 -656.6328 -628.4397 -632.637 -661.963 -659.465 -653.3334 -613.3726 -581.296 -604.8355 -687.677 -713.6594 -693.4863 -713.6427 -717.1811 -707.8555 -699.237 -691.5566 -674.9779 -676.467 -696.0498 -689.8912 -672.9659 -649.8532 -641.4275 -660.3222 -666.6853 -688.691 -691.7496 -690.2095 -683.2123 -663.8626 -658.4764 -659.6022 -643.942 -644.2869 -619.9771 -614.3209 -613.7939 -644.0662 -677.9501 -680.9008 -656.5193 -659.9599 -629.7551 -600.406 -620.3171 -624.093 -614.3189 -604.264 -600.5341 -601.6078 -605.6014
-746.7407 -746.619 -737.9771 -738.1944 -715.7009 -706.4442 -643.4702 -627.7824 -645.1295 -643.0704 -653.2943 -654.97 -651.9716 -661.1387 -669.9781 -670.6061 -635.6855 -573.787 -566.4727 -667.2413 -691.942 -688.8447 -698.3451 -717.7113 -705.2221 -679.035 -662.4146 -659.6788 -670.7042 -696.656 -685.5568 -672.9226 -655.3361 -649.9071 -660.586 -648.6332 -661.783 -664.913 -668.2814 -667.2716 -654.3058 -658.0843 -656.2052 -643.2048 -634.2766 -620.3702 -606.7426 -615.8429 -652.1279 -676.7168 -681.0828 -671.0809 -673.611 -643.418 -604.8354 -604.6574 -622.7216 -612.4048 -609.5445 -604.9208 -598.4533 -586.9539
-710.3821 -748.3855 -733.7611 -730.2211 -690.6168 -698.97 -629.1282 -603.3554 -655.9982 -665.6922 -675.1609 -679.1613 -670.0307 -659.3461 -687.3185 -695.8217 -660.7591 -620.6308 -584.8207 -661.6035 -668.7061 -688.6816 -669.5106 -704.4135 -696.445 -667.8629 -650.2748 -658.5082 -671.5788 -694.5308 -684.5215 -676.6226 -661.562 -659.6638 -656.1061 -651.5187 -661.3511 -660.8355 -663.0424 -650.0955 -640.4798 -656.6407 -658.7813 -645.4409 -640.2777 -640.367 -610.9813 -632.5652 -667.5535 -673.8192 -683.1476 -686.63 -675.6492 -665.6048 -622.9439 -612.2783 -627.1688 -615.8337 -603.3412 -593.0994 -594.5932 -590.1508
-665.0803 -744.4302 -734.2972 -720.6545 -654.1324 -677.9909 -640.3668 -613.979 -676.8757 -704.5872 -712.257 -718.2295 -703.3563 -671.6561 -700.1168 -712.1763 -689.4731 -635.8523 -610.738 -673.986 -665.468 -662.2082 -651.2989 -669.6862 -681.1085 -673.036 -665.6575 -666.3776 -674.9744 -688.2094 -681.3831 -677.8745 -678.4427 -678.2999 -658.6 -653.5919 -653.4833 -640.2591 -643.0099 -645.9503 -651.869 -659.514 -664.0256 -657.8322 -659.3176 -663.8389 -652.627 -656.052 -669.4616 -678.1918 -682.4632 -683.6593 -680.6613 -680.6686 -664.4293 -666.1376 -632.6562 -602.1332 -587.4407 -585.9082 -584.5027 -574.6494
-658.5264 -732.2982 -735.619 -707.7114 -641.3268 -653.8392 -685.8905 -656.8289 -690.3666 -717.1032 -716.663 -715.663 -711.6289 -713.9874 -711.0193 -711.6644 -703.6964 -652.6968 -627.1218 -673.0228 -678.3123 -659.6417 -670.1879 -644.8061 -670.6951 -683.0591 -699.3643 -695.8488 -691.5174 -680.5983 -676.2355 -675.1176 -674.9814 -672.1215 -670.3523 -672.1974 -640.9681 -629.5416 -664.7787 -664.6865 -663.0338 -665.3793 -669.324 -666.3988 -667.3237 -669.4399 -669.3095 -668.1056 -676.3137 -679.137 -686.3884 -687.1696 -686.6232 -687.8035 -688.9592 -686.6519 -671.2087 -649.2631 -626.6217 -615.7556 -587.3142 -581.7671
-668.5399 -738.4879 -733.9878 -675.2604 -639.1163 -685.2751 -712.5299 -697.9184 -693.4288 -702.2324 -692.337 -690.5114 -685.1123 -699.1957 -710.7848 -711.3192 -708.8491 -640.1237 -648.9767 -666.9471 -687.3087 -665.7995 -647.0132 -643.6872 -653.7576 -681.7882 -688.2175 -682.0883 -679.7142 -676.9403 -675.7126 -674.5663 -674.2559 -673.6431 -668.9984 -669.1658 -654.444 -635.7403 -664.9518 -665.3582 -664.4283 -666.2906 -673.0414 -666.5575 -664.3033 -667.4741 -674.3116 -684.1385 -676.1496 -676.2923 -681.3323 -686.2839 -686.8284 -687.9248 -686.7412 -678.483 -652.0095 -611.5894 -594.9658 -592.3224 -552.3056 -555.7458
-667.8409 -744.7864 -730.7484 -722.7687 -713.8085 -710.2383 -705.4438 -702.6911 -697.671 -689.6127 -677.2181 -676.4858 -677.8561 -692.1833 -703.7845 -705.1625 -707.357 -673.9104 -653.7476 -661.3015 -662.4852 -671.9178 -658.6041 -634.0907 -642.7896 -660.6595 -683.8328 -682.3324 -677.9997 -676.7597 -675.2117 -671.8318 -670.5168 -673.0113 -672.953 -672.7678 -670.9152 -664.0516 -663.8152 -664.8192 -663.682 -672.055 -673.9778 -671.2234 -669.3676 -669.034 -675.0987 -678.9757 -677.8311 -681.4785 -680.7498 -684.9775 -686.5497 -687.0989 -671.3589 -615.4968 -629.591 -615.1001 -606.2274 -618.3325 -574.6644 -599.8536
-620.8198 -712.8445 -735.1602 -718.4916 -706.3054 -695.7208 -700.0312 -703.4195 -688.7351 -678.8611 -675.7881 -675.963 -675.645 -681.1763 -692.7522 -696.4496 -695.7001 -694.0168 -651.5632 -656.0542 -658.7985 -672.0711 -694.3549 -633.3447 -651.7565 -664.7223 -681.0433 -680.5794 -676.1317 -675.5142 -673.9807 -672.3438 -667.607 -670.2264 -666.6241 -666.8203 -666.6892 -665.1508 -663.1184 -663.8798 -669.0415 -673.7389 -673.5026 -672.7745 -671.1237 -670.3782 -672.0251 -673.3316 -678.1246 -681.6977 -684.1609 -684.9227 -685.4548 -686.7333 -681.1736 -656.2327 -640.1687 -606.2752 -610.0699 -613.7672 -593.3522 -621.984
-602.1202 -626.5737 -659.3433 -702.1122 -706.3022 -692.7588 -687.0009 -687.655 -680.1198 -675.5903 -676.0725 -675.9522 -675.4266 -676.6566 -685.1727 -690.6744 -692.3533 -696.4681 -678.1078 -660.7349 -657.5041 -661.342 -664.9299 -631.5098 -644.7169 -669.8904 -677.5336 -673.6558 -670.7158 -668.3549 -666.3005 -665.5551 -663.2761 -664.5179 -663.031 -663.3553 -663.3298 -665.1276 -665.9608 -667.686 -672.521 -673.9772 -673.8193 -672.9664 -671.7133 -670.8687 -670.9379 -671.7326 -679.3312 -681.9138 -686.3125 -685.2612 -685.3429 -686.1388 -688.5533 -691.424 -672.194 -645.5237 -634.9424 -609.0355 -598.7148 -620.304
-597.3815 -577.8604 -570.1517 -651.7303 -706.5302 -693.8104 -683.5911 -679.9236 -675.5724 -675.3584 -676.5909 -676.0802 -675.6019 -675.368 -679.1414 -683.4647 -686.6823 -689.8234 -682.3738 -653.5387 -648.0653 -646.8413 -631.1923 -639.5765 -648.0323 -673.8024 -675.1804 -669.4235 -666.9901 -663.0743 -661.5529 -660.8596 -660.377 -657.5854 -661.6191 -662.8473 -662.9845 -664.5801 -668.3887 -671.8615 -673.4454 -673.9689 -673.9668 -673.1282 -672.0975 -671.1655 -671.5032 -672.6339 -681.4196 -685.7098 -689.1323 -689.8384 -686.2734 -689.7697 -689.0079 -697.2005 -695.0845 -690.5369 -673.4139 -618.9752 -603.4505 -605.5991
-587.1947 -546.7324 -523.264 -581.374 -691.8907 -691.2292 -685.3409 -679.2463 -674.8021 -676.0653 -676.5854 -676.2406 -675.5973 -675.0329 -675.9468 -678.4406 -678.8866 -681.3915 -673.3134 -644.7989 -639.2757 -631.1539 -620.7109 -646.3496 -658.8524 -675.8032 -670.3299 -666.7928 -664.4378 -661.3248 -660.3979 -659.7245 -658.9391 -655.0602 -656.8197 -662.2089 -662.428 -662.2853 -666.4396 -671.9366 -673.2698 -669.7566 -673.1143 -672.6981 -671.7679 -671.2384 -671.653 -673.2803 -680.0036 -687.3132 -691.759 -695.6211 -687.4822 -695.207 -691.8527 -698.3918 -699.4655 -700.9853 -698.0557 -650.6776 -623.2847 -9999
-583.2108 -554.2903 -547.0005 -528.8375 -597.6711 -667.9576 -682.4434 -678.9199 -676.1927 -675.6142 -674.6769 -674.49 -673.6406 -672.7324 -672.648 -673.6624 -670.1947 -674.5852 -660.5278 -639.657 -637.4138 -625.8748 -625.7124 -651.0951 -664.995 -670.5376 -662.4088 -661.384 -658.9096 -659.4883 -658.3884 -658.4124 -658.2166 -655.5615 -649.8235 -658.1061 -659.5797 -661.6436 -662.1998 -667.849 -669.9033 -662.065 -671.6818 -671.3298 -670.6868 -670.6047 -671.1888 -672.6146 -674.6551 -682.7909 -691.0107 -697.5662 -692.0772 -696.054 -696.9067 -697.9077 -698.9828 -700.597 -701.0868 -696.2782 -9999 -9999
