Dropbox/GRP Data/GRP mammal paper/NN_analysis/DATA/2014 input files/la_c_bio_1.asc
ncols         272
nrows         166
xllcorner     -214329.5541171
yllcorner     212687.1820549
cellsize      821.1860311
NODATA_value  -9999
[rows 39 to 77 of 166, columns 176 to 263 of 272]
702 703 711 712 716 714 708 720 724 725 727 727 726 728 725 725 733 734 731 731 734 734 735 736 736 735 735 735 732 732 735 734 732 728 721 723 722 719 718 719 720 722 725 727 729 732 734 734 726 734 729 744 746 747 748 749 749 748 748 749 750 752 755 757 760 763 765 766 767 766 766 761 752 762 766 761 748 732 714 679 655 633 616 612 618 624 616 613
697 697 702 705 713 706 709 719 724 726 728 729 730 730 724 720 734 734 731 724 731 733 734 734 736 736 736 736 723 727 733 733 731 728 723 724 723 721 720 722 723 725 727 730 732 735 737 740 733 729 740 748 748 750 749 750 749 750 750 750 751 754 755 759 761 763 764 766 767 765 764 758 757 763 764 764 747 741 717 684 658 631 614 606 615 628 616 610
689 693 692 693 709 701 713 719 725 728 731 731 732 732 724 720 734 734 734 730 731 732 733 734 735 736 737 739 739 738 733 731 731 729 728 726 723 723 722 724 725 727 730 732 734 737 741 743 746 749 750 751 751 750 751 751 751 751 752 751 752 755 757 759 761 762 764 766 766 766 764 760 767 764 765 752 746 744 728 706 681 647 611 608 620 637 622 612
678 692 690 692 704 704 713 724 729 730 734 734 734 734 731 719 730 733 733 734 730 731 732 734 737 738 739 741 740 739 736 730 729 730 729 728 726 725 724 725 727 729 732 735 737 741 744 746 749 752 753 754 753 751 751 752 752 753 753 754 754 757 760 761 762 763 764 765 766 764 765 757 759 741 738 742 754 754 747 729 702 672 635 644 644 646 635 621
672 692 693 695 703 710 719 727 732 734 736 736 735 735 733 722 722 723 727 735 731 734 735 737 741 742 742 742 743 740 736 728 722 725 727 729 727 725 725 726 729 732 734 737 740 744 746 749 752 755 755 756 754 752 752 753 753 754 754 756 757 759 760 762 763 763 764 762 762 762 763 752 754 728 726 742 765 762 752 744 732 699 677 674 667 664 656 646
689 693 696 700 706 711 717 722 724 727 733 736 737 738 739 728 725 722 724 728 728 727 722 739 741 742 744 743 744 741 737 729 725 726 726 728 728 724 722 723 720 724 729 738 742 746 748 752 755 757 757 758 755 740 744 755 755 756 757 759 760 762 762 763 763 759 758 754 752 752 752 748 753 744 746 752 762 766 758 750 744 730 719 705 688 685 684 667
693 695 697 704 709 708 713 721 725 726 731 738 739 741 742 739 727 724 723 721 725 724 721 731 733 740 745 745 744 742 738 731 733 734 730 728 726 724 724 728 726 728 728 733 742 747 751 754 757 759 760 761 759 744 749 757 758 759 760 762 763 764 764 765 763 755 751 752 748 747 745 746 749 752 754 756 753 751 746 743 746 748 744 734 715 716 708 691
689 684 684 692 701 680 686 703 718 728 728 736 740 743 744 744 727 723 722 716 719 723 723 724 725 730 735 741 736 735 737 735 727 725 735 735 731 733 732 718 718 725 730 732 740 748 753 756 759 761 763 765 763 758 759 760 760 762 763 765 765 764 764 764 757 750 745 741 733 737 744 746 746 749 749 753 740 729 726 732 749 757 756 754 746 749 727 715
679 666 657 668 679 644 649 677 701 721 727 732 741 744 745 745 729 711 716 713 715 720 719 713 715 721 726 731 717 708 716 715 702 695 726 734 727 738 736 693 692 703 722 736 738 747 754 758 761 763 766 767 765 761 761 762 763 764 766 765 765 765 763 758 748 736 716 692 681 694 732 745 751 755 756 744 723 722 725 736 757 766 767 767 768 768 749 732
660 649 638 649 650 619 624 652 681 712 726 728 740 744 745 746 730 693 696 697 699 705 707 692 698 713 718 712 683 663 669 660 666 662 696 712 707 724 719 677 667 675 703 736 741 746 755 760 763 766 768 769 766 763 762 764 765 766 767 766 766 765 760 745 745 703 641 613 607 622 690 735 756 757 756 722 717 724 737 757 768 771 774 775 777 781 778 755
641 640 636 642 628 611 617 643 672 710 726 726 738 742 744 742 730 682 656 663 662 669 685 672 673 687 691 684 643 627 622 611 624 638 670 689 697 704 678 662 628 645 693 735 753 746 757 761 766 768 771 772 764 767 767 765 766 766 769 767 766 761 750 742 727 649 599 589 587 594 629 698 759 760 764 736 712 723 757 774 775 776 780 786 789 791 790 782
632 635 639 639 626 619 629 662 688 718 727 727 736 739 740 730 718 680 615 632 631 635 655 650 658 664 654 656 638 624 602 569 583 639 669 676 670 662 640 631 612 639 682 732 754 756 760 765 770 772 774 775 760 752 765 760 757 754 760 758 756 754 753 743 692 610 594 597 594 592 622 699 763 764 765 728 698 716 762 781 783 782 783 788 790 793 794 790
618 634 640 640 641 645 657 681 704 725 729 725 732 733 726 713 672 658 610 613 613 612 627 645 648 660 649 647 642 634 633 632 638 677 701 689 659 647 608 583 582 601 653 717 751 761 764 768 773 776 778 780 776 769 767 760 749 727 723 721 717 720 736 733 666 604 557 530 576 591 621 710 766 769 766 746 728 740 770 787 786 784 785 789 792 795 794 790
614 624 635 651 664 671 684 701 714 728 730 710 681 695 685 653 631 624 582 563 568 568 601 633 645 654 655 648 651 655 662 664 666 683 728 719 691 656 614 578 579 599 646 714 753 764 768 775 777 779 781 783 783 780 762 731 703 672 645 645 638 639 668 669 624 607 583 548 586 594 628 718 768 773 764 734 733 746 771 787 788 786 787 789 793 795 796 795
623 629 633 636 657 676 690 707 723 730 730 730 708 682 675 649 626 608 547 507 504 515 554 613 627 631 637 641 656 672 680 683 676 702 747 741 718 676 638 594 592 614 660 718 748 768 771 780 781 783 785 786 787 784 759 707 655 620 600 601 598 599 619 625 608 612 610 591 607 633 699 753 774 774 747 714 719 735 761 783 788 788 787 790 791 792 794 796
611 633 632 632 643 672 695 716 727 732 729 732 727 708 694 681 634 583 514 481 477 487 542 603 612 590 609 637 664 686 693 700 692 720 756 758 747 712 675 636 621 637 680 721 747 770 776 783 785 786 789 790 790 786 757 690 625 597 597 593 586 591 599 612 626 645 658 664 674 702 764 779 780 778 734 705 709 722 748 777 786 788 787 789 789 787 790 793
613 636 639 632 639 666 694 723 733 731 731 736 735 729 720 702 647 587 505 473 470 495 552 602 611 578 606 644 672 701 712 721 719 736 761 769 768 749 716 680 648 655 691 717 748 773 781 787 788 790 792 793 793 787 755 679 615 596 605 588 574 586 594 613 647 687 717 738 752 761 784 784 785 788 754 735 735 733 747 774 784 786 785 783 782 778 782 785
631 656 652 635 643 662 695 726 736 732 738 749 746 739 733 705 649 602 528 486 471 507 560 609 621 604 628 652 670 711 731 742 744 751 767 772 774 769 744 703 662 659 683 699 736 775 784 790 792 794 796 796 795 787 754 683 621 599 604 582 570 583 596 614 645 697 731 758 777 785 788 789 792 798 794 792 790 763 753 769 777 776 776 767 768 762 770 772
673 694 669 642 658 673 702 729 739 735 749 761 760 748 736 705 643 613 574 521 480 504 562 615 632 641 650 662 670 712 739 754 760 763 771 772 773 765 738 699 662 654 659 674 716 769 789 793 798 800 799 799 798 790 756 702 642 606 600 609 599 598 599 612 633 671 696 738 770 785 793 795 797 801 806 810 807 761 735 752 760 751 750 741 744 741 757 765
716 723 693 665 683 699 714 733 742 738 758 767 768 762 746 713 648 629 619 568 496 502 559 602 636 667 669 686 698 715 740 756 770 775 779 778 775 738 693 663 646 644 652 679 738 771 792 798 802 804 802 802 801 796 767 721 664 628 601 602 604 602 606 614 632 637 649 703 737 778 799 803 805 809 814 818 817 788 758 759 752 741 724 721 721 717 730 753
726 729 724 706 709 720 727 739 745 740 761 768 769 768 766 740 670 640 631 610 515 491 522 542 608 660 705 715 727 731 753 762 773 795 798 786 765 716 653 606 577 608 684 713 758 789 798 803 805 805 805 806 804 798 778 737 697 663 640 632 634 633 624 615 640 646 652 662 705 772 805 811 813 816 820 824 831 823 806 790 776 748 715 708 706 709 722 740
728 736 730 734 724 731 738 744 741 747 765 768 769 770 768 755 716 679 644 615 523 505 508 517 554 620 688 738 754 759 768 775 780 802 802 782 755 699 641 605 546 600 678 743 779 798 805 809 810 807 806 807 806 802 786 755 730 712 705 693 666 649 642 639 649 633 657 662 689 762 810 818 819 823 827 830 835 832 819 807 796 760 720 710 706 708 719 729
728 740 750 753 732 737 741 747 743 757 769 769 771 771 769 767 735 704 674 641 552 508 526 526 527 587 665 719 755 767 778 795 794 806 808 787 749 708 672 632 584 640 697 758 786 803 808 812 810 806 806 810 811 809 802 786 765 763 738 699 671 664 653 650 632 648 669 661 691 765 812 822 826 831 835 838 844 842 827 816 803 771 737 725 717 714 719 728
732 739 753 758 754 750 746 745 753 756 771 772 772 773 772 771 748 710 684 651 600 543 520 520 523 577 658 710 757 772 782 803 810 815 812 789 763 732 707 673 654 701 748 780 795 806 811 810 808 805 804 810 814 816 816 815 806 789 744 691 675 667 632 631 642 668 673 663 707 778 818 829 833 838 843 847 851 849 837 827 810 792 762 740 724 718 720 -9999
733 744 758 762 763 762 757 753 764 765 772 773 774 776 775 775 764 725 691 663 632 555 524 524 527 573 656 707 757 777 792 814 820 821 816 795 781 761 740 716 719 754 786 798 807 811 813 809 805 803 803 808 814 821 825 829 828 801 748 689 681 660 638 629 660 680 672 673 712 782 824 836 839 844 850 854 856 855 849 837 819 792 763 740 730 730 737 -9999
736 750 758 762 764 767 763 756 767 770 769 774 774 778 778 779 775 742 702 674 643 555 529 528 534 585 662 706 756 784 806 822 826 824 819 801 794 784 770 761 769 789 804 810 816 815 815 809 803 800 800 805 811 822 829 832 830 806 757 700 689 672 680 649 678 686 677 697 731 794 830 842 846 851 856 860 863 864 860 847 838 787 748 738 742 756 -9999 -9999
739 753 758 761 764 767 766 762 768 772 770 776 773 778 781 782 780 754 714 680 646 555 538 534 548 602 669 713 753 789 815 826 829 829 823 808 803 799 796 799 804 810 815 819 819 812 810 802 795 786 786 794 803 819 830 836 832 805 770 724 704 705 705 671 701 693 689 728 784 829 843 848 854 858 862 868 872 873 870 863 867 824 767 758 760 -9999 -9999 -9999
743 753 757 759 763 766 768 770 771 774 775 778 775 778 784 785 783 758 717 683 643 557 563 560 570 611 671 726 754 790 815 829 831 832 829 819 810 812 817 816 821 824 822 820 814 796 785 776 764 748 749 764 787 814 831 841 839 816 787 756 725 715 711 715 710 698 700 742 811 844 854 859 860 865 869 873 877 880 880 880 881 877 831 804 -9999 -9999 -9999 -9999
746 751 756 759 763 767 770 772 774 776 777 779 781 777 785 786 784 752 713 688 641 565 606 614 608 632 674 726 772 788 814 830 833 832 831 826 818 815 820 822 824 826 821 812 800 761 715 709 707 701 695 716 749 789 833 845 845 845 832 807 797 764 733 725 711 705 725 765 809 831 857 862 864 867 872 878 881 884 886 891 896 894 881 -9999 -9999 -9999 -9999 -9999
744 749 754 761 764 768 771 773 775 777 779 782 783 777 784 788 782 747 714 702 682 596 653 675 664 689 707 735 773 803 820 825 827 834 833 828 822 821 825 827 830 828 819 802 769 730 677 664 650 665 680 695 727 783 833 847 854 857 856 851 842 806 784 782 760 713 713 739 796 843 856 861 866 871 876 880 883 882 884 893 899 908 908 -9999 -9999 -9999 -9999 -9999
742 748 754 761 765 769 773 773 777 779 781 785 778 774 781 790 777 759 739 730 705 680 684 698 701 724 748 757 772 804 820 827 825 826 834 830 823 827 828 834 834 825 820 783 730 691 664 610 592 616 644 661 692 749 809 845 858 870 872 867 862 855 845 832 776 723 718 729 764 786 808 837 863 869 875 878 882 869 853 865 897 910 -9999 -9999 -9999 -9999 -9999 -9999
741 748 754 758 766 770 772 774 778 779 783 786 780 773 786 781 769 757 751 741 717 698 705 714 721 731 742 743 774 799 812 816 827 828 831 827 820 824 821 834 838 829 823 793 734 692 650 597 596 620 665 702 705 740 786 834 862 873 883 879 874 875 873 863 808 756 745 751 749 749 759 788 820 835 844 859 862 829 799 832 865 -9999 -9999 -9999 -9999 -9999 -9999 -9999
741 749 754 758 765 769 772 775 777 779 780 779 778 776 782 762 750 757 753 744 720 714 713 713 720 722 738 732 757 792 807 806 816 826 831 825 815 813 813 829 842 823 800 788 752 703 667 653 659 681 720 740 746 759 786 836 866 876 884 893 889 886 884 877 842 794 767 773 777 773 765 763 769 779 786 805 823 801 773 797 -9999 -9999 -9999 -9999 -9999 -9999 -9999 -9999
745 750 755 761 767 769 773 774 777 778 777 777 777 777 778 762 727 733 742 741 723 715 714 726 736 729 737 740 751 770 795 791 807 824 828 811 795 786 795 833 850 829 794 793 772 739 714 721 723 738 776 782 792 801 811 844 860 879 883 902 902 892 890 885 870 833 783 787 809 812 806 783 750 746 750 770 798 799 773 -9999 -9999 -9999 -9999 -9999 -9999 -9999 -9999 -9999
750 755 760 765 769 771 774 775 776 771 768 776 783 781 774 765 715 719 730 740 724 717 724 745 759 755 748 742 749 746 774 785 798 819 814 784 761 763 792 835 857 844 812 812 798 787 766 768 765 783 818 827 830 842 844 856 858 879 888 907 911 899 897 892 887 859 805 806 826 834 841 818 766 752 762 790 808 809 -9999 -9999 -9999 -9999 -9999 -9999 -9999 -9999 -9999 -9999
756 760 763 767 771 772 774 774 772 748 750 772 788 784 768 764 722 721 733 752 745 745 752 763 777 781 768 736 740 729 752 770 781 805 802 773 752 763 803 836 861 854 836 832 823 818 809 799 799 828 845 852 858 860 865 871 871 879 898 917 917 905 900 897 892 870 839 837 847 855 858 840 797 782 803 837 838 814 -9999 -9999 -9999 -9999 -9999 -9999 -9999 -9999 -9999 -9999
761 764 768 771 773 773 773 773 760 724 731 766 787 780 750 751 743 729 752 778 783 787 790 784 791 798 783 732 722 717 734 732 754 781 801 797 797 788 806 850 866 865 856 853 836 834 841 827 837 854 859 860 874 868 874 879 876 883 904 927 911 901 901 900 896 891 886 874 873 877 876 866 845 853 858 863 857 -9999 -9999 -9999 -9999 -9999 -9999 -9999 -9999 -9999 -9999 -9999
765 768 772 774 774 774 774 774 746 716 723 765 786 768 725 734 768 747 772 799 805 808 814 806 804 810 792 730 707 709 718 710 716 754 797 817 839 843 843 863 871 875 873 872 866 851 839 835 869 873 869 869 887 879 882 886 888 904 918 935 921 916 914 911 902 893 891 888 889 889 869 869 857 858 859 866 -9999 -9999 -9999 -9999 -9999 -9999 -9999 -9999 -9999 -9999 -9999 -9999
767 770 774 774 774 775 776 771 756 706 732 776 793 767 746 769 784 783 791 817 828 831 836 825 815 817 810 762 715 712 709 700 703 730 785 823 854 867 873 872 874 878 881 879 877 871 852 857 877 884 882 897 910 900 893 901 908 917 933 937 931 923 920 914 906 895 894 885 880 885 852 842 839 838 850 -9999 -9999 -9999 -9999 -9999 -9999 -9999 -9999 -9999 -9999 -9999 -9999 -9999
