Dropbox/GRP Data/GRP mammal paper/NN_analysis/DATA/2014 input files/la_c_bio_12.asc
ncols         272
nrows         166
xllcorner     -214329.5541171
yllcorner     212687.1820549
cellsize      821.1860311
NODATA_value  -9999
[rows 87 to 115 of 166, columns 65 to 129 of 272]
108879.6 111932.3 114718.9 116949.2 118056.9 118550.6 118740.7 118919.3 118973.1 118565.6 117878.3 116743.4 115561.3 114567.2 113328 112205.9 111881.8 112157.9 112414.5 112550.3 111946.5 110738.6 110066.6 109488.4 109230.9 110107.6 112024.8 113380.6 116594.1 117025.6 118577.3 121519.7 125656.2 133760.6 143236.2 153724.8 165378.4 186134.1 210673.2 244804.1 274629.7 271908 254308.7 238343.9 219267 207626.3 200715.2 203227.6 210158.7 215342.1 218341.7 213422.4 202471.1 188128.1 175377.3 167052.7 160369.6 153112.6 140406.7 127466.9 119982.8 122441.5 133245.8 147759.7 155647.6
108338.3 110169.5 112048.7 113901.5 115132.5 115736.8 115964 116352 116295.7 116057.9 115752.4 114799.9 113501.9 112688.5 111479.9 110755.4 110867.3 111254 111837.2 112274.9 111445.3 110834.1 110689.5 110173.2 109965.2 110816.6 111753.9 114416.1 117971.5 117542.3 120246.8 123594.5 129006.5 141939.6 159645.4 175872.5 193677.8 218368.6 249402.4 275402.1 296479.1 292765.3 275732.7 260214.1 248809.6 241257.9 229846.7 220486 217211.5 218601.2 217368.9 210462.1 200975.3 189816 179923.9 172247.2 165630.1 158727.9 146589.8 134706 128471.8 132188.7 144122.5 158769.3 165051.4
104977 105556.3 106045.5 107218.1 108877.4 110135.1 111013.9 111825 112365 112594.8 112640.4 112132.7 111117.7 109990.3 109253.3 109343.8 109519.3 110192 110885.5 111981.5 112040 110983.2 111205.3 111386.3 110698.6 111282.9 112462 114101.3 118830.1 120571.7 122513.5 126993.7 132518 147167.1 168336.8 192707 220656.7 250578.8 279797.1 297790.1 302653 296594.9 283597.9 273424.4 268051.9 263865.6 255686.9 240667.2 224967.5 218745.9 212986.4 204156.6 196946.8 189679.6 182517.6 175887.4 169211.9 162669.5 152780.4 144056.2 140043.9 143159 152989.4 165557.7 170505.9
99469.75 98716.07 97678.14 97744.33 99963.32 102659.6 104829.2 105970.1 107448.4 108279.1 108818.6 108731.5 108150 107798.3 107563.4 107287 107860 108738.2 109793 111080.8 111656 111148.4 111667.3 112397.1 111687 112263.4 113564 115813.3 122632 125931.3 128145 135885.8 140071.7 154251.7 176114 206235.1 242484.3 273324.7 291738.4 300748.3 299747.9 293779.1 284419.7 278799.6 276845.1 275025.8 271193.3 255869.7 232393.1 219488 209393.5 199783.4 194769.8 189585.5 183891.7 178437.3 171925.3 165957.6 158639.4 154452.6 154123.6 156280 161603.4 172336 175926.5
93806.41 92980.01 92191.68 92539.58 93443.15 96017.19 98602.07 100769.9 102615 104816.1 105662.6 105922.3 105936.3 106030.1 105275.4 105456.6 106324 107233 108659.2 110283.6 111326.4 111164.2 112069.9 113388.8 113110.5 113595.7 115009 118693 127582 133211.5 141068.8 149185.4 153074.6 165518.3 189145.8 223038.6 258749.4 284334.7 291233.8 292500.6 293469.3 290897.1 284676.3 281077.8 280744 280618.7 277534.3 262643.2 237493.1 219181.7 203758.5 195736.9 193460.8 190571.5 185839.1 181144.1 175386 170585 164979.7 165307 168899.1 170646.2 172128.2 178615.8 181208.9
91876.41 92158.2 92038.38 91915.92 92532.22 93336.7 94755.21 96753.6 99376 101492.9 102811.6 103611.4 104260 104250.8 103780.2 103803.2 104854.7 105929.1 107461.8 109235.9 110981.5 111780 112622 114491.5 115706.6 115398.1 117049.5 124335.8 133114.7 143771.7 156733.8 163078.3 167947 178746.5 206866 240564.1 265640.8 282285.1 286184.3 286879.9 288800.4 288672.7 285412.4 282762.3 282626.7 282194.3 278788.7 264962.6 239999.4 211265.1 191042.8 185955.7 187128.7 189486.4 186940.5 182354.5 178683.9 174847.6 173197.1 176173.6 181074.6 183367.2 184101.5 186640.3 187457.1
90616.47 91224.98 91514.68 91744.66 91983.48 92161.98 93354.98 95133.38 97356.87 99488.66 101122.4 102349.3 103238.8 103078.1 103088.1 102836.1 103601.5 104702 106447.2 108187.5 110691.1 112712.4 113481.8 115816.4 118688.9 117373.6 119597.8 130573.7 138270.6 153581 167773.4 174737.8 182114.3 195480.8 225571.6 250990.3 263066.1 271201.7 279865 288589.7 292014.6 291780.7 288628.8 284907.8 284055.5 282126.6 275158.5 262335.6 241196 208456.5 186023.1 178501.5 176539.8 179085.2 181369 178064.9 182406.9 181889.6 180826 183405.1 187699.4 189136.6 189083.8 191949.5 192281
89622.09 90736.24 90649.33 91111.11 91470.23 91846.53 93035.3 94828.69 96880.11 99027.88 100677.6 101695.8 102375.3 102404.2 102674.1 102537.4 102611.1 103590.4 105607.8 107877.8 111063.1 113934.1 114980.5 117555 120917.6 119247.5 122281 134381.9 141953.6 156161.8 171735.8 182197.8 195670.3 217991.3 241871.3 254730.9 263099 269391.4 277392.5 289162.1 298847.5 299392.6 296221.5 288416.1 285503.9 279546.8 271330.5 257353.8 235061.8 203324.3 181737.5 173591.5 168189.9 166905.3 169437.2 177054.4 186077.8 186926.3 187009.2 188365.3 192952.2 194102 195052.8 195833.9 196530.5
88470.59 89637.36 89955.04 90522.7 91160.4 91941.13 93143.7 95009.8 97185.26 99340.05 100814.6 101388.8 101670.4 102021.9 102351.2 102507.4 102015.6 103008.1 105260.2 108663.9 112603.4 115470 117263.6 119916.6 122556 121198.1 125192.7 137553.7 145165.6 154839.7 170179.3 183482.6 199742.1 224370.5 245770.6 254629.4 262990.8 270459.4 278752.5 289607.1 298687.6 299831.3 295147.3 286667 283056.5 276366.4 265451.1 247832.7 221731.7 193029.2 177542.8 169290.5 163015.6 156438.8 153422.5 155538.2 165285.3 181338.8 187631.6 191776.6 199272 201354.4 201311.3 200365.5 200557.6
87569.63 88582.75 89466.23 90174.47 91019.58 92037.24 93310.85 95257.05 97486.54 99600.4 100910.2 101353.1 101454.9 101919.1 102297 102480.2 102061.7 103454.7 106250 110250.2 114993.2 116701.3 119899.6 122856 124474.1 123683.7 128063.5 140841.8 148219 156873.2 172186.3 187047.9 204981.7 229241.7 249199.8 257942.3 265341.4 268989.2 273436.8 279487.4 289544.7 294120.6 290142.6 280715.3 276257.9 270679.6 260220.5 243354.1 217484.3 193619.8 181659.6 171930.3 162340.9 151252.6 141256.9 136390.2 136775.5 156288.9 177153.7 191148.5 204348.3 206860.2 206724 202854.2 198922.4
87320.7 88022.15 89035.41 89970.5 90894.79 91930.17 93269.95 95288.58 97517.37 99539.29 100756.6 101259.8 101584.1 102045.4 102502.6 102559.9 102816.3 104986.2 108407 113505.5 118306.7 119965.6 123948.1 125550.2 127003.8 130075.8 132349.8 143966.3 151878.6 159674.4 174072.6 191121.1 210402.9 234975.4 252612.1 261416.4 267169.3 265358.8 262330.6 269167.7 280641 286289.1 282894.4 272263.2 266002.9 260663.3 250767.4 237969.6 223816.2 209080.1 194431.1 179947.1 166974.1 152928 138178.4 128379.9 122673 132049 155354.5 178880.8 199018.4 205508.9 205448.2 197391.7 188979
87315.52 87653.48 88654.38 89797.23 90699.21 91655.45 93041.73 94907.93 97005.41 99073.3 100221.5 100864.4 101523.6 102148.2 102661.8 102695 104681.4 107922.6 112484 116959.7 119329.7 123913.2 126579.7 128073 130933.1 134424.5 139780.1 147990 155826.2 163638.3 177448.7 194821.8 216118.2 234666.1 247227.2 257140.5 261359.3 256120.6 249675.9 255098.2 266136.5 272499 270775.8 258708 249999.8 242743.4 233830.1 227486.5 225793.5 218787.3 204782.7 187525.2 171619.1 156319.3 141912.2 130877.9 123752.9 122099.7 132135.2 154714.5 179126.5 192825.5 193124.5 184200.1 175255.6
86611.59 87535.35 88279.6 89403.71 90307.66 91213.27 92477.14 94353.41 96022.69 97923.66 99153.71 100241.4 101466.1 102497.5 103886.6 105176.1 108158.5 112168.1 116812.1 119087.3 122145.5 126319.7 128806.3 131390.1 134637.9 138568 146362 152200.9 159195 167461.2 181972.9 200627 215908.1 226915 236517.4 246531.4 249276.2 237625 229464.9 230668.2 239569 246723.8 246462.9 234591.8 225508.9 218205.3 211474.1 210508 215784.5 214555.6 205386.6 189048 171480.4 156126.4 144635.8 135781.6 127799.1 121544.1 118323.7 128818.4 149166.1 166747.4 171675.6 167870.1 162334.3
86269.42 87071.89 88046.3 89413.82 90592.87 90845.31 91899.13 93590.38 95605.56 97027.74 98169.95 99450.99 101099.3 102877.6 104525.4 107518.6 111401.3 115519.3 118550.6 121634.4 125455.5 128201.3 130994.6 134263.3 137926.1 143376.3 151425.2 156126.8 162261.5 168395.6 181960.8 199034.4 207299.8 215018.3 222865.4 229933.6 231681.9 218789.9 207743.8 203581 209764.8 217216.8 216631.5 207035.2 199659.2 193928.4 190093.3 191925.1 199378.3 202838.8 196780.6 182653 166188.4 151706 141138.4 134313 128548.5 119720.6 113763.9 112708.9 117989.9 133036.5 145893.9 144206.5 141873.5
86132.29 86970.97 88219.84 89682.41 90776.36 91085.37 92322.92 93822.32 95120.95 96235.7 97564.24 98859.97 101051.4 103614.8 106486.5 109447.5 112870 116617.7 119067.1 123473.2 127304.8 130114.4 133040.9 136900 141164 146956.6 154672.9 157908.5 162491.3 166682.5 178053.3 189636 194390.7 202117.7 209148.3 213673.9 213696.6 205526.1 192561.9 184635.5 188118.3 195810.4 194658.7 188245.7 182379.3 176666.9 175353.3 178639 183800.3 185838.9 181403.9 170211.3 156493.6 144986.8 136695.1 131306.6 125451.6 118452.4 110331 105619.2 105496 112847.4 116482.7 118216.6 118781.8
86234.16 87296.84 88720.95 90239.3 91338.27 92050.14 93132.81 94113.7 94968.94 95645.9 96803.41 98478.66 100364.9 103153.9 106719.3 109390 112670 116324.4 119696 123336.8 127478.9 131239.3 134509.3 138836.7 143740.3 148800.7 155118.4 157761.4 160642.8 164398.8 172233 179095.7 182736.8 189675.2 196645.5 202564.3 202201.1 193710.7 182560.3 173401.9 173580 180776.6 181259.8 175938.9 169689.2 165986.4 164940.7 164688.9 165861 165197.8 160587.8 151589.4 141466.9 134246 128892.6 124744.9 120282.4 114724.5 108126.1 103873.6 103754.2 104955 105506.4 105964.9 106158.8
86481.84 87857.81 89398.77 91075.5 92525.97 93202.94 93894.59 94427.35 94923.25 95275.03 96293.17 97834.27 99047.36 101190 104567.2 107138.5 110244.3 113941.3 118510.4 121720.5 126370.6 130661.3 135040 139850.3 145238.3 149492 153547.8 157478.1 159746.7 162177.4 165062.4 170560.4 174040.4 178445 182118.3 187957.6 195086.9 186222.3 175327.2 166131.7 165408.3 172317.3 177263.4 172917.8 163815.6 157434.3 152768.6 150587.8 147887.7 143192.5 137029.4 130119.9 123862.9 120793.9 118550.4 115692.1 112400.6 108917.6 105650 103998.6 103610.5 103259.1 103081 103431.4 102841.9
86678.08 88162.95 89790.14 91542.25 93342.83 93968.99 94348.59 94714.4 95017.16 95243.32 96061.86 96921.33 97718.05 98746.09 101014.2 103264 105725.3 109158.3 113873 118934.7 124048.5 128595.1 134473.5 140356.4 146033.2 149182.8 152837.9 156321.2 157536 158684.7 162359.5 163146.8 166688.8 167958.4 170898.1 176656.8 184591 186186.8 170408.4 159660 158420.8 162780.5 165842.4 161765.9 153021.3 145740.1 139750.1 135171.7 130676.4 125456.3 120013.4 114596.3 109984 108242.4 107182.1 106211.7 105569.4 104653.9 103859.1 103251.8 103320.4 103430.5 102302.4 101954.9 101589
86749.61 88189.49 89767.84 91484.95 93371 94312.03 94760.85 94941.63 95214.05 95440.73 95801.66 96164.85 96737.42 96916.23 97458.58 98889.42 100942.4 104039.7 108246.2 113806.6 120345.9 126235.3 132360.6 139255.3 144969.3 148253.8 150195.7 151994.3 152299.7 152313.7 150955.6 148352 148160.5 149101.4 153167.3 163368.1 173788.3 175860 162815.9 146939.3 144909.5 147064.4 154222.4 150838.3 143561.9 136251.6 129811.9 124169.6 119772.1 115013 110198.3 106031 102870 102287.9 101883.1 102114.8 102420.2 102688.2 103406.7 103533.8 103836.4 103580.7 101620.1 100078.5 100141.7
86743.48 88210.34 89657.63 91343.98 93106.23 94505.25 95256.12 95107.62 95276.98 95518.16 95504.77 95690.64 95931.23 95938.33 95963.36 96161.41 97142.46 99381.77 103578.2 109262.2 115368.1 122571 128736.4 135769.1 141645.8 144418.4 146172.9 145909.3 143684.5 144118.1 145148.3 144435.3 144039.9 144555.6 146783.2 151833.2 157507.1 156439 148691.3 141928.1 139982.4 138640.3 143946.8 141816.1 136584 130336.3 123977.5 118874.1 114674.3 110814.5 106200.6 102851.1 100746.3 100621.9 100595.1 100970.4 101233.5 101441.3 102300.5 102471.9 102403.3 101576.6 99638.62 97492.23 97488.13
87043.84 88622.37 89938.48 91550.94 93124.45 94646.1 95267.24 95194.02 95316.69 95426.36 95270.98 95413.41 95679.07 95478.22 95270.23 95346.66 95829.72 97620.07 101316.7 107328.1 113625.4 120459.1 127464.9 133126.9 138321.6 141271.5 142612.2 142794.2 143334.6 144003.3 142798.2 142052.5 142044.8 142939.8 144797.7 147261.7 149900.6 147310 142765.6 140638.2 139052.3 135885 135599.9 135273.3 131448.9 126844.6 121648.7 117558.1 114185.3 110802.7 107022.2 103432.8 100929.5 100328.3 100346.1 100477.5 100847.9 100361.5 100458.6 100011.9 99210.96 98299.29 96844.58 95021.95 94387.44
88323.64 89875.62 90839.21 92042.28 93485.47 94697.59 95492.26 95446.8 95458.56 95368.58 95363.01 95227.48 95280.71 95164.45 95179.19 94717.51 95502.8 97552.23 102712.1 108613 115016.7 122285.5 129480.1 135061.7 139301.6 141321.2 141862.9 141657 141718.3 142007.8 141491.6 141205.2 141500.4 142686.2 144545.8 146045.7 147870.9 144944.1 141553.7 139526.9 137293.7 134755.4 132349.1 132235.8 129545.9 125932.8 121966.1 118677.9 116122.6 113062.5 110423.7 106593.1 102926.1 101091.7 100479.2 100456 101256.8 100133.3 99601.77 98802.67 97662.3 96595.25 95472.55 94358.81 93251.81
89890.02 91681.2 92391.73 93130.05 94056.3 94940.39 95627.35 95529.73 95504.74 95418.85 95316.7 95347.82 95088.09 95214.91 95025.95 95580.3 96502.59 99367.84 104680.8 110815.3 118245.5 126026 132977.5 139102.6 142926.7 144102.3 143874.8 142635.1 141200.2 141089.5 141133.6 141051 141656 142634.2 144141 145407.9 146060.2 143737.1 140731.8 138390.6 136000.6 134367.5 133046.9 131736.3 130008.3 126982 123962.7 121187.6 118464.4 115780.3 113520.6 110700.1 106992.6 103924.6 101905 101042.7 101863.4 100827.6 99505.65 98301.77 96886.75 95487.63 94445.23 93581.26 92564.9
91367.09 92942.59 93462.41 93952.66 94674.67 95463.33 95908 95900.88 95729.59 95529.37 95417.52 95370.55 95124.48 95347.52 95549.23 96800.33 97760.48 101340.3 106544 113187.9 121175.4 128822.5 136084.2 142369.9 146595.4 147613.7 146997.8 144894.3 142852.4 142019.1 141602.2 141305 141699.7 142050.5 142825.9 143934.3 143201 142283.9 139942 138149.3 137169.4 135252.4 133377 131407.9 129568.7 127755.4 126360.2 123860.1 121006.5 117599.8 115498.6 113226 110312 107995.4 105450.7 102882.8 102162.6 101563.3 100291.8 98339 96725.1 94837.09 93072.16 92224.23 91496.41
91275.43 92722.5 93526.09 94243.5 95134.86 95988.04 96269.56 96288.95 96061.05 95784.13 95653.9 95461.23 95408.49 95516.54 95859.76 96725.81 98612.36 102714.1 107784.1 114863.4 122791.7 130093.5 137749.3 143996.4 148699.3 150427 150128.1 147921.3 145630.5 143852.6 142899.2 141968.2 141421.4 141090.4 141210.3 141496 141181.6 140992.2 139613.4 138151.4 137688.8 135915.7 134157.7 131439 129050.8 127854.4 127939.6 126659.7 123570.4 119481.9 118440.3 115843.4 112951.4 110222 107252.5 104757.5 103121.6 102396.5 101452.1 99586.28 97206.21 94615.6 92228.2 91146.02 90197
90831.4 92390.54 93479.69 94449.32 95514.87 96339.2 96706.71 96790.91 96527.84 96183.08 95962.88 95721.24 95747.08 95780.54 95954.66 96563.6 99258.89 103355.1 108198 115230.9 123034.7 130349.6 137878.9 144435 149304.3 152465.7 153220.8 152114.2 150089.5 148445 145860.5 142620.4 140873.8 139912.8 140103.6 140570.3 140567.5 140579.8 139472.5 138296.9 138014 136722.4 134970 131736.2 128703.8 128101.4 128589 127931.3 125965.1 122340 121335.7 118553.4 115820 113096.5 109591.5 106292.1 104303.3 103605.8 102706.2 100525.4 97760.14 95205.68 92370.82 90428.27 88905.96
90601.41 92350.1 93767.29 94908.34 95916.34 96623.68 97159.36 97455.02 97066.97 96616.46 96297.52 96125.45 96117.94 96081.56 96200.41 97375.46 99915.85 103397.4 108076.2 114456.3 122253.8 129571.4 137202.8 143971.7 149415.3 154156.7 156209.5 157658 158775.2 158386.2 151535.2 143591.2 139719.4 137224 137943.3 139726 140057.5 140769.5 140204.8 138975.3 138251.5 137910.2 135955.3 131614.9 129068.4 129422.8 131660.1 129218.1 126915.1 125145.5 124463.9 121221.6 118339.8 115214.5 112366.3 108851.1 105899 105314.6 104737.5 102055.7 99223.89 96426.74 93527.16 90732.46 88614.3
90743.51 92550.4 94109.66 95370.56 96267.66 96966.21 97579.46 97984.8 97626.88 97119.57 96748.8 96620.91 96594.4 96348.02 96565.96 98037.36 100379.4 103283.4 107862.8 113494.3 120841.7 128096.6 136345.5 143135.5 149060.2 154620.6 159347.5 162615.2 166903.4 171447.7 154626.7 146117.7 139155.4 136073.4 136404.4 138918.6 140419.4 141778.2 141744.7 140620.5 140357.8 138977.5 137276.3 134881.8 132377.3 132859.8 135169.5 131566.6 127586.4 127683.2 127991.2 124083.8 121026.5 117435.2 114734.2 111409.7 108168.6 106825.6 106574.7 104538.2 101345.5 98264.23 94956.66 91539.14 88743.84
91288.63 92893.72 94214.13 95636.18 96555.04 97305.16 97837.23 98155.38 98162.62 97837.1 97451.09 97164.92 97119.5 96921.79 97171.16 98754.84 100513.9 103680.5 107466.6 112682.3 120034.6 127881 135327.7 141665.1 147197.9 152350.7 156542 161866.1 165813.1 169161.1 156425.2 147500 139623.9 137043.2 136832.3 138944.8 141333 145914.9 145888.2 144821.1 142925.3 141439.6 140269.3 139410.6 138316.9 137943 138623.5 134726.2 129964.4 129979.1 131046.5 127248 124006 120271.9 117332.1 113612 110298.1 107998.4 107239.1 106326 104062.1 100898 96522.21 92450.13 89059.82
