Dropbox/GRP Data/GRP mammal paper/NN_analysis/DATA/2014 input files/la_c_bio_1.asc
ncols         272
nrows         166
xllcorner     -214329.5541171
yllcorner     212687.1820549
cellsize      821.1860311
NODATA_value  -9999
[rows 78 to 116 of 166, columns 88 to 175 of 272]
908 899 871 840 800 755 719 712 709 701 676 679 661 663 659 694 754 756 714 695 690 703 691 674 599 610 636 648 682 656 611 569 551 505 493 540 533 601 620 634 626 582 560 556 562 541 548 558 564 578 572 578 591 594 604 605 625 622 616 617 621 626 629 633 637 638 640 638 634 630 628 637 627 636 645 650 654 646 644 650 662 652 664 673 703 749 763 766
992 943 881 833 814 769 743 713 689 678 670 630 618 629 646 655 709 722 691 664 673 675 673 671 634 639 650 654 670 659 640 591 544 510 502 529 544 600 614 621 599 545 544 539 543 506 530 549 557 566 563 570 585 597 590 603 626 628 619 620 621 626 630 634 638 639 641 638 634 636 638 639 615 619 634 650 654 643 638 636 643 628 651 666 706 746 762 767
1012 953 895 848 826 796 771 739 706 687 666 630 616 632 639 644 670 670 662 646 650 654 656 655 648 644 650 657 660 657 647 616 566 536 528 540 565 597 608 614 591 541 530 522 525 496 523 540 551 553 558 566 577 583 589 608 630 630 623 623 628 622 629 634 637 638 640 637 633 635 643 629 608 609 637 646 649 642 634 634 643 662 676 672 706 738 745 757
995 951 904 861 840 813 789 760 718 693 670 642 624 631 636 606 589 619 636 636 635 632 645 643 642 625 620 628 640 641 640 629 607 577 566 577 585 594 599 602 602 543 513 510 504 496 514 526 542 546 554 565 577 586 596 609 628 627 634 631 635 629 625 633 636 637 640 638 635 632 637 641 635 633 636 645 650 647 641 630 640 650 662 687 717 729 731 736
997 961 920 876 849 829 811 772 721 691 672 647 627 628 630 571 517 585 620 628 606 583 627 637 635 612 583 584 610 615 623 620 609 600 596 593 593 594 595 598 598 553 515 511 482 440 459 516 535 540 547 562 582 598 612 624 628 629 630 629 635 633 625 628 635 638 639 638 638 634 637 637 640 642 635 642 651 652 646 632 636 644 653 688 720 727 726 729
994 960 926 890 853 821 797 751 710 679 665 639 628 624 601 542 502 566 601 617 565 534 600 621 618 605 573 562 587 607 608 610 604 596 594 593 595 595 594 591 585 531 512 506 495 474 477 501 514 528 542 564 580 603 617 622 613 613 619 627 633 633 625 625 633 637 640 640 641 639 640 640 638 643 639 643 656 657 654 645 638 642 650 684 713 727 729 733
981 947 916 881 841 796 753 713 689 652 644 632 632 618 560 491 500 544 561 598 571 571 593 597 593 576 549 551 586 598 602 607 599 585 579 585 589 600 599 581 561 519 502 500 493 485 488 497 505 518 539 558 573 600 617 617 598 590 590 616 631 631 625 625 629 635 640 641 643 642 641 643 641 642 645 647 658 661 661 658 647 642 651 679 706 725 730 735
971 942 904 851 809 773 731 697 670 611 599 632 638 624 576 505 438 494 488 556 575 573 584 587 590 568 534 525 527 525 539 577 592 589 575 578 586 605 606 576 537 509 488 474 476 480 486 492 499 509 528 549 571 594 612 612 591 580 574 597 630 632 628 627 628 633 642 643 645 642 639 642 645 645 649 651 659 664 665 665 658 647 655 676 699 716 724 731
968 949 908 846 781 747 736 693 650 573 519 567 602 605 581 494 487 464 470 486 537 570 576 581 585 564 498 479 494 496 514 564 589 588 580 577 585 606 599 551 522 503 480 452 445 460 471 489 496 503 520 545 568 585 602 612 596 577 571 591 629 632 630 630 630 633 643 645 646 642 636 640 647 652 652 651 661 667 667 668 666 659 662 676 688 702 716 725
948 931 902 859 796 756 728 665 593 566 518 526 521 516 515 503 444 358 401 454 511 558 564 579 584 573 527 496 496 506 538 575 588 583 581 573 576 599 573 524 498 495 463 415 400 431 456 486 494 500 513 543 563 578 594 615 611 593 588 608 630 629 632 633 633 635 645 648 647 642 635 637 645 655 653 652 661 669 669 669 668 666 665 672 680 686 700 714
930 904 879 840 790 761 741 701 652 601 516 506 451 488 489 455 280 157 292 424 477 511 531 555 569 571 549 520 510 520 542 569 584 581 580 574 566 578 552 521 477 480 451 391 363 405 452 483 493 500 504 532 557 575 592 612 623 626 623 630 632 630 635 638 637 641 648 651 651 642 637 638 646 660 654 656 664 670 673 673 671 668 673 681 682 685 692 705
921 892 858 820 779 758 730 691 639 608 577 534 496 478 488 416 227 94 251 413 471 471 487 516 540 563 562 549 540 542 546 564 580 583 579 578 560 556 544 534 485 475 461 415 372 398 460 480 495 501 498 511 546 567 582 594 608 625 625 621 624 628 636 640 639 644 649 654 656 645 636 642 650 668 658 655 670 676 678 674 665 683 696 698 691 698 708 686
923 900 859 812 774 754 713 670 646 611 546 520 514 494 467 360 247 199 285 403 459 462 478 503 516 555 566 563 560 559 559 569 574 583 578 575 557 550 541 535 510 492 482 460 427 426 469 481 499 500 493 500 519 546 563 567 579 598 604 611 635 634 638 640 645 649 650 654 657 646 643 645 661 675 666 665 672 683 685 686 676 683 698 701 704 708 688 641
916 877 843 811 783 740 660 620 608 610 538 481 448 447 408 346 312 319 334 404 452 473 495 513 512 555 559 561 558 553 559 571 561 574 576 564 555 552 546 531 505 497 485 468 460 467 489 501 504 499 480 499 511 536 556 572 584 594 612 625 634 633 639 640 645 652 650 653 658 656 658 664 674 681 679 677 681 686 689 694 689 691 698 702 710 710 664 606
909 868 844 824 797 727 622 589 574 598 565 474 386 387 392 420 409 352 357 431 475 480 489 504 526 566 567 581 580 568 581 583 556 571 571 566 551 551 531 472 461 482 483 467 455 464 503 518 515 496 478 499 507 537 558 592 614 624 629 625 632 638 642 643 646 652 652 655 660 663 667 671 679 683 686 685 686 685 694 701 699 699 698 700 712 717 662 594
908 884 860 837 800 726 633 610 588 553 539 477 403 436 473 511 494 383 380 453 474 481 494 524 564 582 571 569 601 606 586 578 553 543 538 528 534 551 537 486 477 479 480 473 463 474 503 518 522 513 498 503 512 545 566 600 629 630 630 622 631 639 644 645 647 651 654 658 662 663 669 673 680 684 687 687 688 688 696 703 703 704 703 702 711 725 676 599
912 899 866 837 789 729 656 642 591 490 463 409 413 497 522 517 545 488 464 482 477 480 512 524 554 584 588 573 578 587 612 638 600 538 491 524 552 556 549 520 504 494 480 485 472 473 501 521 531 533 528 528 527 553 570 603 632 634 635 631 632 638 644 646 651 652 655 659 663 663 669 675 680 684 687 688 690 694 699 706 707 712 716 714 714 729 699 630
921 904 868 837 781 719 654 640 607 541 455 361 439 522 576 574 584 544 504 520 500 489 509 561 581 604 630 633 637 641 650 660 660 615 586 590 568 537 521 517 523 508 479 508 496 472 510 523 546 554 549 546 542 556 574 605 625 625 625 630 636 641 645 649 655 654 656 659 662 665 672 677 680 684 688 690 693 698 704 715 718 722 729 727 726 732 731 699
924 899 870 836 774 727 677 637 607 605 520 455 488 522 592 616 598 529 514 545 558 527 516 561 580 603 612 616 631 638 660 678 686 670 664 620 565 484 449 485 534 523 496 543 532 497 522 543 562 571 567 561 561 562 580 603 610 601 600 614 637 647 648 654 657 657 658 660 662 667 675 678 680 684 689 692 697 702 708 713 716 720 725 728 732 734 731 740
915 893 876 814 762 717 679 644 628 611 565 530 527 529 608 605 610 528 507 553 578 578 563 581 591 598 598 602 623 622 641 674 696 687 694 654 579 474 433 478 550 550 535 578 567 539 542 574 581 590 590 586 584 575 584 599 597 585 589 607 630 647 650 657 662 664 666 667 666 669 675 680 681 684 686 692 696 702 705 712 716 721 725 730 738 747 755 752
856 852 845 788 762 717 665 645 634 608 588 574 565 552 614 598 610 552 547 590 601 615 611 617 611 601 570 590 626 623 636 662 681 677 706 698 631 546 518 533 583 593 583 610 601 570 571 589 605 612 613 608 599 584 592 604 600 587 580 605 621 645 652 660 668 671 671 674 672 672 677 681 678 679 683 685 691 703 710 717 721 725 729 734 755 778 780 768
811 806 794 777 756 717 661 644 630 608 586 582 582 576 614 626 621 595 612 632 630 635 638 635 626 612 556 581 631 632 655 666 654 658 702 713 694 644 628 625 628 641 628 644 633 590 589 597 615 623 629 632 622 607 603 623 610 589 561 586 627 647 658 662 674 678 677 680 678 676 680 680 681 667 652 648 659 712 713 718 724 729 735 747 768 792 793 784
825 796 770 743 735 714 668 645 632 608 598 596 606 608 622 656 649 647 652 654 651 653 649 635 634 632 595 602 638 634 660 688 669 659 675 709 724 693 674 676 675 669 667 676 641 594 604 622 622 629 636 650 646 646 645 644 643 635 623 628 637 646 651 660 677 684 687 688 686 685 683 682 676 662 645 638 665 706 720 723 726 737 748 751 769 792 793 802
859 797 758 721 723 713 677 637 626 625 632 627 645 645 645 669 690 684 663 662 661 662 652 639 637 650 642 643 641 638 649 682 692 695 681 698 725 731 684 691 688 683 685 687 646 599 616 633 639 641 658 665 669 661 668 670 672 672 652 650 650 658 654 659 679 690 694 695 693 692 690 688 676 656 651 651 661 705 723 728 731 747 747 756 771 785 791 811
886 815 768 743 727 706 677 634 630 664 663 648 664 665 674 690 725 690 670 676 660 641 634 633 637 639 639 641 648 647 660 667 668 686 709 702 734 758 729 717 687 683 683 694 693 636 639 648 664 668 682 683 683 680 685 696 703 705 691 682 682 675 663 665 691 694 700 702 701 700 699 695 685 658 654 680 685 712 717 716 717 735 729 759 769 768 777 794
898 844 800 781 725 687 667 660 683 697 673 655 647 662 691 697 730 700 677 682 662 650 642 643 646 652 654 663 675 689 707 694 683 685 708 697 733 762 744 737 722 708 698 702 712 694 661 670 689 692 702 701 700 701 704 715 724 724 720 708 702 677 663 669 698 700 708 712 712 711 710 707 704 685 677 709 724 721 713 700 703 721 716 755 759 748 758 775
888 828 798 772 707 681 670 647 705 703 660 648 687 697 693 665 722 760 700 690 679 665 672 658 656 662 685 699 702 708 718 712 698 699 712 707 729 770 757 754 749 736 722 723 738 729 702 696 712 712 714 711 712 713 716 725 735 733 737 724 702 671 664 675 703 713 720 724 724 721 722 722 722 718 719 722 732 731 726 713 721 734 720 747 749 752 765 802
871 778 752 737 717 673 667 643 675 674 672 663 679 671 690 662 717 776 757 704 695 680 695 693 694 697 709 717 722 729 735 738 726 721 724 725 747 779 766 765 766 761 755 748 768 758 734 721 725 724 719 715 716 716 720 730 743 744 750 734 703 680 681 688 710 729 732 733 733 730 730 730 725 719 722 721 729 738 747 752 733 741 728 734 751 761 784 807
927 839 821 796 753 721 703 686 696 696 706 684 667 689 672 689 759 781 779 711 696 680 705 710 714 718 722 727 734 744 749 754 751 750 752 754 768 784 773 771 774 777 780 772 787 789 761 749 733 724 720 718 718 719 726 737 751 761 757 741 723 716 700 701 718 735 741 742 739 737 737 735 732 732 729 724 732 739 748 759 759 753 751 742 736 760 796 805
927 897 859 809 787 764 738 713 737 739 734 692 693 689 704 753 766 751 780 752 696 685 692 698 712 719 720 716 722 740 746 754 754 770 775 778 780 787 783 777 778 783 791 793 797 807 808 786 757 728 720 719 721 721 737 752 764 771 765 763 763 756 722 717 737 741 745 747 745 742 743 740 738 739 732 730 743 743 754 760 763 762 757 717 741 779 790 792
918 896 863 824 801 778 764 753 763 762 736 689 713 711 718 798 767 736 779 787 723 703 691 695 709 708 695 689 693 712 725 739 726 767 772 778 785 793 794 791 792 792 800 804 804 812 829 820 806 747 724 721 727 729 748 763 772 781 774 772 772 767 746 735 746 757 756 754 750 748 745 743 742 746 747 747 742 744 750 756 762 760 735 683 700 732 767 790
859 828 802 796 790 774 772 771 767 753 729 707 702 722 724 789 786 741 771 793 768 724 706 707 712 700 677 673 677 677 699 710 686 739 748 757 768 794 800 804 807 810 812 817 820 820 835 836 827 775 729 722 733 742 763 780 786 788 781 777 774 765 762 743 751 761 760 758 756 754 750 749 746 749 752 754 751 749 752 759 740 700 693 675 681 706 740 783
824 792 750 754 753 768 768 765 757 739 735 743 710 724 748 778 802 744 750 796 795 740 699 692 704 711 711 682 684 681 680 691 690 695 712 744 741 787 799 802 805 809 815 820 815 826 837 840 832 805 731 730 733 758 785 790 791 789 787 787 787 773 769 753 760 765 763 761 761 758 755 750 740 740 744 752 754 751 756 760 706 664 666 662 675 698 715 748
839 801 745 731 706 741 766 769 758 754 760 774 780 780 779 828 797 757 745 790 800 764 713 689 694 702 712 718 721 699 683 694 694 695 706 725 757 791 801 802 805 807 812 813 815 831 838 841 833 816 784 747 746 768 791 793 794 794 790 792 794 785 778 764 767 769 767 766 766 764 760 755 742 734 741 745 760 749 749 741 699 667 660 645 656 681 691 709
848 787 739 709 671 672 762 777 776 789 800 815 831 835 843 828 778 759 762 729 800 804 801 787 753 713 709 716 724 733 718 698 695 682 695 710 753 793 799 803 806 808 813 818 822 836 839 841 839 819 813 791 783 790 798 799 798 800 795 796 797 793 786 777 773 774 773 772 771 771 768 766 759 752 759 755 768 746 737 707 700 675 663 643 629 649 661 692
799 726 674 644 643 620 686 689 726 800 845 878 858 811 768 767 747 767 760 751 777 786 790 792 790 780 740 717 713 733 743 692 687 692 702 709 725 780 799 804 809 815 820 827 831 839 840 843 844 832 833 830 813 809 809 808 806 807 803 799 799 797 792 786 779 781 779 778 777 777 777 777 778 782 784 781 769 742 719 678 670 680 667 647 621 623 633 672
792 717 635 581 565 549 569 675 803 830 862 829 796 786 790 772 747 758 770 754 765 777 796 801 805 797 772 729 715 743 752 689 691 698 702 709 715 743 777 804 810 818 825 832 837 842 843 845 846 847 850 849 830 819 819 818 815 815 811 803 803 802 797 792 787 788 787 785 783 783 784 783 783 785 784 782 770 740 672 669 689 707 673 642 628 628 634 662
805 720 683 645 603 561 587 695 800 852 861 843 775 772 779 782 769 760 794 766 766 776 793 815 820 814 789 733 724 755 763 710 704 709 709 710 720 720 744 794 809 816 827 834 839 844 846 847 849 851 854 855 845 826 825 823 822 823 819 813 810 810 805 801 797 794 793 793 791 787 786 787 786 785 783 780 772 779 759 738 766 714 686 673 643 617 628 638
817 768 704 639 592 573 598 654 716 834 882 857 832 771 778 782 780 786 809 794 773 778 777 816 832 830 793 737 732 757 776 743 732 741 737 718 725 728 726 767 807 817 830 837 841 845 847 851 853 855 857 859 850 829 824 827 829 828 827 824 823 818 810 805 800 798 797 796 793 792 791 789 787 786 786 785 782 780 782 785 749 700 712 694 667 638 609 632
