Dropbox/GRP Data/GRP mammal paper/NN_analysis/DATA/2014 input files/la_c_bio_5.asc
ncols         272
nrows         166
xllcorner     -214329.5541171
yllcorner     212687.1820549
cellsize      821.1860311
NODATA_value  -9999
[rows 58 to 86 of 166, columns 195 to 259 of 272]
2635.475 2558.542 2576.155 2628.875 2676.194 2723.365 2765.158 2757.379 2772.646 2785.461 2806.827 2842.272 2867.93 2897.485 2930.558 2917.969 2946.013 2918.46 2836.792 2778.632 2742.302 2732.034 2747.36 2733.029 2746.909 2800.451 2840.345 2891.984 2910.018 2909.963 2910.023 2924.823 2921.196 2918.613 2900.076 2858.862 2812.465 2762.817 2708.732 2663.936 2639.907 2625.661 2638.127 2653.393 2645.836 2695.106 2713.307 2735.169 2800.071 2832.941 2882.974 2939.187 2959.07 2964.57 2970.538 2974.815 2975.573 2933.175 2884.815 2847.737 2847.605 2832.775 2818.74 2807.188 2803.445
2681.106 2576.13 2546.063 2575.063 2597.696 2680.311 2756.076 2828.885 2827.183 2835.231 2829.255 2865.778 2870.905 2889.515 2971.515 2974.128 2948.394 2878.896 2797.256 2735.986 2681.758 2662.251 2699.03 2765.637 2787.478 2834.407 2875.984 2900.765 2918.981 2914.975 2910.014 2917.774 2920.434 2910.775 2904.953 2876.648 2835.525 2796.597 2760.907 2735.678 2714.433 2710.306 2716.095 2697.819 2657.141 2632.876 2647.356 2686.874 2751.736 2807.859 2882.308 2948.799 2968.529 2977.717 2983.343 2984.065 2984.468 2961.088 2933.479 2906.3 2885.694 2866.054 2837.699 2798.433 2788.429
2680.128 2581.921 2468.628 2478.212 2516.743 2605.712 2678.439 2786.267 2868.139 2900.198 2907.523 2918.775 2929.043 2916.267 2980.925 2980.573 2939.013 2865.567 2778.987 2718.653 2680.095 2630.649 2698.63 2774.295 2826.993 2860.295 2894.208 2916.24 2921.583 2923.51 2913.128 2911.641 2912.117 2910.351 2907.321 2885.925 2850.655 2828.181 2805.254 2808.379 2797.993 2761.745 2695.719 2656.711 2595.348 2589.662 2561.813 2633.359 2716.556 2781.413 2858.617 2942.672 2969.827 2979.614 2989.909 2993.399 2993.541 2980.239 2954.477 2921.48 2908.037 2895.8 2856.986 2812.079 2793.873
2706.521 2605.504 2490.485 2421.652 2443.863 2533.24 2638.125 2744.242 2830.388 2892.027 2926.961 2947.559 2968.646 2958.795 2983.941 2990.077 2948.735 2856.556 2790.039 2752.76 2710.253 2672.845 2742.89 2798.042 2850.843 2873.147 2911.462 2932.217 2918.147 2913.904 2902.169 2901.77 2910.683 2918.024 2917.008 2905.38 2883.801 2864.83 2862.603 2840.924 2796.242 2738.077 2651.249 2593.887 2582.582 2538.57 2575.686 2663.665 2730.977 2788.968 2859.862 2934.584 2971.805 2989.191 3000.723 3007.497 3008.989 2998.063 2972.407 2943.18 2928.214 2909.624 2874.671 2836.794 2819.301
2717.354 2652.884 2568.094 2449.589 2396.254 2502.488 2609.676 2709.201 2807.328 2888.35 2914.556 2935.249 2981.623 2992.251 2998.571 2990.555 2948.015 2883.333 2825.123 2789.656 2751.84 2748.92 2799.343 2848.071 2876.728 2888.811 2929.16 2924.165 2904.102 2900.199 2891.599 2897.051 2910.409 2921.507 2926.603 2926.236 2927.166 2917.528 2890.612 2841.72 2774.814 2701.061 2616.752 2518.883 2530.198 2559.872 2613.673 2679.448 2747.888 2811.18 2880.399 2942.436 2979.778 3002.477 3010.605 3018.488 3021.105 3015.681 2991.444 2964.512 2947.722 2925.421 2912.653 2873.979 2843.292
2740.361 2683.347 2593.112 2448.294 2390.91 2490.23 2595.758 2687.857 2795.725 2878.962 2917.293 2945.22 2993.731 3008.805 3005.219 2996.129 2959.44 2919.579 2864.821 2824.98 2795.565 2808.748 2846.213 2885.261 2901.749 2915.95 2952.515 2935.908 2903.754 2891.927 2885.639 2892.131 2910.017 2926.952 2936.867 2942.919 2952.754 2949.686 2909.896 2845.562 2762.849 2671.438 2582.238 2535.468 2522.99 2599.482 2656.832 2705.366 2765.877 2818.195 2884.14 2951.005 2987.848 3010.881 3019.162 3027.199 3034.183 3033.557 3014.605 2987.335 2962.739 2945.27 2917.819 2872.308 2833.145
2757.058 2687.552 2592.453 2470.333 2441.529 2510.438 2606.668 2691.427 2788.134 2873.358 2933.399 2977.662 3007.666 3014.115 3009.979 3001.27 2969.88 2943.651 2903.435 2864.852 2851.921 2865.289 2892.517 2919.843 2943.159 2956.252 2968.039 2950.47 2913.027 2895.89 2887.775 2892.226 2906.417 2925.111 2939.835 2948.932 2957.816 2952.027 2921.184 2859.321 2777.078 2685.95 2600.324 2623.245 2566.308 2632.235 2700.51 2749.608 2795.685 2836.741 2890.075 2956.583 2991.766 3016.247 3029.946 3039.555 3051.353 3051.732 3039.654 3015.821 2981.564 2978.727 2917.27 2838.91 2816.896
2765.276 2683.687 2579.825 2523.331 2512.53 2551.661 2625.382 2706.384 2795.359 2868.503 2946.571 2999.652 3015.197 3015.313 3015.714 3005.218 2974.517 2953.561 2939.618 2917.302 2916.558 2932.729 2949.521 2964.367 2979.609 2974.421 2951.657 2931.202 2905.309 2894.17 2879.461 2886.546 2892.708 2909 2933.126 2948.9 2960.74 2947.821 2915.027 2874.102 2821.778 2753.055 2703.241 2690.415 2611.713 2679.44 2731.703 2774.871 2827.412 2889.092 2928.74 2970.691 2996.976 3025.148 3042.944 3055.064 3064.8 3065.473 3059.431 3048.124 3021.839 3033.427 2987.566 2863.4 2855.173
2769.491 2671.159 2562.397 2578.267 2576.375 2590.031 2634.596 2704.14 2811.764 2871.815 2947.629 2997.075 3014.969 3015.372 3015.732 3013.094 2987.665 2962.225 2963.204 2967.772 2960.633 2979.543 2994.426 2983.056 2958.163 2934.593 2900.91 2879.479 2863.035 2853.633 2832.691 2841.589 2859.706 2888.186 2925.659 2956.762 2971.893 2954.115 2921.35 2899.989 2872.708 2815.195 2801.599 2761.745 2723.921 2723.618 2755.662 2791.458 2844.571 2911.745 2950.344 2986.186 3009.903 3033.644 3050.529 3062.964 3067.324 3067.706 3070.697 3079.046 3081.16 3082.418 3075.082 2994.71 2942.181
2769.295 2650.256 2570.115 2633.667 2645.991 2627.519 2652.231 2691.69 2806.589 2906.12 2942.304 2990.31 3012.621 3013.745 3015.468 3014.36 3003.113 2982.185 2962.205 2967.181 2969.236 2972.249 2977.939 2938.77 2911.49 2897.644 2856.817 2796.582 2793.168 2789.971 2784.504 2771.506 2798.749 2845.64 2897.109 2955.785 2988.817 2978.463 2956.98 2942.928 2923.135 2927.116 2891.671 2845.729 2836.648 2811.639 2772.097 2816.175 2872.357 2916.385 2935.386 2987.877 3011.477 3034.871 3046.4 3062.29 3076.562 3078.284 3078.906 3083.992 3097.135 3110.439 3114.02 3078.022 -9999
2783.698 2700.25 2608.276 2669.791 2698.282 2679.166 2712.95 2761.283 2816.175 2897.566 2970.389 2994.338 2997.905 3003.282 3015.01 3015.506 3005.938 2986.191 2973.583 2975.943 2977.77 2978.138 2965.901 2929.44 2899.651 2858.302 2812.446 2752.652 2738.023 2710.938 2728.147 2741.909 2764.214 2814.536 2896.948 2961.834 2997.05 3003.325 3000.374 2999.991 2992.958 2968.153 2933.558 2911.815 2917.018 2885.25 2794.217 2802.436 2839.958 2903.633 2951.537 2988.144 3011.62 3034.889 3057.323 3073.61 3077.749 3076.56 3059.985 3048.768 3056.518 3096.219 3138.213 3142.556 -9999
2824.832 2782.307 2676.327 2648.453 2700.89 2767.817 2806.657 2841.989 2850.411 2881.508 2967.604 2998.344 3003.51 2996.827 2997.345 3015.23 3005.297 2985.729 2991.066 2994.59 3003.656 3000.965 2944.878 2928.941 2873.583 2815.541 2776.464 2739.921 2670.868 2644.139 2669.223 2704.18 2729.046 2772.699 2859.578 2932.785 2989.69 3015.689 3042.903 3051.312 3036.804 3011.018 2999.77 2976.854 2965.279 2903.461 2825.94 2817.446 2829.83 2868.645 2892.852 2927.786 2973.661 3019.631 3043.561 3059.637 3062.64 3059.556 3020.267 2993.742 3010.003 3068.05 3112.32 -9999 -9999
2842.906 2801.972 2736.333 2670.507 2693.525 2715.755 2724.989 2750.669 2813.924 2885.218 2947.81 2975.599 2974.209 2996.785 3002.691 3007.187 2996.827 2977.878 2985.653 2976.763 2999.976 3010.334 2973.678 2947.048 2888.777 2823.714 2777.14 2724.106 2655.6 2652.774 2679.555 2739.709 2785.273 2795.292 2854.06 2909.329 2964.414 3008.35 3044.719 3076.819 3067.827 3044.694 3044.372 3031.172 3003.204 2940.378 2872.095 2855.936 2866.34 2843.736 2811.24 2839.831 2904.149 2954.167 2984.764 2995.582 3010.78 3014.18 2950.359 2902.473 2961.125 3019.519 -9999 -9999 -9999
2845.093 2797.766 2704.712 2691.549 2747.516 2759.427 2744.696 2726.911 2776.404 2846.336 2925.927 2961.583 2952.91 2972.91 2998.096 3008.455 2989.836 2968.823 2961.352 2955.064 2991.125 3018.436 2971.292 2912.257 2885.163 2844.528 2791.805 2746.014 2729.256 2736.519 2760.103 2809.313 2835.063 2852.955 2879.129 2908.351 2954.376 2999.358 3024.197 3065.112 3098.337 3086.559 3066.61 3061.698 3027.426 2976.214 2924.74 2881.688 2890.26 2881.422 2856.131 2854.543 2871.419 2876.565 2872.339 2888.862 2925.669 2947.409 2908.363 2852.243 2905.237 -9999 -9999 -9999 -9999
2834.881 2805.167 2737.92 2730.806 2799.019 2819.646 2794.327 2745.396 2722.594 2774.582 2884.623 2940.769 2923.29 2957.333 2994.313 3000.184 2961.857 2937.71 2920.995 2924.67 2998.07 3028.808 2980.481 2903.545 2899.512 2874.846 2834.403 2803.112 2816.307 2817.224 2838.079 2882.073 2894.815 2908.62 2921.966 2928.348 2954.599 2974.944 3011.147 3047.487 3114.492 3116.75 3078.736 3083.631 3045.5 3010.567 2972.628 2901.767 2903.536 2931.407 2938.159 2928.53 2894.419 2845.944 2803.787 2823.573 2875.787 2911.476 2915.177 2855.994 -9999 -9999 -9999 -9999 -9999
2827.461 2806.36 2783.889 2783.076 2836.299 2864.401 2851.473 2804.854 2724.72 2740.108 2837.369 2903.92 2917.047 2941.67 2984.455 2974.987 2921.288 2884.2 2890.267 2923.864 3003.253 3039.874 3005.336 2935.85 2934.813 2920.272 2896.063 2872.384 2877.85 2872.76 2896.614 2935.792 2963.107 2962.822 2967.591 2967.426 2976.42 2961.248 3014.174 3061.344 3121.239 3134.761 3104.345 3102.564 3069.841 3039.076 2999.958 2933.718 2930.265 2957.057 2974.78 2978.971 2937.584 2868.074 2826.673 2848.897 2901.814 2934.565 2941.206 -9999 -9999 -9999 -9999 -9999 -9999
2850.173 2839.905 2843.328 2853.758 2865.163 2897.12 2906.536 2873.161 2761.926 2731.68 2803.403 2864.317 2902.143 2909.502 2953.363 2951.209 2904.913 2866.359 2885.256 2943.131 3006.631 3049.6 3027.819 2981.41 2977.458 2963.984 2946.726 2936.096 2921.321 2920.435 2952.355 2971.74 3005.686 3020.781 3005.345 3014.089 3023.464 2992.316 3028.116 3097.375 3138.536 3149.164 3135.102 3111.288 3099.289 3061.966 3023.878 2987.068 2974.25 2979.79 3000.985 3000.118 2967.95 2906.197 2892.712 2925.878 2967.034 2985.456 2949.462 -9999 -9999 -9999 -9999 -9999 -9999
2902.306 2914.509 2924.178 2932.015 2901.438 2923.546 2942.625 2909.177 2771.918 2696.99 2778.694 2838.209 2824.024 2861.156 2904.162 2944.182 2933.613 2935.772 2918.46 2946.463 3030.68 3057.094 3053.902 3034.058 3030.959 2989.543 2976.695 2978.75 2947.117 2965.282 2997.27 3014.559 3023.498 3059.776 3033.945 3044.158 3054.66 3040.57 3058.683 3106.699 3163.523 3141.198 3124.083 3120.451 3118.952 3108.39 3097.478 3064.099 3025.53 3010.328 3028.629 3021.62 2999.796 2951.551 2963.093 2985.5 3007.813 3014.471 -9999 -9999 -9999 -9999 -9999 -9999 -9999
2948.545 2963.769 2968.218 2982.955 2958.204 2945.658 2960.289 2928.838 2798.853 2669.848 2747.004 2819.207 2748.886 2792.526 2858.249 2933.065 2971.956 3021.757 3028.964 3021.379 3047.647 3060.756 3073.354 3067.872 3061.371 3050.905 3019.659 2969.34 2959.751 3050.593 3056.913 3050.758 3043.135 3086.593 3061.22 3071.083 3081.305 3081.587 3111.188 3139.393 3178.134 3162.23 3158.89 3155.412 3153.531 3140.961 3117.423 3094.008 3077.162 3058.313 3064.463 3006.191 3009.983 2982.277 2972.419 2984.819 3015.953 -9999 -9999 -9999 -9999 -9999 -9999 -9999 -9999
2977.111 2998.351 3010.331 3016.283 2987.983 2971.325 2979.774 2962.028 2858.363 2713.71 2757.479 2793.31 2723.099 2711.485 2790.182 2916.32 2986.619 3040.491 3067.861 3073.172 3064.571 3067.393 3079.576 3080.685 3076.279 3076.055 3063.783 3009.465 3006.352 3072.977 3083.347 3077.213 3104.897 3125.243 3109.867 3098.542 3111.596 3123.908 3145.731 3168.342 3179.842 3174.045 3169.604 3169.71 3161.686 3147.032 3110.923 3085.845 3037.379 3026.479 3038.284 2968.586 2954.751 2947.503 2941.04 2977.589 -9999 -9999 -9999 -9999 -9999 -9999 -9999 -9999 -9999
2998.818 3024.168 3026.714 3024.708 2996.103 2979.738 2994.966 2995.65 2900.448 2748.932 2752.722 2746.251 2693.485 2692.565 2760.253 2839.518 2917.447 2995.89 3061.634 3082.241 3073.53 3074.071 3076.384 3081.479 3090.773 3086.258 3091.888 3080.747 3070.85 3090.126 3092.737 3100.779 3133.878 3150.839 3137.923 3140.934 3143.217 3145.722 3165.478 3177.834 3182.589 3186.884 3186.042 3174.14 3169.566 3119.869 3044.359 3010.049 3007.623 3008.782 2997.161 2922.292 2890.427 2908.41 2919.911 -9999 -9999 -9999 -9999 -9999 -9999 -9999 -9999 -9999 -9999
3011.732 3017.872 3019.128 3021.173 3015.036 2988.299 3000.329 3006.624 2940.278 2837.317 2800.671 2752.642 2698.23 2662.222 2743.531 2853.642 2934.243 3002.846 3062.061 3082.762 3082.088 3087.655 3082.517 3084.635 3088.074 3099.543 3104.1 3103.505 3100.526 3107.35 3115.979 3127.656 3153.184 3165.489 3164.36 3171.417 3166.775 3170.188 3184.22 3173.94 3183.412 3189.77 3194.427 3191.947 3184.994 3150.371 3102.386 3055.817 3034.198 3041.834 3013.328 2928.137 2864.416 2871.689 2892.021 -9999 -9999 -9999 -9999 -9999 -9999 -9999 -9999 -9999 -9999
3007.658 3009.102 3016.839 3017.857 3017.681 3004.842 3005.776 3014.525 2981.292 2933.092 2857.583 2785.132 2726.548 2704.148 2757.067 2850.019 2949.546 3032.956 3078.719 3089.458 3090.785 3098.106 3088.521 3085.522 3090.385 3104.755 3106.996 3114.318 3121.45 3127.692 3132.701 3137.718 3147.513 3170.689 3175.27 3174.731 3176.042 3185.085 3191.172 3182.491 3185.741 3187.084 3196.42 3200.139 3202.505 3191.398 3163.071 3122.363 3095.068 3083.375 3033.658 2940.06 2884.883 2882.875 -9999 -9999 -9999 -9999 -9999 -9999 -9999 -9999 -9999 -9999 -9999
3003.876 3006.207 3010.397 3012.462 3016.912 3014.579 3013.358 3012.091 3001.118 2953.652 2863.997 2806.13 2740.798 2740.392 2824.874 2885.9 2968.214 3055.639 3098.215 3103.71 3098.826 3097.659 3090.588 3085.319 3089.411 3100.113 3102.165 3113.088 3122.858 3132.595 3139.702 3142.961 3139.547 3170.527 3173.32 3172.588 3178.828 3185.385 3191.224 3190.842 3188.729 3185.162 3191.927 3199.34 3211.168 3209.948 3188.261 3164.663 3151.978 3123.775 3060.787 2977.084 2942.965 -9999 -9999 -9999 -9999 -9999 -9999 -9999 -9999 -9999 -9999 -9999 -9999
3003.593 3006.32 3006.419 3009.593 3016.722 3016.989 3017.348 3012.607 3008.648 2942.376 2853.208 2821.721 2759.653 2783.076 2881.001 2949.372 3009.738 3076.782 3112.762 3113.431 3098.938 3093.787 3088.901 3083.506 3085.603 3094.937 3096.76 3103.709 3112.915 3125.514 3141.772 3148.155 3150.272 3169.375 3169.613 3175.127 3180.369 3180.648 3190.936 3190.651 3190.185 3185.221 3179.818 3183.037 3207.956 3211.057 3198.612 3186.683 3181.326 3160.683 3108.1 3048.721 -9999 -9999 -9999 -9999 -9999 -9999 -9999 -9999 -9999 -9999 -9999 -9999 -9999
3000.987 3002.748 3006.55 3008.556 3014.81 3017.085 3017.361 3017.528 3008.589 2933.15 2854.451 2849.626 2819.278 2854.241 2909.632 3007.341 3061.772 3101.264 3120.792 3113.817 3093.007 3090.199 3081.922 3076.506 3084.064 3092.5 3096.263 3098.918 3110.625 3122.783 3142.074 3152.67 3171.207 3169.22 3169.432 3173.872 3177.844 3180.118 3188.462 3190.556 3189.992 3185.319 3166.706 3155.908 3201.746 3210.865 3201.329 3193.602 3189.957 3182.906 3154.102 -9999 -9999 -9999 -9999 -9999 -9999 -9999 -9999 -9999 -9999 -9999 -9999 -9999 -9999
2992.348 2988.655 2997.189 3005.025 3010.62 3014.854 3017.176 3017.623 3002.585 2918.91 2853.323 2873.78 2900.184 2922.677 2959.984 3045.227 3088.109 3113.811 3122.381 3113.721 3094.129 3080.643 3068.662 3066.349 3080.897 3086.146 3096.489 3099.18 3111.279 3123.324 3144.391 3166.36 3178.465 3170.196 3169.543 3169.933 3170.151 3177.937 3180.949 3189.604 3190.019 3186.031 3169.793 3172.019 3198.193 3207.244 3204.231 3206.789 3206.341 3200.228 -9999 -9999 -9999 -9999 -9999 -9999 -9999 -9999 -9999 -9999 -9999 -9999 -9999 -9999 -9999
2963.788 2954.071 2965.69 2996.703 3006.796 3007.832 3015.115 3018.345 3011.365 2933.571 2850.072 2853.696 2909.717 2963.178 2986.907 3012.19 3077.112 3113.9 3121.709 3113.287 3100.843 3076.645 3058.809 3070.904 3083.025 3086.544 3096.499 3099.116 3111.281 3123.802 3156.767 3168.087 3178.578 3176.907 3169.407 3169.31 3170.129 3170.432 3180.359 3182.761 3189.735 3189.656 3191.58 3192.8 3163.588 3170.309 3209.597 3221.582 3215.166 3211.996 -9999 -9999 -9999 -9999 -9999 -9999 -9999 -9999 -9999 -9999 -9999 -9999 -9999 -9999 -9999
2858.851 2880.619 2928.629 2973.265 3000.359 3006.936 3007.899 3018.109 3016.004 2984.165 2922.015 2840.452 2843.38 2909.261 2931.592 2951.69 3058.073 3114.376 3115.03 3112.774 3092.275 3076.228 3054.998 3067.022 3083.059 3094.754 3096.632 3099.279 3111.418 3133.698 3162.074 3168.596 3170.003 3178.306 3174.242 3169.177 3175.264 3177.877 3179.482 3180.082 3181.917 3182.157 3176.857 3173.112 3179.486 3173.55 3188.02 3199.963 3203.803 -9999 -9999 -9999 -9999 -9999 -9999 -9999 -9999 -9999 -9999 -9999 -9999 -9999 -9999 -9999 -9999
