Dropbox/GRP Data/GRP mammal paper/NN_analysis/DATA/2014 input files/la_c_bio_1.asc
ncols         272
nrows         166
xllcorner     -214329.5541171
yllcorner     212687.1820549
cellsize      821.1860311
NODATA_value  -9999
[rows 78 to 116 of 166, columns 0 to 87 of 272]
-9999 -9999 -9999 -9999 -9999 -9999 -9999 -9999 -9999 -9999 -9999 -9999 -9999 -9999 -9999 -9999 -9999 -9999 -9999 -9999 -9999 -9999 -9999 -9999 -9999 1694 1694 1693 1692 1684 1678 1676 1678 1676 1675 1680 1683 1681 1681 1689 1695 1695 1691 1691 1690 1693 1699 1697 1692 1690 1688 1694 1689 1684 1661 1636 1595 1533 1442 1383 1373 1373 1405 1441 1465 1463 1416 1382 1369 1367 1328 1262 1210 1152 1094 1091 1091 1088 1075 1062 1059 1058 1059 1060 1063 1060 1026 941
-9999 -9999 -9999 -9999 -9999 -9999 -9999 -9999 -9999 -9999 -9999 -9999 -9999 -9999 -9999 -9999 -9999 -9999 -9999 -9999 -9999 -9999 -9999 1695 1695 1693 1691 1690 1688 1682 1674 1675 1681 1682 1676 1673 1674 1681 1678 1680 1680 1682 1688 1690 1687 1698 1700 1701 1700 1702 1696 1692 1684 1679 1654 1626 1588 1534 1438 1387 1389 1425 1477 1502 1484 1425 1350 1324 1307 1302 1262 1206 1178 1128 1091 1087 1085 1078 1068 1064 1060 1061 1065 1067 1069 1066 1053 1027
-9999 -9999 -9999 -9999 -9999 -9999 -9999 -9999 -9999 -9999 -9999 -9999 -9999 -9999 -9999 -9999 -9999 -9999 -9999 -9999 -9999 1694 1694 1694 1694 1694 1690 1691 1688 1682 1676 1676 1681 1682 1681 1678 1675 1671 1671 1672 1675 1684 1689 1689 1687 1696 1697 1701 1694 1695 1685 1674 1676 1662 1638 1610 1567 1507 1430 1417 1437 1487 1491 1500 1461 1401 1343 1309 1269 1249 1219 1146 1099 1097 1088 1091 1081 1072 1068 1063 1061 1061 1064 1066 1066 1065 1055 1043
-9999 -9999 -9999 -9999 -9999 -9999 -9999 -9999 -9999 -9999 -9999 -9999 -9999 -9999 -9999 -9999 -9999 -9999 -9999 -9999 1693 1692 1692 1692 1693 1695 1690 1689 1687 1682 1676 1676 1681 1682 1681 1681 1676 1669 1673 1680 1686 1689 1690 1687 1684 1685 1692 1701 1686 1677 1657 1647 1645 1624 1599 1584 1558 1510 1471 1469 1469 1474 1437 1457 1430 1372 1321 1272 1177 1162 1158 1126 1101 1093 1091 1090 1088 1081 1071 1064 1061 1062 1065 1065 1065 1059 1052 1039
-9999 -9999 -9999 -9999 -9999 -9999 -9999 -9999 -9999 -9999 -9999 -9999 -9999 -9999 -9999 -9999 -9999 -9999 1692 1691 1689 1690 1691 1692 1692 1693 1690 1689 1688 1682 1677 1678 1681 1681 1681 1682 1682 1680 1683 1688 1695 1694 1692 1687 1681 1677 1683 1692 1683 1664 1639 1629 1608 1593 1573 1555 1542 1526 1519 1497 1440 1423 1414 1385 1311 1269 1230 1195 1172 1153 1144 1128 1110 1096 1090 1091 1089 1086 1076 1065 1063 1065 1067 1064 1060 1053 1046 1032
-9999 -9999 -9999 -9999 -9999 -9999 -9999 -9999 -9999 -9999 -9999 -9999 -9999 -9999 -9999 -9999 -9999 1693 1692 1692 1690 1689 1690 1691 1693 1693 1693 1692 1691 1682 1677 1677 1678 1679 1680 1681 1684 1686 1689 1691 1698 1699 1695 1688 1681 1678 1674 1671 1675 1656 1630 1618 1607 1592 1573 1543 1509 1477 1458 1434 1396 1366 1384 1355 1296 1264 1243 1220 1179 1149 1134 1122 1108 1096 1091 1089 1087 1085 1079 1070 1069 1068 1066 1061 1055 1047 1039 1022
-9999 -9999 -9999 -9999 -9999 -9999 -9999 -9999 -9999 -9999 -9999 -9999 -9999 -9999 -9999 -9999 1695 1692 1691 1691 1690 1689 1692 1691 1693 1692 1692 1691 1691 1684 1675 1674 1674 1676 1677 1677 1680 1682 1686 1690 1697 1700 1697 1689 1681 1678 1670 1651 1658 1644 1598 1587 1583 1577 1564 1531 1500 1480 1459 1404 1358 1342 1338 1326 1298 1270 1249 1207 1166 1144 1128 1116 1108 1102 1092 1090 1088 1086 1082 1077 1073 1069 1064 1058 1051 1042 1032 1013
-9999 -9999 -9999 -9999 -9999 -9999 -9999 -9999 -9999 -9999 -9999 -9999 -9999 -9999 -9999 1697 1694 1693 1691 1690 1689 1690 1693 1692 1691 1691 1691 1689 1689 1684 1673 1672 1671 1672 1672 1671 1675 1677 1680 1682 1693 1700 1699 1693 1686 1677 1658 1643 1631 1616 1600 1587 1578 1562 1551 1528 1491 1444 1413 1377 1351 1343 1336 1324 1294 1264 1217 1180 1157 1142 1132 1121 1114 1110 1102 1097 1094 1091 1087 1082 1076 1070 1063 1055 1046 1035 1021 1000
-9999 -9999 -9999 -9999 -9999 -9999 -9999 -9999 -9999 -9999 -9999 -9999 -9999 -9999 1702 1699 1695 1693 1691 1689 1689 1690 1693 1692 1690 1690 1689 1688 1686 1680 1671 1669 1667 1666 1665 1667 1667 1671 1673 1676 1686 1697 1699 1697 1697 1696 1688 1680 1663 1633 1609 1592 1578 1553 1530 1499 1465 1432 1407 1374 1354 1334 1312 1281 1251 1224 1189 1167 1156 1145 1139 1131 1127 1125 1121 1108 1098 1092 1088 1083 1077 1071 1062 1051 1041 1026 1006 982
-9999 -9999 -9999 -9999 -9999 -9999 -9999 -9999 -9999 -9999 -9999 -9999 -9999 1705 1705 1704 1698 1693 1691 1688 1688 1689 1692 1691 1689 1688 1687 1685 1682 1673 1669 1666 1665 1663 1663 1664 1664 1667 1666 1670 1670 1671 1685 1699 1698 1697 1692 1683 1662 1637 1611 1589 1571 1548 1524 1485 1454 1426 1402 1372 1359 1325 1274 1242 1217 1195 1180 1167 1162 1155 1153 1148 1146 1143 1138 1123 1102 1092 1088 1084 1077 1070 1058 1046 1034 1018 999 973
-9999 -9999 -9999 -9999 -9999 -9999 -9999 -9999 -9999 -9999 -9999 -9999 1708 1706 1709 1708 1703 1697 1693 1689 1688 1688 1689 1688 1687 1685 1684 1680 1677 1669 1667 1664 1661 1658 1659 1660 1661 1662 1658 1658 1662 1665 1685 1699 1699 1694 1686 1673 1658 1638 1613 1589 1564 1538 1503 1477 1448 1418 1394 1372 1361 1305 1255 1229 1209 1192 1181 1173 1173 1171 1174 1174 1170 1160 1150 1142 1118 1101 1096 1093 1082 1066 1049 1033 1015 1004 989 962
-9999 -9999 -9999 -9999 -9999 -9999 -9999 -9999 -9999 -9999 -9999 1714 1712 1708 1709 1708 1705 1701 1696 1691 1688 1687 1687 1685 1683 1681 1679 1676 1673 1666 1663 1660 1660 1655 1654 1654 1655 1655 1655 1656 1658 1675 1689 1696 1695 1691 1681 1667 1648 1629 1602 1577 1548 1516 1481 1461 1433 1408 1388 1368 1354 1297 1264 1230 1211 1201 1196 1196 1195 1200 1207 1208 1194 1174 1167 1154 1133 1122 1114 1107 1102 1072 1039 1015 995 981 967 948
-9999 -9999 -9999 -9999 -9999 -9999 -9999 -9999 -9999 -9999 1717 1716 1712 1708 1705 1704 1699 1696 1696 1691 1687 1685 1683 1683 1681 1679 1675 1670 1667 1663 1660 1663 1659 1652 1648 1647 1647 1649 1653 1657 1664 1682 1690 1693 1694 1691 1682 1665 1638 1618 1588 1559 1529 1494 1468 1445 1417 1401 1384 1354 1342 1320 1290 1252 1242 1246 1251 1250 1244 1267 1290 1244 1214 1209 1204 1180 1150 1145 1136 1128 1078 1051 1032 1011 992 975 959 942
-9999 -9999 -9999 -9999 -9999 -9999 -9999 -9999 -9999 1720 1718 1715 1710 1706 1703 1701 1700 1695 1693 1689 1686 1684 1682 1680 1678 1675 1672 1667 1663 1659 1657 1659 1656 1649 1645 1644 1647 1649 1653 1660 1669 1682 1690 1691 1693 1692 1679 1658 1629 1608 1580 1551 1529 1491 1454 1442 1422 1410 1397 1355 1345 1329 1324 1327 1335 1353 1363 1348 1355 1343 1318 1290 1280 1269 1238 1201 1179 1168 1153 1103 1076 1055 1036 1020 1005 985 965 944
-9999 -9999 -9999 -9999 -9999 -9999 -9999 -9999 1718 1719 1716 1717 1713 1710 1707 1701 1698 1694 1693 1691 1688 1683 1680 1678 1675 1672 1668 1664 1660 1656 1653 1652 1651 1646 1642 1644 1647 1648 1654 1661 1669 1679 1686 1687 1691 1689 1667 1646 1621 1594 1572 1552 1546 1506 1439 1450 1445 1462 1464 1406 1377 1362 1373 1400 1421 1427 1435 1449 1454 1441 1402 1361 1332 1311 1279 1236 1205 1183 1153 1118 1094 1070 1046 1026 1008 990 972 948
-9999 -9999 -9999 -9999 -9999 -9999 -9999 1714 1716 1717 1715 1715 1712 1711 1709 1705 1701 1697 1694 1691 1688 1686 1682 1677 1673 1671 1665 1661 1657 1652 1649 1646 1645 1641 1639 1640 1642 1644 1650 1656 1664 1675 1681 1683 1686 1682 1659 1640 1619 1598 1585 1560 1537 1515 1466 1500 1535 1565 1552 1542 1544 1528 1514 1518 1511 1507 1502 1507 1496 1469 1434 1393 1359 1326 1295 1252 1216 1190 1161 1132 1102 1071 1050 1035 1010 990 969 944
-9999 -9999 -9999 -9999 -9999 -9999 1704 1707 1711 1712 1713 1710 1710 1709 1707 1707 1702 1699 1695 1690 1687 1686 1682 1677 1673 1669 1663 1659 1654 1648 1646 1642 1638 1635 1634 1634 1636 1637 1642 1645 1656 1671 1678 1677 1673 1667 1648 1619 1597 1577 1560 1554 1546 1547 1590 1620 1638 1645 1644 1640 1627 1615 1588 1565 1547 1544 1539 1535 1513 1480 1447 1405 1370 1336 1291 1249 1220 1197 1177 1156 1125 1080 1060 1046 1016 989 962 938
-9999 -9999 -9999 -9999 -9999 1698 1696 1700 1703 1706 1706 1706 1707 1705 1703 1703 1700 1697 1693 1690 1687 1686 1684 1682 1676 1667 1661 1656 1651 1646 1644 1638 1634 1631 1629 1630 1635 1638 1642 1647 1650 1667 1676 1670 1658 1640 1625 1614 1592 1580 1573 1579 1613 1631 1651 1662 1665 1666 1668 1663 1648 1636 1611 1586 1566 1558 1552 1543 1519 1482 1440 1400 1360 1332 1292 1251 1230 1203 1191 1183 1161 1109 1079 1058 1030 997 968 941
-9999 -9999 -9999 -9999 1699 1697 1695 1696 1695 1700 1698 1702 1703 1702 1700 1698 1697 1696 1693 1691 1690 1690 1689 1688 1683 1670 1660 1654 1649 1644 1641 1635 1631 1627 1624 1629 1637 1642 1650 1657 1664 1670 1668 1662 1653 1641 1632 1628 1633 1646 1643 1650 1663 1666 1667 1671 1672 1671 1672 1668 1655 1639 1622 1603 1582 1568 1556 1539 1516 1469 1416 1385 1342 1324 1304 1265 1247 1213 1204 1193 1175 1137 1102 1081 1060 1026 987 945
-9999 -9999 -9999 -9999 1695 1694 1695 1694 1693 1694 1693 1695 1698 1697 1696 1694 1693 1695 1696 1695 1695 1693 1691 1689 1685 1675 1664 1656 1647 1642 1638 1632 1627 1622 1621 1626 1638 1648 1654 1661 1666 1667 1662 1662 1665 1668 1668 1669 1674 1675 1677 1681 1680 1676 1674 1676 1679 1677 1675 1672 1661 1644 1630 1612 1593 1579 1559 1533 1511 1464 1416 1383 1344 1329 1307 1271 1254 1237 1222 1213 1190 1155 1129 1100 1067 1030 995 949
-9999 -9999 -9999 1692 1693 1693 1693 1692 1692 1690 1691 1689 1692 1690 1690 1690 1687 1687 1691 1693 1691 1686 1685 1680 1676 1671 1667 1661 1651 1641 1635 1631 1626 1622 1618 1621 1636 1648 1655 1660 1664 1665 1667 1670 1673 1680 1685 1687 1687 1682 1684 1683 1682 1682 1683 1684 1685 1681 1674 1670 1660 1646 1630 1614 1598 1583 1563 1538 1517 1499 1472 1413 1370 1332 1308 1280 1263 1247 1221 1203 1181 1162 1136 1110 1071 1032 964 886
-9999 -9999 -9999 1691 1691 1690 1689 1687 1689 1687 1689 1686 1685 1685 1685 1684 1683 1681 1682 1683 1682 1677 1673 1668 1665 1660 1657 1653 1646 1639 1633 1629 1626 1620 1616 1617 1627 1635 1640 1647 1650 1657 1670 1673 1675 1682 1687 1688 1686 1685 1685 1683 1684 1687 1689 1689 1686 1681 1670 1663 1650 1641 1630 1619 1600 1583 1573 1556 1535 1515 1486 1436 1394 1347 1326 1309 1275 1251 1228 1208 1168 1114 1083 1029 947 930 896 841
-9999 -9999 1693 1692 1689 1685 1684 1684 1684 1685 1684 1683 1683 1684 1683 1679 1680 1679 1679 1677 1676 1673 1668 1662 1659 1655 1652 1646 1641 1637 1631 1628 1624 1620 1616 1616 1620 1628 1636 1645 1650 1659 1669 1673 1677 1684 1688 1690 1690 1688 1687 1684 1683 1686 1689 1684 1678 1675 1663 1653 1643 1640 1633 1621 1607 1589 1573 1560 1548 1524 1491 1458 1429 1381 1339 1319 1286 1263 1218 1173 1125 1035 985 961 931 911 877 842
-9999 -9999 1693 1692 1688 1685 1684 1684 1684 1683 1684 1683 1682 1680 1680 1677 1676 1674 1675 1674 1671 1668 1664 1660 1657 1654 1650 1644 1640 1637 1632 1628 1624 1620 1617 1617 1619 1628 1639 1652 1661 1669 1667 1670 1675 1681 1683 1686 1694 1694 1689 1684 1682 1686 1689 1680 1664 1650 1650 1644 1639 1634 1629 1622 1617 1604 1585 1564 1549 1533 1517 1484 1449 1426 1399 1340 1290 1265 1200 1135 1074 1004 974 956 930 909 891 878
-9999 1688 1688 1687 1684 1682 1682 1681 1683 1682 1680 1682 1681 1680 1680 1678 1675 1674 1673 1671 1668 1666 1663 1660 1658 1654 1650 1645 1642 1638 1636 1634 1630 1624 1619 1621 1619 1626 1636 1652 1665 1665 1660 1661 1666 1669 1671 1678 1687 1693 1689 1684 1683 1683 1681 1660 1642 1631 1627 1623 1611 1592 1591 1590 1585 1586 1569 1535 1492 1472 1512 1498 1483 1460 1416 1351 1285 1249 1181 1113 1058 1025 1012 989 945 927 923 913
-9999 1688 1682 1681 1678 1678 1680 1679 1679 1679 1678 1680 1679 1679 1678 1677 1675 1673 1671 1668 1667 1666 1664 1661 1659 1655 1651 1646 1644 1643 1644 1647 1644 1638 1625 1624 1620 1622 1633 1647 1666 1649 1649 1660 1666 1672 1673 1679 1691 1693 1687 1681 1668 1670 1663 1641 1621 1602 1583 1595 1596 1588 1579 1566 1561 1551 1535 1501 1461 1440 1455 1479 1497 1479 1437 1358 1279 1234 1175 1121 1088 1076 1053 1030 996 969 960 924
-9999 1685 1679 1678 1676 1677 1678 1677 1678 1677 1676 1677 1677 1677 1676 1675 1675 1672 1670 1668 1667 1666 1665 1663 1660 1657 1654 1650 1649 1650 1652 1657 1656 1653 1635 1626 1623 1625 1644 1658 1651 1662 1668 1663 1662 1666 1668 1672 1682 1689 1685 1686 1665 1647 1648 1632 1604 1562 1512 1534 1556 1570 1568 1563 1560 1539 1516 1488 1449 1422 1405 1424 1443 1434 1445 1399 1322 1250 1187 1152 1150 1149 1100 1079 1063 1018 983 920
-9999 1685 1682 1680 1677 1676 1676 1676 1677 1674 1673 1674 1674 1673 1673 1673 1673 1673 1670 1668 1668 1667 1666 1664 1662 1659 1659 1655 1655 1657 1659 1663 1656 1640 1635 1630 1627 1634 1654 1658 1651 1654 1657 1661 1663 1667 1668 1670 1679 1681 1681 1682 1662 1647 1639 1623 1589 1534 1469 1487 1509 1535 1553 1561 1564 1546 1521 1501 1465 1433 1391 1376 1368 1357 1396 1420 1398 1314 1237 1208 1231 1231 1162 1146 1126 1085 992 923
1683 1682 1680 1678 1676 1674 1673 1673 1674 1671 1670 1671 1671 1670 1670 1673 1672 1672 1669 1668 1668 1668 1667 1665 1664 1663 1662 1660 1659 1662 1668 1668 1650 1642 1638 1635 1635 1647 1657 1651 1652 1654 1658 1661 1665 1666 1667 1671 1677 1678 1677 1677 1658 1651 1637 1614 1579 1519 1456 1449 1465 1500 1535 1548 1557 1545 1532 1523 1503 1475 1399 1371 1354 1338 1320 1324 1389 1395 1348 1309 1305 1256 1214 1160 1160 1124 1071 1017
1679 1679 1676 1676 1674 1671 1669 1670 1671 1669 1668 1670 1671 1670 1671 1674 1673 1671 1669 1668 1668 1668 1667 1666 1667 1666 1669 1667 1671 1673 1672 1661 1651 1647 1646 1653 1657 1657 1651 1651 1653 1655 1659 1663 1665 1667 1672 1676 1679 1678 1674 1674 1660 1654 1633 1605 1572 1510 1446 1411 1425 1478 1519 1531 1540 1528 1526 1523 1509 1479 1420 1373 1357 1342 1322 1314 1316 1309 1278 1255 1207 1186 1169 1156 1142 1092 1035 966
1677 1679 1675 1675 1672 1668 1668 1669 1670 1669 1669 1670 1671 1672 1671 1671 1668 1667 1668 1670 1668 1669 1666 1666 1666 1670 1674 1674 1676 1675 1671 1659 1655 1651 1650 1655 1657 1657 1652 1653 1656 1658 1661 1664 1669 1674 1680 1682 1682 1678 1672 1672 1662 1656 1627 1599 1566 1507 1440 1409 1421 1475 1513 1523 1526 1517 1511 1499 1489 1464 1399 1371 1358 1345 1317 1314 1314 1302 1284 1262 1234 1214 1184 1155 1118 1052 992 959
1675 1678 1675 1673 1670 1669 1670 1669 1670 1668 1667 1666 1665 1665 1665 1665 1663 1663 1666 1669 1667 1669 1668 1668 1669 1672 1677 1676 1676 1673 1666 1660 1658 1654 1654 1655 1653 1655 1655 1657 1660 1661 1664 1669 1675 1681 1685 1684 1683 1679 1675 1669 1654 1650 1624 1597 1561 1522 1475 1492 1497 1509 1522 1527 1524 1492 1473 1437 1420 1449 1410 1408 1388 1364 1344 1333 1298 1290 1277 1263 1242 1222 1192 1156 1104 1043 981 928
1673 1673 1672 1671 1669 1671 1673 1670 1665 1662 1660 1661 1660 1659 1660 1662 1659 1661 1663 1667 1666 1667 1667 1669 1672 1675 1676 1676 1675 1671 1664 1662 1662 1658 1659 1657 1654 1655 1659 1662 1665 1666 1669 1674 1679 1684 1685 1683 1681 1679 1678 1663 1644 1641 1622 1597 1563 1526 1519 1526 1529 1526 1522 1514 1489 1468 1451 1426 1407 1403 1388 1383 1368 1349 1326 1328 1299 1290 1283 1258 1222 1202 1182 1138 1097 1046 981 907
1674 1674 1671 1668 1669 1672 1669 1671 1660 1657 1656 1656 1654 1654 1658 1658 1656 1658 1660 1665 1665 1667 1668 1668 1673 1677 1676 1676 1675 1669 1666 1666 1665 1662 1663 1661 1660 1660 1663 1666 1671 1673 1675 1676 1680 1684 1684 1681 1679 1674 1674 1659 1642 1636 1623 1599 1589 1582 1576 1556 1540 1530 1521 1513 1489 1461 1445 1424 1400 1382 1379 1373 1364 1355 1334 1329 1314 1300 1286 1249 1209 1194 1176 1137 1076 1014 955 898
1674 1674 1674 1674 1673 1669 1668 1667 1655 1655 1653 1652 1650 1653 1651 1652 1653 1656 1658 1664 1665 1667 1669 1668 1672 1678 1678 1679 1675 1671 1670 1670 1668 1666 1668 1667 1667 1666 1667 1671 1677 1678 1679 1679 1680 1680 1681 1682 1678 1670 1649 1634 1639 1639 1636 1632 1628 1617 1595 1562 1560 1540 1511 1502 1486 1462 1445 1431 1402 1380 1369 1361 1354 1347 1333 1330 1321 1306 1285 1250 1222 1210 1186 1148 1052 984 935 891
1676 1676 1675 1677 1673 1670 1670 1664 1654 1653 1652 1650 1649 1647 1645 1647 1651 1655 1659 1662 1664 1667 1670 1668 1672 1678 1678 1682 1676 1674 1673 1673 1671 1671 1674 1670 1670 1671 1673 1673 1673 1678 1680 1680 1681 1681 1681 1677 1661 1639 1631 1614 1603 1608 1604 1600 1593 1588 1582 1583 1578 1550 1524 1508 1491 1463 1436 1429 1411 1394 1370 1360 1353 1345 1331 1331 1320 1306 1285 1262 1245 1228 1198 1150 1069 1022 971 895
-9999 1680 1678 1677 1671 1669 1670 1660 1656 1650 1649 1647 1646 1642 1643 1646 1651 1655 1660 1661 1665 1668 1670 1669 1672 1678 1678 1683 1677 1677 1678 1677 1674 1674 1676 1674 1671 1675 1676 1681 1679 1677 1674 1672 1673 1672 1659 1644 1629 1611 1607 1596 1591 1595 1590 1581 1575 1569 1557 1558 1562 1559 1541 1528 1509 1465 1427 1423 1418 1407 1383 1370 1361 1355 1346 1331 1318 1304 1283 1271 1257 1231 1196 1170 1124 1068 997 897
-9999 1681 1680 1677 1671 1670 1669 1659 1658 1651 1648 1646 1643 1641 1644 1647 1651 1655 1658 1663 1666 1669 1672 1672 1672 1678 1679 1680 1678 1679 1681 1680 1679 1678 1679 1675 1672 1680 1681 1675 1670 1666 1661 1659 1659 1655 1628 1616 1609 1599 1596 1584 1580 1581 1575 1565 1562 1557 1540 1524 1527 1538 1525 1521 1523 1476 1433 1421 1417 1409 1388 1363 1348 1346 1348 1330 1313 1301 1284 1273 1259 1248 1204 1169 1141 1059 957 886
-9999 1682 1680 1676 1674 1672 1669 1660 1659 1654 1650 1649 1646 1644 1646 1647 1649 1653 1658 1664 1667 1672 1675 1675 1675 1683 1684 1682 1681 1682 1683 1684 1683 1683 1680 1677 1678 1677 1678 1673 1667 1659 1651 1643 1638 1634 1613 1604 1599 1595 1593 1579 1571 1567 1557 1550 1546 1541 1534 1518 1502 1497 1491 1484 1511 1489 1449 1422 1416 1412 1378 1351 1348 1355 1342 1326 1311 1308 1299 1289 1264 1244 1229 1189 1140 1062 959 877
