Dropbox/GRP Data/GRP mammal paper/NN_analysis/DATA/2014 input files/la_demsrtm30.asc
ncols         224
nrows         137
xllcorner     -215092.73003284
yllcorner     212188.46871297
cellsize      1000
NODATA_value  -9999
[rows 76 to 113 of 137, columns 85 to 169 of 224]
2396 2421 2570 2479 2313 2292 2290 2187 2061 1967 1902 1877 1967 2045 2076 2093 2089 2134 2110 2136 2227 2235 2194 2199 2242 2198 2146 2124 2163 2213 2144 2060 1996 1933 1898 1858 1811 1784 1781 1789 1808 1799 1782 1762 1749 1739 1715 1702 1695 1693 1701 1715 1744 1761 1785 1806 1820 1867 1946 2092 2187 2242 2188 2103 1990 1836 1738 1677 1697 1702 1759 1769 1754 1836 1922 1773 1617 1492 1565 1746 1779 1702 1633 1582 1555
2259 2261 2428 2347 2277 2264 2216 2180 2085 2021 1952 1903 1857 1810 1977 2176 2199 2140 2084 2088 2160 2176 2197 2178 2207 2196 2141 2106 2119 2157 2107 2036 1978 1920 1855 1831 1815 1785 1773 1787 1793 1790 1781 1764 1743 1730 1717 1704 1698 1694 1700 1718 1727 1728 1737 1752 1766 1820 1893 2061 2165 2245 2136 2009 1877 1752 1670 1668 1661 1638 1644 1632 1621 1676 1758 1645 1532 1378 1370 1543 1638 1675 1637 1587 1554
2161 2134 2249 2231 2213 2292 2195 2079 1978 1877 1841 1851 1849 1831 1755 1950 2099 2076 2096 2115 2124 2114 2170 2141 2165 2195 2138 2082 2060 2077 2072 2025 1968 1902 1864 1874 1870 1827 1773 1773 1774 1776 1775 1763 1740 1721 1711 1701 1697 1698 1704 1719 1700 1697 1696 1711 1722 1754 1814 1927 2032 2107 2030 1909 1781 1683 1619 1637 1626 1582 1569 1539 1494 1524 1561 1521 1447 1339 1321 1398 1531 1684 1673 1616 1558
1993 2076 2265 2208 2126 2180 2187 2079 1966 1866 1829 1814 1763 1702 1682 1680 1823 2017 2193 2274 2182 2084 2158 2074 2092 2157 2090 2060 2008 2007 2020 2010 1986 1903 1929 1950 1927 1860 1784 1763 1764 1766 1758 1752 1737 1717 1710 1701 1695 1692 1695 1699 1685 1681 1678 1685 1691 1701 1727 1767 1855 1903 1873 1798 1710 1642 1585 1562 1546 1536 1538 1487 1411 1391 1392 1397 1378 1339 1321 1339 1442 1559 1619 1624 1559
1900 2098 2324 2200 2096 2075 2085 2058 2039 2041 1994 1913 1884 1805 1682 1626 1652 1896 2182 2287 2167 2041 2088 2011 2030 2095 2057 2016 1971 1954 1957 1985 1967 1921 1973 2018 1962 1891 1801 1757 1760 1756 1747 1736 1732 1722 1713 1702 1708 1709 1702 1683 1677 1679 1679 1680 1677 1655 1653 1664 1729 1745 1719 1698 1657 1607 1562 1521 1484 1478 1498 1448 1362 1326 1321 1330 1330 1330 1315 1325 1361 1442 1521 1532 1453
1878 1901 2156 2079 2028 2013 1999 1980 2026 2127 2090 1986 1883 1804 1844 1731 1609 1701 1977 2062 2057 1969 2003 1944 1983 2051 2034 1990 1944 1918 1914 1956 1973 1901 1978 2082 2036 1917 1811 1761 1751 1745 1741 1725 1723 1720 1711 1716 1798 1817 1794 1712 1674 1675 1679 1679 1670 1622 1586 1602 1658 1647 1616 1622 1601 1571 1560 1525 1485 1460 1449 1403 1353 1321 1292 1289 1289 1303 1306 1314 1317 1350 1417 1442 1379
1910 1725 1941 1961 1967 1959 1942 1907 1971 2078 2059 1935 1841 1738 1865 1899 1726 1617 1741 1879 1910 1870 1914 1862 1955 2040 2000 1983 1937 1904 1886 1906 1910 1866 1909 1986 1971 1898 1843 1820 1757 1732 1721 1710 1706 1708 1703 1751 1918 1971 1912 1761 1687 1670 1667 1655 1639 1615 1598 1550 1560 1543 1535 1579 1552 1534 1535 1511 1480 1429 1434 1422 1370 1314 1281 1273 1269 1274 1288 1298 1309 1324 1328 1337 1306
1891 1637 1763 1903 1906 1881 1889 1867 1908 1962 1962 1885 1850 1772 1744 1792 1852 1680 1595 1744 1832 1796 1807 1793 1955 2036 1980 1950 1927 1873 1851 1871 1850 1818 1809 1848 1868 1860 1823 1876 1869 1728 1706 1700 1692 1692 1697 1786 1990 2020 1932 1773 1745 1704 1694 1686 1662 1627 1645 1576 1503 1485 1480 1540 1507 1473 1466 1455 1460 1421 1469 1437 1372 1306 1277 1271 1265 1264 1269 1278 1292 1297 1277 1270 1269
1826 1576 1718 1870 1859 1806 1834 1817 1847 1854 1851 1813 1788 1785 1792 1724 1774 1717 1569 1658 1733 1742 1732 1761 1875 1973 1957 1913 1890 1826 1804 1824 1814 1756 1738 1750 1784 1786 1799 1901 1827 1726 1702 1685 1678 1677 1692 1802 1917 1879 1795 1769 1762 1767 1748 1755 1675 1656 1690 1646 1614 1518 1462 1457 1445 1472 1487 1514 1516 1464 1497 1438 1362 1308 1279 1270 1265 1263 1262 1261 1268 1264 1257 1256 1255
1805 1554 1665 1845 1851 1770 1785 1784 1800 1772 1752 1742 1713 1705 1768 1751 1699 1706 1560 1632 1648 1669 1693 1710 1748 1893 1916 1862 1842 1793 1764 1773 1752 1716 1707 1704 1722 1745 1810 1883 1799 1745 1692 1669 1658 1658 1665 1719 1770 1741 1706 1745 1792 1854 1856 1811 1693 1779 1809 1682 1593 1504 1455 1461 1486 1526 1496 1521 1537 1561 1523 1469 1381 1344 1292 1271 1266 1262 1260 1258 1257 1254 1251 1249 1248
1892 1584 1552 1737 1849 1777 1707 1724 1747 1715 1688 1683 1667 1641 1681 1703 1678 1666 1557 1606 1621 1629 1649 1658 1652 1773 1829 1801 1790 1769 1741 1756 1730 1701 1692 1683 1699 1760 1810 1822 1770 1711 1665 1641 1641 1638 1626 1637 1659 1639 1676 1731 1693 1743 1856 1836 1761 1834 1749 1634 1549 1478 1486 1480 1562 1630 1555 1564 1600 1577 1555 1511 1420 1337 1294 1275 1268 1264 1264 1267 1263 1257 1250 1248 1247
1775 1536 1509 1660 1831 1719 1668 1674 1681 1666 1657 1635 1610 1586 1604 1615 1618 1625 1562 1578 1596 1594 1601 1619 1584 1605 1680 1732 1727 1733 1717 1731 1703 1686 1674 1664 1679 1730 1760 1782 1758 1684 1641 1628 1627 1624 1616 1607 1604 1614 1665 1728 1666 1689 1766 1752 1829 1791 1644 1581 1557 1510 1552 1510 1580 1633 1523 1641 1671 1623 1553 1483 1374 1319 1293 1293 1290 1293 1280 1273 1266 1257 1252 1248 1247
1570 1517 1601 1583 1769 1776 1722 1672 1656 1657 1674 1648 1617 1583 1582 1572 1558 1569 1554 1554 1564 1566 1570 1580 1548 1465 1514 1625 1686 1708 1700 1713 1680 1664 1649 1642 1645 1674 1695 1747 1717 1656 1628 1616 1617 1615 1610 1597 1588 1615 1687 1706 1657 1650 1663 1696 1764 1689 1624 1675 1602 1529 1570 1554 1591 1612 1512 1579 1609 1535 1426 1366 1339 1328 1329 1315 1311 1301 1295 1309 1304 1260 1259 1258 1255
1502 1588 1633 1513 1605 1741 1746 1711 1670 1745 1773 1771 1703 1623 1680 1596 1576 1560 1539 1533 1540 1528 1548 1538 1514 1433 1404 1470 1620 1693 1694 1695 1659 1641 1631 1614 1614 1634 1646 1700 1672 1615 1608 1607 1610 1612 1609 1591 1579 1576 1622 1639 1607 1640 1678 1740 1812 1747 1705 1672 1585 1577 1617 1644 1614 1606 1548 1592 1552 1472 1458 1483 1418 1426 1391 1341 1317 1327 1321 1353 1370 1324 1286 1277 1274
1544 1507 1633 1527 1507 1604 1661 1653 1631 1712 1782 1819 1780 1730 1791 1708 1630 1640 1554 1508 1507 1498 1510 1505 1465 1410 1381 1395 1531 1701 1720 1672 1629 1615 1604 1591 1582 1578 1605 1672 1648 1595 1601 1602 1604 1606 1608 1616 1593 1586 1581 1591 1619 1679 1787 1865 1883 1815 1752 1671 1622 1622 1671 1696 1669 1604 1644 1661 1663 1605 1668 1689 1540 1503 1453 1434 1400 1375 1352 1373 1369 1351 1318 1322 1354
1522 1489 1691 1584 1496 1607 1679 1704 1673 1645 1661 1698 1750 1795 1796 1808 1757 1641 1543 1497 1486 1479 1462 1472 1438 1395 1378 1378 1491 1634 1691 1645 1589 1583 1571 1569 1559 1538 1570 1616 1609 1585 1595 1597 1594 1597 1613 1697 1687 1653 1594 1623 1721 1725 1820 1939 1988 1923 1846 1762 1717 1646 1725 1753 1727 1706 1802 1770 1759 1765 1884 1853 1669 1582 1571 1567 1490 1477 1447 1444 1411 1334 1323 1351 1400
1476 1553 1730 1687 1545 1505 1534 1600 1646 1669 1657 1631 1654 1774 1780 1749 1751 1661 1530 1490 1477 1463 1451 1429 1417 1385 1374 1371 1451 1492 1601 1592 1544 1549 1544 1546 1546 1527 1539 1552 1577 1577 1585 1590 1583 1586 1595 1646 1656 1627 1575 1643 1756 1786 1802 1884 2038 2073 1985 1902 1797 1708 1734 1823 1841 1879 1950 1906 1867 1934 2041 1982 1820 1726 1741 1718 1574 1551 1519 1510 1452 1355 1309 1293 1309
1592 1580 1709 1786 1707 1562 1542 1510 1525 1602 1694 1677 1625 1699 1752 1775 1789 1779 1637 1515 1476 1444 1427 1406 1393 1381 1375 1370 1393 1394 1478 1536 1515 1518 1522 1520 1533 1523 1523 1535 1551 1569 1575 1582 1571 1566 1572 1580 1569 1558 1570 1688 1816 1872 1790 1858 2014 2145 2108 1981 1845 1762 1733 1843 1907 1961 1969 2002 2007 2079 2194 2159 2051 2003 1978 1840 1689 1613 1526 1466 1387 1354 1318 -9999 -9999
1642 1593 1656 1761 1769 1643 1530 1519 1520 1507 1665 1668 1601 1692 1751 1762 1764 1787 1759 1594 1498 1453 1417 1398 1388 1381 1375 1369 1368 1370 1385 1479 1486 1496 1499 1499 1518 1523 1514 1523 1532 1555 1565 1569 1559 1552 1563 1568 1554 1541 1587 1712 1817 1811 1718 1835 1957 2089 2147 2024 1946 1805 1771 1887 1916 1878 1913 1997 2078 2132 2198 2185 2172 2204 2154 1993 1908 1828 1689 1485 -9999 -9999 -9999 -9999 -9999
1699 1652 1629 1708 1759 1705 1577 1477 1454 1527 1661 1654 1592 1661 1712 1693 1710 1786 1820 1731 1539 1463 1415 1394 1384 1380 1372 1369 1370 1370 1373 1433 1461 1472 1481 1478 1490 1504 1498 1509 1519 1541 1555 1548 1543 1547 1553 1555 1545 1538 1548 1582 1642 1674 1773 1804 1871 2027 2170 2150 1995 1854 1856 1919 1886 1794 1846 1930 2015 2149 2151 2112 2121 2170 2199 2153 2113 -9999 -9999 -9999 -9999 -9999 -9999 -9999 -9999
1739 1724 1671 1666 1726 1700 1623 1480 1419 1511 1625 1658 1592 1601 1635 1606 1624 1726 1797 1785 1629 1490 1416 1389 1381 1377 1370 1370 1369 1369 1370 1416 1448 1442 1442 1445 1466 1460 1501 1547 1549 1543 1547 1542 1540 1546 1540 1539 1538 1537 1539 1543 1580 1638 1745 1751 1865 1934 2133 2207 2031 1983 1958 1924 1800 1706 1753 1849 1925 2060 2089 2050 2058 -9999 -9999 -9999 -9999 -9999 -9999 -9999 -9999 -9999 -9999 -9999 -9999
1693 1725 1687 1660 1631 1608 1564 1452 1406 1445 1546 1610 1573 1555 1589 1571 1562 1595 1647 1703 1638 1526 1432 1389 1378 1371 1369 1370 1369 1369 1371 1448 1496 1436 1398 1393 1419 1422 1559 1709 1681 1632 1592 1584 1545 1540 1536 1535 1534 1535 1536 1539 1556 1625 1666 1711 1807 1870 1988 2061 2112 2141 2001 1918 1726 1661 1741 1777 1864 1950 -9999 -9999 -9999 -9999 -9999 -9999 -9999 -9999 -9999 -9999 -9999 -9999 -9999 -9999 -9999
1574 1592 1638 1599 1525 1505 1466 1478 1458 1430 1468 1520 1530 1525 1536 1550 1547 1527 1527 1549 1560 1505 1450 1399 1380 1369 1369 1369 1369 1369 1370 1448 1516 1443 1379 1369 1378 1407 1589 1820 1831 1752 1705 1721 1603 1583 1546 1535 1535 1534 1535 1540 1549 1616 1666 1756 1802 1861 1909 2023 2101 2005 1918 1841 1678 1607 1694 -9999 -9999 -9999 -9999 -9999 -9999 -9999 -9999 -9999 -9999 -9999 -9999 -9999 -9999 -9999 -9999 -9999 -9999
1611 1501 1531 1561 1475 1474 1451 1494 1533 1528 1478 1478 1489 1505 1506 1514 1524 1521 1507 1494 1488 1455 1441 1418 1399 1371 1369 1369 1369 1369 1369 1411 1478 1403 1373 1370 1370 1383 1520 1716 1830 1852 1843 1755 1651 1616 1577 1544 1537 1536 1535 1562 1570 1569 1606 1673 1726 1794 1914 2108 2017 1867 1770 1665 -9999 -9999 -9999 -9999 -9999 -9999 -9999 -9999 -9999 -9999 -9999 -9999 -9999 -9999 -9999 -9999 -9999 -9999 -9999 -9999 -9999
1614 1515 1475 1458 1419 1432 1442 1530 1581 1639 1591 1569 1576 1559 1559 1532 1503 1501 1511 1489 1479 1456 1431 1427 1418 1382 1379 1374 1369 1368 1368 1388 1422 1375 1370 1369 1370 1371 1433 1633 1864 1981 2032 1880 1725 1734 1719 1610 1566 1542 1536 1565 1592 1588 1616 1696 1739 1798 1919 1984 -9999 -9999 -9999 -9999 -9999 -9999 -9999 -9999 -9999 -9999 -9999 -9999 -9999 -9999 -9999 -9999 -9999 -9999 -9999 -9999 -9999 -9999 -9999 -9999 -9999
1601 1487 1485 1506 1474 1379 1445 1624 1640 1740 1754 1781 1780 1713 1773 1711 1590 1506 1488 1492 1485 1474 1438 1425 1416 1397 1408 1404 1378 1368 1368 1375 1395 1370 1368 1369 1369 1371 1427 1582 1793 2038 2143 1999 1903 1857 1917 1742 1649 1589 1552 1541 1555 1571 1590 1644 1687 -9999 -9999 -9999 -9999 -9999 -9999 -9999 -9999 -9999 -9999 -9999 -9999 -9999 -9999 -9999 -9999 -9999 -9999 -9999 -9999 -9999 -9999 -9999 -9999 -9999 -9999 -9999 -9999
1559 1478 1468 1464 1409 1460 1610 1710 1696 1838 1903 2035 1969 1900 1975 1810 1682 1579 1491 1475 1485 1484 1461 1431 1420 1408 1409 1412 1408 1371 1368 1368 1380 1371 1368 1369 1369 1371 1423 1553 1706 1898 2046 2090 2060 2029 2031 1854 1791 1734 1644 1562 1550 1575 -9999 -9999 -9999 -9999 -9999 -9999 -9999 -9999 -9999 -9999 -9999 -9999 -9999 -9999 -9999 -9999 -9999 -9999 -9999 -9999 -9999 -9999 -9999 -9999 -9999 -9999 -9999 -9999 -9999 -9999 -9999
1569 1487 1396 1339 1422 1638 1797 1819 1766 1909 1988 2172 2104 2067 2094 1960 1785 1629 1546 1522 1496 1488 1466 1440 1418 1403 1398 1405 1413 1389 1372 1368 1370 1370 1369 1369 1369 1370 1412 1530 1664 1715 1786 1940 2045 2103 2113 2009 1960 1922 -9999 -9999 -9999 -9999 -9999 -9999 -9999 -9999 -9999 -9999 -9999 -9999 -9999 -9999 -9999 -9999 -9999 -9999 -9999 -9999 -9999 -9999 -9999 -9999 -9999 -9999 -9999 -9999 -9999 -9999 -9999 -9999 -9999 -9999 -9999
1524 1395 1300 1424 1616 1810 1914 1854 1811 1959 2115 2183 2245 2243 2172 1960 1795 1670 1643 1614 1513 1482 1472 1443 1424 1404 1399 1405 1411 1404 1405 1376 1370 1369 1370 1369 1369 1370 1380 1472 1616 1582 1603 1692 1783 1932 1955 -9999 -9999 -9999 -9999 -9999 -9999 -9999 -9999 -9999 -9999 -9999 -9999 -9999 -9999 -9999 -9999 -9999 -9999 -9999 -9999 -9999 -9999 -9999 -9999 -9999 -9999 -9999 -9999 -9999 -9999 -9999 -9999 -9999 -9999 -9999 -9999 -9999 -9999
1279 1255 1346 1556 1799 1911 1953 1836 1899 2014 2206 2190 2119 2050 2030 1929 1825 1785 1662 1569 1510 1468 1461 1436 1419 1410 1395 1396 1428 1427 1428 1413 1390 1379 1373 1369 1369 1368 1377 1447 1517 1494 1498 1508 -9999 -9999 -9999 -9999 -9999 -9999 -9999 -9999 -9999 -9999 -9999 -9999 -9999 -9999 -9999 -9999 -9999 -9999 -9999 -9999 -9999 -9999 -9999 -9999 -9999 -9999 -9999 -9999 -9999 -9999 -9999 -9999 -9999 -9999 -9999 -9999 -9999 -9999 -9999 -9999 -9999
1219 1399 1479 1555 1768 1931 1925 1912 1930 2006 2159 2095 2004 1955 1852 1790 1725 1662 1614 1532 1472 1460 1444 1421 1409 1441 1428 1397 1421 1452 1446 1437 1426 1418 1400 1376 1369 1368 1406 1499 1467 -9999 -9999 -9999 -9999 -9999 -9999 -9999 -9999 -9999 -9999 -9999 -9999 -9999 -9999 -9999 -9999 -9999 -9999 -9999 -9999 -9999 -9999 -9999 -9999 -9999 -9999 -9999 -9999 -9999 -9999 -9999 -9999 -9999 -9999 -9999 -9999 -9999 -9999 -9999 -9999 -9999 -9999 -9999 -9999
1424 1558 1652 1614 1641 1764 1860 1898 1842 1857 1913 1939 2002 1980 1823 1691 1617 1564 1516 1529 1576 1542 1463 1419 1428 1511 1513 1441 1378 1464 1535 1506 1501 1469 1444 1476 1390 -9999 -9999 -9999 -9999 -9999 -9999 -9999 -9999 -9999 -9999 -9999 -9999 -9999 -9999 -9999 -9999 -9999 -9999 -9999 -9999 -9999 -9999 -9999 -9999 -9999 -9999 -9999 -9999 -9999 -9999 -9999 -9999 -9999 -9999 -9999 -9999 -9999 -9999 -9999 -9999 -9999 -9999 -9999 -9999 -9999 -9999 -9999 -9999
1443 1608 1711 1732 1720 1707 1806 1884 1806 1766 1772 1777 1813 1762 1689 1667 1669 1576 1493 1496 1560 1571 1528 1468 1481 1565 1602 1488 1339 1424 1590 1651 1695 1648 -9999 -9999 -9999 -9999 -9999 -9999 -9999 -9999 -9999 -9999 -9999 -9999 -9999 -9999 -9999 -9999 -9999 -9999 -9999 -9999 -9999 -9999 -9999 -9999 -9999 -9999 -9999 -9999 -9999 -9999 -9999 -9999 -9999 -9999 -9999 -9999 -9999 -9999 -9999 -9999 -9999 -9999 -9999 -9999 -9999 -9999 -9999 -9999 -9999 -9999 -9999
1545 1741 1812 1803 1808 1798 1843 1864 1817 1868 1858 1798 1771 1754 1762 1756 1657 1569 1476 1429 1423 1466 1496 1499 1519 1569 1582 1448 1302 1350 1533 -9999 -9999 -9999 -9999 -9999 -9999 -9999 -9999 -9999 -9999 -9999 -9999 -9999 -9999 -9999 -9999 -9999 -9999 -9999 -9999 -9999 -9999 -9999 -9999 -9999 -9999 -9999 -9999 -9999 -9999 -9999 -9999 -9999 -9999 -9999 -9999 -9999 -9999 -9999 -9999 -9999 -9999 -9999 -9999 -9999 -9999 -9999 -9999 -9999 -9999 -9999 -9999 -9999 -9999
1662 1761 1841 1875 1897 1896 1963 1945 1967 2006 1954 1915 1876 1842 1771 1710 1688 1654 1508 1418 1377 1368 1382 1414 1467 1509 1537 -9999 -9999 -9999 -9999 -9999 -9999 -9999 -9999 -9999 -9999 -9999 -9999 -9999 -9999 -9999 -9999 -9999 -9999 -9999 -9999 -9999 -9999 -9999 -9999 -9999 -9999 -9999 -9999 -9999 -9999 -9999 -9999 -9999 -9999 -9999 -9999 -9999 -9999 -9999 -9999 -9999 -9999 -9999 -9999 -9999 -9999 -9999 -9999 -9999 -9999 -9999 -9999 -9999 -9999 -9999 -9999 -9999 -9999
1767 1669 1681 1767 1914 1934 1948 1971 2014 2011 1970 1898 1852 1798 1774 1787 1801 1712 1572 1461 1390 1337 1327 1348 -9999 -9999 -9999 -9999 -9999 -9999 -9999 -9999 -9999 -9999 -9999 -9999 -9999 -9999 -9999 -9999 -9999 -9999 -9999 -9999 -9999 -9999 -9999 -9999 -9999 -9999 -9999 -9999 -9999 -9999 -9999 -9999 -9999 -9999 -9999 -9999 -9999 -9999 -9999 -9999 -9999 -9999 -9999 -9999 -9999 -9999 -9999 -9999 -9999 -9999 -9999 -9999 -9999 -9999 -9999 -9999 -9999 -9999 -9999 -9999 -9999
1750 1683 1612 1750 1853 1790 1925 1882 1940 1973 2049 1967 1963 1899 1896 1859 1824 1739 1614 1522 1434 -9999 -9999 -9999 -9999 -9999 -9999 -9999 -9999 -9999 -9999 -9999 -9999 -9999 -9999 -9999 -9999 -9999 -9999 -9999 -9999 -9999 -9999 -9999 -9999 -9999 -9999 -9999 -9999 -9999 -9999 -9999 -9999 -9999 -9999 -9999 -9999 -9999 -9999 -9999 -9999 -9999 -9999 -9999 -9999 -9999 -9999 -9999 -9999 -9999 -9999 -9999 -9999 -9999 -9999 -9999 -9999 -9999 -9999 -9999 -9999 -9999 -9999 -9999 -9999
1684 1731 1564 1623 1690 1712 1837 1805 1883 1968 2111 2066 2029 1949 1925 1858 1801 1777 -9999 -9999 -9999 -9999 -9999 -9999 -9999 -9999 -9999 -9999 -9999 -9999 -9999 -9999 -9999 -9999 -9999 -9999 -9999 -9999 -9999 -9999 -9999 -9999 -9999 -9999 -9999 -9999 -9999 -9999 -9999 -9999 -9999 -9999 -9999 -9999 -9999 -9999 -9999 -9999 -9999 -9999 -9999 -9999 -9999 -9999 -9999 -9999 -9999 -9999 -9999 -9999 -9999 -9999 -9999 -9999 -9999 -9999 -9999 -9999 -9999 -9999 -9999 -9999 -9999 -9999 -9999
