Dropbox/GRP Data/GRP mammal paper/NN_analysis/DATA/2014 input files/la_demsrtm30.asc
ncols         224
nrows         137
xllcorner     -215092.73003284
yllcorner     212188.46871297
cellsize      1000
NODATA_value  -9999
[rows 76 to 113 of 137, columns 0 to 84 of 224]
-9999 -9999 -9999 -9999 -9999 -9999 -9999 253 249 242 233 225 216 204 192 183 177 163 147 134 131 128 125 124 123 121 126 137 127 134 151 169 182 202 226 247 265 288 317 353 396 435 462 507 571 644 601 565 571 636 666 705 683 672 680 698 709 723 767 811 849 890 946 995 1028 1099 1145 1196 1231 1263 1298 1331 1374 1473 1572 1634 1718 1905 2138 2177 2183 2151 2323 2532 2503
-9999 -9999 -9999 -9999 -9999 -9999 234 239 242 241 235 229 224 217 205 195 185 174 162 143 141 136 133 130 125 122 118 126 124 129 139 158 175 189 212 242 273 305 343 388 427 464 487 516 527 495 439 405 420 448 478 533 565 593 609 625 644 688 730 778 828 873 926 973 1018 1064 1117 1187 1222 1253 1301 1350 1391 1468 1557 1656 1752 1878 2074 2205 2332 2322 2440 2452 2271
-9999 -9999 -9999 -9999 -9999 209 218 213 232 236 233 226 222 217 207 196 186 178 171 167 164 149 141 137 131 126 120 118 122 135 152 157 167 171 188 244 290 334 371 416 456 468 480 452 367 336 336 344 365 402 445 488 532 566 585 604 630 681 737 784 839 914 994 1015 1004 1025 1064 1140 1189 1248 1310 1387 1451 1491 1547 1652 1764 1881 2024 2152 2288 2450 2578 2388 2160
-9999 -9999 -9999 -9999 224 210 196 202 219 218 229 225 216 213 215 207 199 194 195 196 191 172 148 139 134 131 123 118 120 139 161 173 189 201 217 272 310 336 356 379 371 344 326 296 290 301 318 338 361 393 438 476 509 547 569 596 645 714 787 826 890 966 1052 1087 1030 1037 1059 1138 1214 1281 1341 1412 1494 1532 1572 1657 1770 1858 1954 2073 2185 2335 2429 2305 2113
-9999 -9999 -9999 -9999 213 221 208 184 198 197 216 214 210 208 203 210 212 204 201 198 193 185 171 160 137 131 126 118 117 134 165 187 205 220 239 275 272 264 260 268 261 272 269 271 283 293 315 337 364 381 411 458 499 527 553 603 657 709 765 820 885 975 1033 1065 1057 1083 1106 1166 1243 1307 1367 1455 1552 1594 1616 1696 1800 1883 1980 2078 2166 2254 2296 2261 2090
-9999 -9999 -9999 201 203 199 200 190 179 187 195 198 191 194 191 189 199 195 185 178 169 163 167 162 142 131 127 122 118 127 159 177 191 203 209 221 211 210 239 246 265 276 281 293 303 312 327 349 372 394 421 460 492 519 551 583 626 655 701 774 837 932 984 1021 1055 1106 1172 1223 1292 1387 1460 1543 1653 1695 1701 1741 1791 1873 2032 2105 2178 2180 2176 2161 2079
-9999 -9999 -9999 179 182 181 178 176 169 167 169 171 172 171 180 175 177 174 168 156 147 141 139 136 132 128 127 124 118 119 133 144 157 171 180 198 222 237 249 249 263 277 289 300 312 326 341 353 385 426 448 456 469 500 534 571 596 633 689 743 792 890 961 1006 1070 1144 1224 1354 1450 1520 1552 1594 1676 1707 1739 1782 1808 1858 2043 2123 2116 2079 2072 2058 2041
-9999 -9999 187 176 173 172 169 166 162 157 156 155 156 156 154 154 153 151 146 141 136 134 130 125 122 119 118 117 114 115 130 153 166 186 200 237 270 269 262 270 277 288 297 306 317 336 365 391 401 419 439 447 453 479 497 526 548 576 611 703 748 800 898 961 1094 1209 1308 1434 1481 1510 1568 1601 1618 1673 1747 1824 1829 1853 1972 2065 2013 1975 1987 1955 1976
-9999 -9999 218 198 190 187 184 175 170 160 153 150 148 146 144 143 140 140 135 130 127 126 123 121 118 123 135 124 112 113 120 132 161 182 233 288 286 281 260 252 268 289 305 320 335 363 399 425 445 441 476 505 505 528 550 597 665 712 622 633 682 753 863 1042 1132 1242 1347 1406 1431 1486 1534 1541 1566 1613 1719 1769 1807 1856 1892 1957 1897 1912 1909 1863 1924
-9999 -9999 235 218 205 197 195 186 177 167 160 158 154 148 144 140 135 133 131 129 129 127 126 125 130 150 166 169 149 114 112 120 159 239 281 252 219 193 188 199 225 259 292 332 392 393 424 466 516 505 486 502 540 564 598 641 677 732 742 664 676 696 855 1051 1147 1240 1283 1325 1359 1411 1459 1492 1539 1590 1663 1711 1832 1892 1914 1882 1789 1855 1753 1843 1876
-9999 220 213 209 203 191 179 178 177 178 179 181 177 168 155 143 140 142 139 139 136 134 138 137 153 166 177 172 131 113 111 127 199 245 180 159 150 148 163 184 206 228 260 317 404 403 436 500 595 584 543 520 534 561 600 663 702 757 810 798 778 750 759 902 1076 1160 1199 1189 1275 1313 1374 1462 1574 1644 1760 1787 1880 2022 2003 1818 1714 1750 1673 1788 1804
-9999 215 207 202 191 185 188 194 197 197 196 188 179 166 151 150 154 151 151 152 148 150 153 154 163 182 185 141 110 109 122 161 197 146 130 129 139 151 166 186 205 222 250 308 362 383 437 514 611 651 618 571 546 564 584 618 638 693 769 852 869 887 858 821 912 973 997 1002 1084 1136 1269 1378 1486 1592 1724 1756 1822 1854 1763 1670 1629 1618 1646 1723 1768
-9999 220 210 196 191 200 210 208 200 188 177 168 158 151 155 165 164 151 160 161 159 168 170 173 183 196 179 121 109 123 153 182 145 120 125 143 154 167 182 199 216 231 253 290 335 380 442 533 645 787 734 624 582 597 611 624 627 678 753 848 861 885 934 948 951 936 989 1029 1059 1095 1163 1221 1305 1377 1419 1474 1528 1559 1605 1578 1550 1534 1651 1779 1658
-9999 216 206 197 212 214 201 178 171 166 167 167 160 161 174 176 166 154 166 168 168 177 186 186 202 202 158 112 114 141 147 162 130 136 141 146 164 184 198 211 228 242 252 281 332 387 441 529 635 780 726 621 589 600 621 651 695 689 769 796 808 853 909 963 1007 1047 1099 1151 1199 1246 1318 1385 1426 1439 1462 1526 1515 1483 1504 1501 1508 1559 1646 1753 1652
-9999 225 216 209 223 191 173 172 182 184 181 179 176 173 189 181 168 165 168 172 174 182 198 199 194 168 132 111 110 119 116 123 129 147 154 165 180 195 207 210 217 233 249 294 343 386 440 518 576 625 606 582 594 614 659 698 745 749 766 802 827 855 907 943 997 1055 1122 1173 1222 1289 1367 1468 1562 1647 1698 1691 1610 1530 1488 1493 1536 1620 1713 1849 1749
-9999 234 222 217 202 180 182 191 203 196 193 200 180 184 197 185 170 171 181 179 180 195 214 201 166 143 127 115 110 116 135 134 136 161 168 176 187 197 204 203 217 233 264 312 367 388 428 472 481 516 570 590 607 628 665 698 741 778 809 864 902 923 950 987 1030 1086 1167 1210 1254 1311 1394 1481 1573 1689 1827 1849 1818 1666 1541 1541 1583 1662 1711 1711 1631
-9999 227 217 202 187 193 182 209 206 210 210 201 186 197 196 183 171 171 183 190 192 206 214 183 147 137 129 121 122 146 158 140 137 175 186 185 189 195 201 212 237 266 296 318 339 357 361 353 425 538 551 562 597 625 660 685 721 771 801 846 880 911 943 989 1033 1098 1168 1203 1242 1321 1437 1503 1583 1673 1774 1827 1863 1805 1640 1649 1612 1496 1486 1492 1478
-9999 221 207 190 195 192 192 220 215 225 210 194 209 210 200 186 174 175 184 191 199 216 212 171 145 129 124 128 134 139 136 137 166 187 200 195 200 203 228 250 284 318 339 381 408 417 404 442 442 439 501 574 597 625 675 733 754 773 815 833 874 930 974 1011 1050 1100 1136 1170 1226 1307 1393 1451 1577 1717 1822 1904 1900 1902 1795 1729 1581 1406 1416 1492 1550
-9999 208 198 195 213 189 208 229 222 212 206 212 217 209 193 186 187 180 187 200 209 217 198 158 139 121 116 126 118 118 133 157 187 210 230 233 236 240 278 316 351 387 391 398 426 449 472 499 537 537 502 507 537 568 661 722 784 822 874 918 938 961 983 1022 1057 1090 1121 1156 1203 1272 1343 1439 1568 1723 1844 1918 1943 1975 1886 1695 1508 1377 1547 1681 1695
-9999 202 199 222 218 193 218 232 218 217 224 220 207 202 204 202 190 188 185 196 209 198 188 146 130 122 112 114 108 121 143 178 217 252 268 276 278 285 338 394 408 421 429 457 483 501 523 533 547 584 617 597 641 597 636 703 755 805 875 928 939 957 998 1031 1055 1058 1075 1132 1167 1225 1323 1466 1584 1695 1780 1873 1952 1986 1872 1747 1552 1363 1569 1740 1736
-9999 -9999 213 237 210 208 231 232 228 231 232 221 214 212 202 194 190 183 174 191 197 170 173 159 140 116 105 103 113 124 153 202 240 264 285 293 321 337 381 400 391 411 438 476 509 533 545 566 575 599 644 676 702 688 663 744 798 819 860 856 852 893 950 963 999 1044 1089 1125 1189 1252 1338 1465 1551 1638 1704 1800 1872 1891 1849 1869 1649 1393 1415 1624 1693
-9999 -9999 227 227 208 238 246 242 242 241 230 222 220 211 199 189 179 170 168 179 181 170 156 156 134 115 98 105 109 127 152 201 230 259 279 308 397 396 353 350 380 409 443 478 484 505 532 573 594 600 637 670 701 737 757 783 820 835 751 655 709 856 924 986 1036 1082 1096 1144 1199 1254 1304 1381 1490 1572 1631 1695 1731 1741 1780 1895 1785 1524 1326 1459 1630
-9999 -9999 219 214 221 257 256 250 240 230 218 209 201 192 185 180 175 168 159 162 170 165 145 147 157 125 99 98 110 125 139 191 209 240 269 326 354 357 329 342 364 399 419 423 434 464 504 541 547 552 558 599 645 713 761 780 778 710 630 638 789 901 950 979 964 1025 1108 1172 1239 1276 1301 1324 1426 1455 1517 1587 1655 1656 1710 1810 1740 1502 1309 1504 1660
-9999 -9999 220 224 245 264 257 242 230 222 212 200 193 188 179 173 168 160 155 146 150 147 139 141 161 135 98 95 121 125 145 161 193 241 290 336 332 277 294 281 295 335 356 367 392 426 471 441 414 422 448 504 610 678 710 684 627 576 613 719 820 816 820 887 930 971 1031 1094 1192 1220 1268 1283 1330 1378 1446 1517 1586 1644 1690 1699 1531 1327 1347 1684 1713
-9999 -9999 239 248 265 268 254 237 223 221 216 205 196 187 175 168 164 154 147 140 132 132 130 130 148 151 114 108 119 112 133 165 201 222 283 305 272 233 251 265 286 319 336 356 382 411 426 352 381 421 487 457 514 585 590 537 526 544 657 700 709 708 874 980 1048 1078 1118 1071 1141 1191 1226 1263 1338 1392 1427 1480 1554 1649 1685 1569 1312 1256 1549 1712 1683
-9999 -9999 253 269 263 250 239 233 221 210 202 194 184 174 164 159 155 147 142 137 125 124 126 121 128 144 143 120 104 117 156 168 161 206 323 264 227 250 265 279 293 314 337 363 387 386 328 344 404 485 537 519 468 480 485 496 533 564 594 606 652 765 943 1022 1080 1118 1157 1134 1122 1172 1207 1259 1339 1401 1451 1473 1523 1535 1452 1232 1231 1483 1669 1632 1638
-9999 -9999 -9999 273 249 238 226 219 223 218 199 196 189 177 176 169 162 153 141 133 124 113 119 122 116 118 122 108 93 116 123 109 121 202 262 241 255 266 272 293 311 323 345 371 370 322 366 418 429 452 510 537 536 563 558 598 576 601 652 659 706 816 929 1002 1091 1173 1189 1197 1176 1200 1238 1296 1368 1434 1414 1217 1283 1273 1155 1287 1549 1686 1702 1632 1589
-9999 -9999 -9999 258 261 248 229 214 202 195 185 180 179 181 181 167 160 154 147 137 128 119 113 111 113 106 97 87 91 105 93 93 108 155 183 226 226 222 246 250 301 329 317 291 323 351 359 392 412 438 468 524 577 595 630 685 675 628 706 771 813 861 913 956 1033 1173 1240 1264 1246 1252 1278 1302 1340 1283 1145 1003 1077 1145 1322 1559 1709 1705 1680 1640 1571
-9999 -9999 -9999 244 242 236 231 231 231 219 200 184 166 160 165 168 155 143 142 142 130 124 114 104 97 95 84 85 86 86 85 90 100 134 169 235 255 284 312 319 310 328 349 364 348 368 409 421 447 447 484 531 558 610 669 693 754 717 712 758 830 895 891 926 994 1152 1238 1285 1294 1270 1198 1143 1129 977 935 1051 1329 1429 1583 1678 1664 1695 1670 1607 1506
-9999 -9999 -9999 237 223 214 204 202 208 211 199 183 173 163 149 152 148 139 130 129 126 119 112 102 90 83 83 83 83 83 85 89 95 109 159 234 224 277 303 313 344 377 364 312 336 365 385 414 475 500 519 555 612 645 670 766 780 814 824 850 859 823 775 798 958 1093 1062 1160 1141 1122 963 882 876 899 1007 1209 1487 1529 1547 1545 1510 1605 1630 1521 1362
-9999 -9999 -9999 246 233 219 208 198 188 189 190 174 165 165 158 154 140 132 133 126 117 110 105 99 92 82 82 82 81 81 84 87 91 95 118 177 192 229 239 248 267 289 296 313 366 386 403 416 425 472 525 573 631 709 728 765 826 848 803 859 809 727 659 685 843 896 807 856 850 823 780 836 934 1016 1151 1311 1372 1365 1390 1360 1378 1491 1492 1332 1194
-9999 -9999 -9999 -9999 233 224 215 204 194 180 171 170 166 155 146 148 151 140 124 120 113 106 100 96 89 82 81 81 80 79 82 85 87 89 98 130 177 218 250 289 292 300 308 338 365 409 433 458 466 459 495 545 612 671 712 775 813 767 684 776 726 594 569 614 654 653 657 676 712 778 825 936 1078 1152 1168 1223 1154 1188 1254 1243 1272 1363 1284 1147 1224
-9999 -9999 -9999 -9999 220 219 211 200 191 183 173 162 154 148 144 141 131 128 122 115 104 100 97 94 92 88 80 80 79 79 83 83 84 85 89 106 150 219 277 309 340 347 354 373 384 412 450 488 521 528 545 542 569 598 639 686 742 679 591 689 622 555 719 821 793 749 768 787 797 890 972 1075 1178 1117 1046 992 987 1059 1118 1133 1121 1161 1124 1152 1250
-9999 -9999 -9999 -9999 203 207 202 189 180 177 172 163 157 147 135 132 126 122 119 121 118 112 108 103 99 93 84 79 80 79 78 80 82 81 82 88 111 168 237 292 308 315 352 378 402 426 453 489 516 566 587 616 636 665 677 699 654 616 520 628 533 588 693 787 862 917 923 952 891 1002 1238 1254 1245 1111 919 912 1052 1074 1030 1018 1078 1086 1148 1251 1343
-9999 -9999 -9999 -9999 198 200 198 192 191 186 174 164 157 151 149 149 147 142 139 131 121 114 108 101 94 92 87 84 80 78 77 77 78 79 78 81 93 124 188 263 274 330 352 365 399 419 434 472 489 538 555 574 597 626 665 693 590 490 504 540 575 625 657 723 777 841 902 971 1037 1108 1218 1234 1269 1149 958 1137 1260 1212 1186 1185 1200 1212 1224 1375 1533
-9999 -9999 -9999 -9999 195 204 209 211 214 201 187 177 166 166 166 161 148 139 132 123 117 113 108 101 93 90 88 89 85 78 77 77 76 77 78 78 83 97 137 210 294 316 327 360 382 397 425 456 475 513 527 531 566 580 632 635 513 455 583 660 721 733 797 825 833 884 958 1026 1081 1143 1159 1116 1172 1072 990 1140 1196 1215 1282 1286 1294 1326 1404 1485 1693
-9999 -9999 -9999 -9999 188 187 206 210 215 210 195 186 182 178 163 147 132 123 118 113 108 104 102 98 97 94 91 88 85 80 77 76 74 75 77 77 80 89 107 164 239 281 333 347 354 358 393 424 444 484 490 503 532 560 622 585 437 488 637 740 828 841 894 921 934 952 1016 1075 1171 1195 1114 1011 973 980 967 1075 1120 1163 1260 1345 1359 1457 1514 1552 1678
-9999 -9999 -9999 -9999 -9999 174 177 192 197 202 200 192 184 163 143 131 129 128 123 117 112 109 105 100 96 93 90 86 83 81 76 74 73 74 76 75 77 81 92 126 203 302 322 310 325 327 366 395 420 443 441 477 520 563 592 477 414 532 663 736 820 844 866 865 898 910 912 972 1082 1147 1027 931 841 874 947 1018 1126 1193 1287 1334 1324 1384 1411 1475 1587
