Dropbox/GRP Data/GRP mammal paper/NN_analysis/DATA/2014 input files/la_demsrtm30.asc
ncols         224
nrows         137
xllcorner     -215092.73003284
yllcorner     212188.46871297
cellsize      1000
NODATA_value  -9999
[rows 38 to 75 of 137, columns 0 to 84 of 224]
-9999 -9999 -9999 -9999 -9999 -9999 -9999 -9999 -9999 -9999 -9999 -9999 -9999 -9999 -9999 -9999 -9999 -9999 -9999 -9999 -9999 -9999 -9999 -9999 -9999 -9999 -9999 -9999 -9999 -9999 -9999 -9999 -9999 -9999 -9999 -9999 -9999 -9999 -9999 -9999 -9999 -9999 -9999 -9999 -9999 -9999 -9999 -9999 -9999 -9999 -9999 -9999 -9999 -9999 -9999 -9999 -9999 -9999 -9999 -9999 -9999 -9999 -9999 -9999 -9999 -9999 -9999 -9999 -9999 -9999 -9999 -9999 -9999 -9999 -9999 -9999 -9999 -9999 -9999 -9999 -9999 -9999 -9999 -9999 -9999
-9999 -9999 -9999 -9999 -9999 -9999 -9999 -9999 -9999 -9999 -9999 -9999 -9999 -9999 -9999 -9999 -9999 -9999 -9999 -9999 -9999 -9999 -9999 -9999 -9999 -9999 -9999 -9999 -9999 -9999 -9999 -9999 -9999 -9999 -9999 -9999 -9999 -9999 -9999 -9999 -9999 -9999 -9999 -9999 -9999 -9999 -9999 -9999 -9999 -9999 -9999 -9999 -9999 -9999 -9999 -9999 -9999 -9999 -9999 -9999 -9999 -9999 -9999 -9999 -9999 -9999 -9999 -9999 -9999 -9999 -9999 -9999 -9999 -9999 -9999 -9999 -9999 -9999 -9999 -9999 -9999 -9999 -9999 1425 1405
-9999 -9999 -9999 -9999 -9999 -9999 -9999 -9999 -9999 -9999 -9999 -9999 -9999 -9999 -9999 -9999 -9999 -9999 -9999 -9999 -9999 -9999 -9999 -9999 -9999 -9999 -9999 -9999 -9999 -9999 -9999 -9999 -9999 -9999 -9999 -9999 -9999 -9999 -9999 -9999 -9999 -9999 -9999 -9999 -9999 -9999 -9999 -9999 -9999 -9999 -9999 -9999 -9999 -9999 -9999 -9999 -9999 -9999 -9999 -9999 -9999 -9999 -9999 -9999 -9999 -9999 -9999 -9999 -9999 -9999 -9999 -9999 -9999 -9999 -9999 -9999 -9999 -9999 -9999 -9999 -9999 1446 1427 1419 1383
-9999 -9999 -9999 -9999 -9999 -9999 -9999 -9999 -9999 -9999 -9999 -9999 -9999 -9999 -9999 -9999 -9999 -9999 -9999 -9999 -9999 -9999 -9999 -9999 -9999 -9999 -9999 -9999 -9999 -9999 -9999 -9999 -9999 -9999 -9999 -9999 -9999 -9999 -9999 -9999 -9999 -9999 -9999 -9999 -9999 -9999 -9999 -9999 -9999 -9999 -9999 -9999 -9999 -9999 -9999 -9999 -9999 -9999 -9999 -9999 -9999 -9999 -9999 -9999 -9999 -9999 -9999 -9999 -9999 -9999 -9999 -9999 -9999 -9999 -9999 -9999 -9999 -9999 1472 1453 1501 1444 1431 1464 1430
-9999 -9999 -9999 -9999 -9999 -9999 -9999 -9999 -9999 -9999 -9999 -9999 -9999 -9999 -9999 -9999 -9999 -9999 -9999 -9999 -9999 -9999 -9999 -9999 -9999 -9999 -9999 -9999 -9999 -9999 -9999 -9999 -9999 -9999 -9999 -9999 -9999 -9999 -9999 -9999 -9999 -9999 -9999 -9999 -9999 -9999 -9999 -9999 -9999 -9999 -9999 -9999 -9999 -9999 -9999 -9999 -9999 -9999 -9999 -9999 -9999 -9999 -9999 -9999 -9999 -9999 -9999 -9999 -9999 -9999 -9999 -9999 -9999 -9999 -9999 -9999 1593 1575 1534 1489 1468 1452 1461 1520 1509
-9999 -9999 -9999 -9999 -9999 -9999 -9999 -9999 -9999 -9999 -9999 -9999 -9999 -9999 -9999 -9999 -9999 -9999 -9999 -9999 -9999 -9999 -9999 -9999 -9999 -9999 -9999 -9999 -9999 -9999 -9999 -9999 -9999 -9999 -9999 -9999 -9999 -9999 -9999 -9999 -9999 -9999 -9999 -9999 -9999 -9999 -9999 -9999 -9999 -9999 -9999 -9999 -9999 -9999 -9999 -9999 -9999 -9999 -9999 -9999 -9999 -9999 -9999 -9999 -9999 -9999 -9999 -9999 -9999 -9999 -9999 -9999 -9999 1559 1601 1648 1655 1654 1604 1554 1558 1590 1605 1658 1634
-9999 -9999 -9999 -9999 -9999 -9999 -9999 -9999 -9999 -9999 -9999 -9999 -9999 -9999 -9999 -9999 -9999 -9999 -9999 -9999 -9999 -9999 -9999 -9999 -9999 -9999 -9999 -9999 -9999 -9999 -9999 -9999 -9999 -9999 -9999 -9999 -9999 -9999 -9999 -9999 -9999 -9999 -9999 -9999 -9999 -9999 -9999 -9999 -9999 -9999 -9999 -9999 -9999 -9999 -9999 -9999 -9999 -9999 -9999 -9999 -9999 -9999 -9999 -9999 -9999 -9999 -9999 -9999 -9999 -9999 -9999 1505 1547 1600 1634 1680 1706 1709 1658 1629 1750 1859 1858 1803 1742
-9999 -9999 -9999 -9999 -9999 -9999 -9999 -9999 -9999 -9999 -9999 -9999 -9999 -9999 -9999 -9999 -9999 -9999 -9999 -9999 -9999 -9999 -9999 -9999 -9999 -9999 -9999 -9999 -9999 -9999 -9999 -9999 -9999 -9999 -9999 -9999 -9999 -9999 -9999 -9999 -9999 -9999 -9999 -9999 -9999 -9999 -9999 -9999 -9999 -9999 -9999 -9999 -9999 -9999 -9999 -9999 -9999 -9999 -9999 -9999 -9999 -9999 -9999 -9999 -9999 -9999 -9999 -9999 1638 1514 1488 1490 1526 1611 1635 1685 1727 1705 1684 1714 1896 2061 2087 1906 1805
-9999 -9999 -9999 -9999 -9999 -9999 -9999 -9999 -9999 -9999 -9999 -9999 -9999 -9999 -9999 -9999 -9999 -9999 -9999 -9999 -9999 -9999 -9999 -9999 -9999 -9999 -9999 -9999 -9999 -9999 -9999 -9999 -9999 -9999 -9999 -9999 -9999 -9999 -9999 -9999 -9999 -9999 -9999 -9999 -9999 -9999 -9999 -9999 -9999 -9999 -9999 -9999 -9999 -9999 -9999 -9999 -9999 -9999 -9999 -9999 -9999 -9999 -9999 -9999 -9999 -9999 1766 1682 1562 1505 1495 1504 1521 1578 1627 1673 1698 1707 1742 1819 1949 2051 2067 1941 1858
-9999 -9999 -9999 -9999 -9999 -9999 -9999 -9999 -9999 -9999 -9999 -9999 -9999 -9999 -9999 -9999 -9999 -9999 -9999 -9999 -9999 -9999 -9999 -9999 -9999 -9999 -9999 -9999 -9999 -9999 -9999 -9999 -9999 -9999 -9999 -9999 -9999 -9999 -9999 -9999 -9999 -9999 -9999 -9999 -9999 -9999 -9999 -9999 -9999 -9999 -9999 -9999 -9999 -9999 -9999 -9999 -9999 -9999 -9999 -9999 -9999 -9999 -9999 -9999 1659 1620 1608 1582 1517 1503 1506 1526 1534 1561 1630 1677 1727 1793 1874 1961 2011 2001 1985 1937 1874
-9999 -9999 -9999 -9999 -9999 -9999 -9999 -9999 -9999 -9999 -9999 -9999 -9999 -9999 -9999 -9999 -9999 -9999 -9999 -9999 -9999 -9999 -9999 -9999 -9999 -9999 -9999 -9999 -9999 -9999 -9999 -9999 -9999 -9999 -9999 -9999 -9999 -9999 -9999 -9999 -9999 -9999 -9999 -9999 -9999 -9999 -9999 -9999 -9999 -9999 -9999 -9999 -9999 -9999 -9999 -9999 -9999 -9999 -9999 -9999 -9999 1491 1563 1606 1553 1520 1541 1555 1539 1518 1523 1521 1527 1566 1620 1705 1813 1953 2096 2143 2084 2002 1975 1917 1864
-9999 -9999 -9999 -9999 -9999 -9999 -9999 -9999 -9999 -9999 -9999 -9999 -9999 -9999 -9999 -9999 -9999 -9999 -9999 -9999 -9999 -9999 -9999 -9999 -9999 -9999 -9999 -9999 -9999 -9999 -9999 -9999 -9999 -9999 -9999 -9999 -9999 -9999 -9999 -9999 -9999 -9999 -9999 -9999 -9999 -9999 -9999 -9999 -9999 -9999 -9999 -9999 -9999 -9999 -9999 -9999 -9999 -9999 -9999 1285 1422 1407 1497 1503 1504 1474 1492 1512 1544 1534 1562 1533 1534 1575 1648 1749 1906 2158 2320 2216 2155 2070 2037 1942 1871
-9999 -9999 -9999 -9999 -9999 -9999 -9999 -9999 -9999 -9999 -9999 -9999 -9999 -9999 -9999 -9999 -9999 -9999 -9999 -9999 -9999 -9999 -9999 -9999 -9999 -9999 -9999 -9999 -9999 -9999 -9999 -9999 -9999 -9999 -9999 -9999 -9999 -9999 -9999 -9999 -9999 -9999 -9999 -9999 -9999 -9999 -9999 -9999 -9999 -9999 -9999 -9999 -9999 -9999 -9999 -9999 1001 1042 1062 1123 1197 1252 1392 1473 1508 1469 1494 1490 1500 1523 1546 1581 1586 1617 1673 1787 2008 2354 2444 2335 2242 2139 2084 2013 1913
-9999 -9999 -9999 -9999 -9999 -9999 -9999 -9999 -9999 -9999 -9999 -9999 -9999 -9999 -9999 -9999 -9999 -9999 -9999 -9999 -9999 -9999 -9999 -9999 -9999 -9999 -9999 -9999 -9999 -9999 -9999 -9999 -9999 -9999 -9999 -9999 -9999 -9999 -9999 -9999 -9999 -9999 -9999 -9999 -9999 -9999 -9999 -9999 -9999 -9999 -9999 -9999 -9999 -9999 883 895 880 959 1030 1100 1164 1253 1383 1489 1500 1506 1533 1509 1511 1548 1576 1647 1728 1692 1711 1800 1999 2304 2441 2370 2271 2106 1993 1985 1978
-9999 -9999 -9999 -9999 -9999 -9999 -9999 -9999 -9999 -9999 -9999 -9999 -9999 -9999 -9999 -9999 -9999 -9999 -9999 -9999 -9999 -9999 -9999 -9999 -9999 -9999 -9999 -9999 -9999 -9999 -9999 -9999 -9999 -9999 -9999 -9999 -9999 -9999 -9999 -9999 -9999 -9999 -9999 -9999 -9999 -9999 -9999 -9999 -9999 -9999 -9999 731 749 780 808 812 883 1050 1138 1212 1242 1277 1393 1480 1531 1536 1550 1564 1539 1568 1630 1675 1825 1814 1765 1825 1940 2090 2187 2191 2097 1964 1913 1971 1989
-9999 -9999 -9999 -9999 -9999 -9999 -9999 -9999 -9999 -9999 -9999 -9999 -9999 -9999 -9999 -9999 -9999 -9999 -9999 -9999 -9999 -9999 -9999 -9999 -9999 -9999 -9999 -9999 -9999 -9999 -9999 -9999 -9999 -9999 -9999 -9999 -9999 -9999 -9999 -9999 -9999 -9999 -9999 -9999 -9999 -9999 -9999 -9999 -9999 662 675 686 707 731 743 812 916 1052 1108 1191 1179 1203 1306 1379 1473 1486 1493 1590 1586 1602 1645 1727 1800 1856 1814 1893 1953 1966 1985 1988 1922 1861 1865 1909 1921
-9999 -9999 -9999 -9999 -9999 -9999 -9999 -9999 -9999 -9999 -9999 -9999 -9999 -9999 -9999 -9999 -9999 -9999 -9999 -9999 -9999 -9999 -9999 -9999 -9999 -9999 -9999 -9999 -9999 -9999 -9999 -9999 -9999 -9999 -9999 -9999 -9999 -9999 -9999 -9999 -9999 -9999 -9999 -9999 -9999 -9999 423 479 561 609 614 647 671 685 708 779 875 924 986 1034 1074 1139 1228 1319 1387 1365 1446 1610 1633 1657 1707 1777 1836 1840 1856 1921 1958 1871 1853 1834 1801 1777 1810 1860 1850
-9999 -9999 -9999 -9999 -9999 -9999 -9999 -9999 -9999 -9999 -9999 -9999 -9999 -9999 -9999 -9999 -9999 -9999 -9999 -9999 -9999 -9999 -9999 -9999 -9999 -9999 -9999 -9999 -9999 -9999 -9999 -9999 -9999 -9999 -9999 -9999 -9999 -9999 -9999 -9999 -9999 -9999 -9999 -9999 325 345 383 449 511 554 578 610 618 625 679 735 775 809 875 957 1055 1121 1166 1214 1252 1338 1483 1652 1715 1733 1804 1835 1867 1878 1903 1952 1940 1843 1772 1728 1713 1713 1753 1808 1794
-9999 -9999 -9999 -9999 -9999 -9999 -9999 -9999 -9999 -9999 -9999 -9999 -9999 -9999 -9999 -9999 -9999 -9999 -9999 -9999 -9999 -9999 -9999 -9999 -9999 -9999 -9999 -9999 -9999 -9999 -9999 -9999 -9999 -9999 -9999 -9999 -9999 -9999 -9999 -9999 -9999 340 336 315 342 407 409 450 486 514 535 550 607 671 695 723 765 811 881 964 1050 1125 1156 1151 1254 1424 1546 1654 1708 1762 1826 1806 1826 1924 1969 2020 1976 1878 1771 1679 1641 1649 1682 1700 1749
-9999 -9999 -9999 -9999 -9999 -9999 -9999 -9999 -9999 -9999 -9999 -9999 -9999 -9999 -9999 -9999 -9999 -9999 -9999 -9999 -9999 -9999 -9999 -9999 -9999 -9999 -9999 -9999 -9999 -9999 -9999 -9999 -9999 -9999 -9999 -9999 -9999 -9999 -9999 290 296 303 312 338 395 418 440 456 473 491 533 612 676 711 730 735 780 820 854 934 1010 1085 1109 1108 1221 1316 1406 1514 1513 1573 1653 1715 1765 1858 1897 1929 1898 1841 1806 1742 1641 1609 1623 1660 1780
-9999 -9999 -9999 -9999 -9999 -9999 -9999 -9999 -9999 -9999 -9999 -9999 -9999 -9999 -9999 -9999 -9999 -9999 -9999 -9999 -9999 -9999 -9999 -9999 -9999 -9999 -9999 -9999 -9999 -9999 -9999 -9999 -9999 -9999 -9999 -9999 229 264 285 288 284 315 353 370 392 415 459 475 495 521 580 634 701 738 767 780 809 828 854 899 982 1004 1000 1071 1186 1184 1219 1301 1392 1538 1621 1680 1828 1835 1848 1786 1791 1823 1800 1803 1746 1661 1616 1655 1738
-9999 -9999 -9999 -9999 -9999 -9999 -9999 -9999 -9999 -9999 -9999 -9999 -9999 -9999 -9999 -9999 -9999 -9999 -9999 -9999 -9999 -9999 -9999 -9999 -9999 -9999 -9999 -9999 -9999 -9999 -9999 -9999 -9999 -9999 210 230 256 261 264 287 310 328 341 365 405 454 507 526 541 558 574 612 694 726 763 800 825 843 871 920 949 953 993 1052 1087 1194 1417 1533 1637 1810 1856 1810 1845 1864 1827 1736 1755 1804 1825 1791 1830 1733 1648 1717 1695
-9999 -9999 -9999 -9999 -9999 -9999 -9999 -9999 -9999 -9999 -9999 -9999 -9999 -9999 -9999 -9999 -9999 -9999 -9999 -9999 -9999 -9999 -9999 -9999 -9999 -9999 -9999 -9999 -9999 -9999 -9999 175 191 221 239 230 230 247 283 302 304 324 341 385 440 479 506 515 537 563 578 597 637 657 716 775 804 835 876 927 961 986 1023 1076 1196 1320 1389 1488 1604 1766 1909 1777 1689 1731 1725 1726 1747 1770 1791 1770 1799 1721 1659 1727 1672
-9999 -9999 -9999 -9999 -9999 -9999 -9999 -9999 -9999 -9999 -9999 -9999 -9999 -9999 -9999 -9999 -9999 -9999 -9999 -9999 -9999 -9999 -9999 -9999 -9999 -9999 -9999 -9999 -9999 199 180 179 196 229 227 207 232 281 298 284 291 344 381 419 459 488 508 516 526 555 571 585 589 620 698 769 804 843 871 924 1025 1106 1144 1196 1317 1390 1398 1419 1486 1569 1630 1649 1634 1675 1726 1740 1767 1776 1775 1762 1742 1699 1684 1668 1652
-9999 -9999 -9999 -9999 -9999 -9999 -9999 -9999 -9999 -9999 -9999 -9999 -9999 -9999 -9999 -9999 -9999 -9999 -9999 -9999 -9999 -9999 -9999 -9999 -9999 -9999 148 161 161 181 161 177 201 205 195 194 227 273 273 261 301 377 407 400 429 453 511 570 573 605 607 591 596 627 705 792 815 806 848 913 1051 1198 1237 1292 1321 1363 1353 1372 1413 1442 1464 1512 1545 1678 1738 1774 1798 1831 1811 1775 1753 1733 1718 1684 1665
-9999 -9999 -9999 -9999 -9999 -9999 -9999 -9999 -9999 -9999 -9999 -9999 -9999 -9999 -9999 -9999 -9999 -9999 -9999 -9999 -9999 -9999 -9999 -9999 163 153 144 152 165 160 165 180 191 187 208 226 237 255 263 303 350 369 341 299 323 371 464 592 672 751 733 748 743 731 712 744 753 753 856 940 1044 1187 1241 1271 1294 1298 1283 1328 1331 1336 1356 1412 1521 1622 1670 1695 1730 1753 1775 1828 1816 1785 1753 1760 1755
-9999 -9999 -9999 -9999 -9999 -9999 -9999 -9999 -9999 -9999 -9999 -9999 -9999 -9999 -9999 -9999 -9999 -9999 -9999 -9999 -9999 -9999 176 183 165 142 141 145 148 157 180 182 187 212 224 231 234 247 295 302 279 261 249 265 312 412 476 563 641 755 813 833 786 714 683 747 789 787 866 967 1087 1234 1277 1297 1300 1274 1259 1277 1274 1282 1299 1360 1456 1507 1528 1564 1617 1675 1750 1863 1915 1828 1877 1922 1856
-9999 -9999 -9999 -9999 -9999 -9999 -9999 -9999 -9999 -9999 -9999 -9999 -9999 -9999 -9999 -9999 -9999 -9999 -9999 164 164 163 173 181 161 138 142 155 158 156 164 176 201 208 212 223 242 232 216 217 223 243 272 312 334 387 434 527 661 760 757 680 640 685 776 881 920 918 962 1052 1184 1265 1283 1281 1271 1256 1260 1266 1270 1272 1276 1305 1363 1406 1471 1547 1590 1643 1693 1768 1812 1858 1988 2009 1896
-9999 -9999 -9999 -9999 -9999 -9999 -9999 -9999 -9999 -9999 -9999 -9999 -9999 -9999 -9999 -9999 -9999 -9999 160 159 155 160 171 177 154 136 148 168 176 170 162 172 182 197 212 230 236 233 227 236 291 332 376 359 428 447 492 560 671 674 656 626 643 659 737 850 996 1047 1061 1165 1228 1243 1241 1235 1246 1254 1261 1266 1264 1269 1282 1299 1330 1392 1462 1531 1569 1610 1650 1707 1755 1843 1981 1985 1910
-9999 -9999 -9999 -9999 -9999 -9999 -9999 -9999 -9999 -9999 -9999 -9999 -9999 -9999 -9999 -9999 142 146 156 158 153 155 165 169 150 134 148 172 178 183 177 174 183 211 243 255 267 291 307 267 327 397 427 442 448 476 543 580 589 559 624 670 686 776 883 976 1074 1116 1126 1165 1190 1209 1214 1215 1230 1252 1258 1261 1258 1267 1286 1303 1330 1398 1454 1515 1556 1587 1621 1678 1734 1781 1846 1878 1911
-9999 -9999 -9999 -9999 -9999 -9999 -9999 -9999 -9999 -9999 -9999 -9999 -9999 -9999 -9999 138 139 139 149 156 152 150 155 161 154 133 145 161 175 185 189 193 205 220 236 246 265 295 325 335 329 376 411 437 449 477 513 540 586 635 685 708 740 860 974 1013 1071 1107 1136 1154 1180 1198 1213 1218 1222 1241 1249 1248 1258 1268 1288 1310 1343 1391 1435 1488 1540 1579 1622 1688 1774 1794 1812 1877 1977
-9999 -9999 -9999 -9999 -9999 -9999 -9999 -9999 -9999 -9999 -9999 -9999 -9999 -9999 136 136 138 137 140 151 152 149 150 155 158 133 140 154 173 180 186 195 207 215 231 249 276 304 338 369 377 395 446 469 490 516 552 601 620 682 760 776 786 857 943 989 1072 1115 1143 1159 1173 1190 1211 1215 1219 1228 1232 1238 1255 1272 1293 1321 1351 1404 1451 1493 1550 1608 1676 1755 1883 1891 1858 1928 2050
-9999 -9999 -9999 -9999 -9999 -9999 -9999 -9999 -9999 -9999 -9999 -9999 -9999 148 135 133 136 136 141 150 149 146 149 150 153 131 140 152 165 171 181 189 196 208 227 250 278 307 337 369 388 422 455 488 514 534 563 615 658 727 795 828 859 910 965 1040 1092 1123 1137 1158 1165 1178 1200 1201 1206 1215 1224 1238 1254 1276 1299 1332 1364 1401 1451 1527 1594 1665 1750 1832 1967 2021 1959 1976 2042
-9999 -9999 -9999 -9999 -9999 -9999 -9999 -9999 -9999 -9999 -9999 -9999 188 169 146 135 132 133 137 147 147 146 142 147 148 128 143 150 157 166 177 185 182 199 220 238 258 281 300 323 353 397 437 480 523 554 599 651 682 739 825 884 942 1004 1040 1078 1105 1122 1127 1138 1149 1153 1173 1209 1210 1213 1226 1232 1251 1280 1311 1352 1388 1416 1452 1516 1610 1706 1835 1938 2038 2113 2102 2099 2077
-9999 -9999 -9999 -9999 -9999 -9999 -9999 -9999 -9999 -9999 -9999 206 206 197 170 148 134 132 133 145 147 145 144 142 140 125 150 147 151 162 176 184 169 172 188 215 244 270 290 315 346 385 432 476 519 564 600 653 684 752 831 938 997 1039 1072 1090 1098 1106 1101 1107 1118 1133 1161 1198 1219 1211 1217 1236 1259 1289 1324 1355 1395 1440 1469 1515 1596 1699 1820 1937 2038 2148 2310 2322 2191
-9999 -9999 -9999 -9999 -9999 -9999 -9999 -9999 -9999 -9999 222 215 211 206 196 174 145 131 130 135 140 138 139 137 135 124 150 152 149 168 166 161 154 164 189 222 250 278 308 337 358 391 440 493 544 587 614 662 703 757 837 935 1010 1054 1066 1074 1074 1073 1061 1065 1090 1114 1132 1171 1187 1188 1188 1223 1270 1313 1349 1378 1416 1460 1503 1552 1629 1728 1847 1944 1969 2084 2349 2463 2334
-9999 -9999 -9999 -9999 -9999 -9999 -9999 -9999 -9999 229 219 213 207 203 192 180 160 136 132 129 129 128 125 127 128 125 149 159 143 142 148 145 164 177 211 246 275 294 309 333 370 414 463 518 575 615 649 683 728 801 842 895 961 996 995 1000 1002 986 976 1013 1049 1062 1105 1136 1135 1136 1160 1216 1267 1313 1347 1380 1411 1445 1491 1563 1645 1758 1913 1940 2035 2084 2104 2231 2353
-9999 -9999 -9999 -9999 -9999 -9999 -9999 -9999 247 236 225 218 208 199 186 174 166 145 134 130 129 126 124 123 122 124 138 145 135 132 147 162 181 199 224 249 272 287 310 346 391 430 467 506 572 632 655 686 667 771 810 848 840 849 837 856 858 831 868 922 940 965 1040 1072 1063 1118 1183 1217 1250 1284 1317 1358 1391 1442 1508 1578 1664 1837 1994 2046 1999 2175 2383 2431 2471
