Dropbox/GRP Data/GRP mammal paper/NN_analysis/DATA/2014 input files/la_demsrtm30.asc
ncols         224
nrows         137
xllcorner     -215092.73003284
yllcorner     212188.46871297
cellsize      1000
NODATA_value  -9999
[rows 38 to 75 of 137, columns 85 to 169 of 224]
-9999 1164 1024 1017 1022 1026 1026 1025 1115 1292 1456 1513 1497 1496 1501 1514 1541 1599 1632 1666 1682 1631 1626 1590 1581 1627 1674 1738 1790 1808 1803 1782 1761 1766 1760 1740 1689 1642 1621 1664 1728 1729 1714 1702 1706 1677 1683 1758 1832 1824 1859 1865 1897 1927 1938 1947 1911 2005 2013 1862 1782 1805 1811 1769 1794 1794 1761 1727 1678 1630 1615 1614 1613 1632 1696 1747 1747 1745 1716 1694 1674 1653 1622 1621 1647
1396 1300 1082 1026 1030 1035 1042 1040 1094 1306 1396 1533 1514 1511 1505 1514 1569 1614 1646 1663 1682 1648 1651 1635 1655 1694 1738 1831 1912 1937 1903 1842 1792 1787 1780 1764 1745 1714 1655 1646 1664 1679 1690 1711 1723 1672 1635 1713 1791 1819 1859 1882 1920 1956 1931 1925 1889 1920 1981 1854 1811 1836 1851 1816 1859 1870 1815 1767 1715 1654 1617 1614 1614 1655 1762 1739 1743 1734 1731 1753 1732 1709 1710 1730 1759
1454 1383 1141 1039 1041 1049 1058 1063 1105 1241 1299 1523 1527 1518 1512 1512 1577 1634 1661 1674 1690 1681 1683 1686 1709 1764 1821 1924 2027 2083 2022 1913 1835 1809 1804 1794 1780 1768 1690 1661 1659 1641 1659 1722 1752 1710 1655 1681 1738 1798 1842 1911 1947 1933 1921 1902 1864 1867 1940 1871 1854 1865 1872 1858 1902 1920 1856 1799 1726 1663 1623 1615 1616 1644 1778 1803 1797 1792 1775 1797 1789 1769 1783 1832 1875
1435 1383 1176 1057 1063 1079 1089 1090 1104 1198 1268 1490 1524 1517 1514 1511 1561 1653 1676 1690 1705 1712 1711 1713 1726 1775 1867 1984 2101 2171 2104 1972 1866 1842 1822 1814 1801 1763 1708 1695 1694 1662 1670 1726 1763 1750 1709 1736 1778 1797 1832 1952 1961 1890 1898 1878 1857 1862 1916 1894 1868 1868 1860 1870 1913 1915 1835 1782 1705 1662 1639 1624 1637 1665 1794 1885 1856 1869 1840 1837 1829 1821 1820 1859 1907
1439 1369 1219 1084 1085 1100 1111 1113 1128 1167 1209 1448 1504 1500 1498 1494 1528 1640 1679 1699 1717 1734 1732 1728 1733 1763 1852 1997 2131 2166 2097 1960 1882 1914 1885 1823 1817 1782 1751 1782 1734 1723 1720 1732 1772 1786 1811 1850 1865 1878 1885 1971 1940 1869 1873 1854 1862 1866 1908 1895 1896 1872 1855 1856 1864 1847 1799 1749 1694 1680 1720 1679 1711 1777 1842 1929 1918 1920 1886 1851 1841 1826 1854 1859 1896
1504 1435 1275 1130 1104 1115 1124 1125 1143 1158 1206 1419 1474 1489 1493 1493 1504 1614 1681 1702 1725 1737 1739 1738 1739 1752 1814 1938 2051 2071 2022 1911 1856 1934 1939 1887 1841 1800 1799 1860 1838 1852 1825 1795 1883 1871 1915 1949 1975 1963 1931 1963 1916 1887 1867 1843 1835 1857 1906 1905 1934 1906 1868 1847 1822 1802 1771 1725 1685 1713 1795 1775 1793 1881 1884 1989 1992 1987 1947 1866 1853 1831 1847 1846 1847
1592 1524 1387 1234 1131 1118 1125 1131 1156 1166 1208 1452 1477 1495 1505 1504 1500 1569 1677 1704 1722 1732 1738 1739 1744 1755 1783 1844 1904 1914 1892 1849 1815 1867 1963 2014 1916 1857 1826 1886 1955 1978 1954 1867 1955 1949 1938 1984 1998 1966 1971 1950 1920 1880 1888 1858 1811 1851 1911 1941 1959 1940 1891 1870 1826 1784 1750 1712 1675 1687 1743 1783 1792 1881 1933 2051 2089 2081 2004 1910 1890 1900 1875 1841 1812
1693 1622 1524 1340 1192 1129 1133 1137 1167 1181 1218 1449 1489 1504 1519 1520 1512 1519 1647 1710 1722 1726 1733 1737 1744 1760 1781 1801 1802 1801 1804 1786 1779 1819 1918 2012 1953 1914 1859 1888 1982 2059 2104 1971 1984 2000 1992 2003 1951 1928 1953 1996 1898 1856 1881 1854 1813 1839 1909 1969 1974 1915 1882 1886 1843 1782 1728 1695 1656 1644 1684 1716 1741 1819 1943 2084 2154 2106 2005 1919 1913 1971 1882 1826 1783
1797 1712 1591 1366 1229 1175 1181 1169 1185 1194 1239 1429 1499 1510 1520 1530 1523 1517 1570 1704 1723 1718 1723 1731 1748 1763 1779 1785 1770 1760 1769 1779 1780 1792 1838 1908 1921 1905 1874 1893 1979 2075 2153 2056 1958 2004 2058 2038 1927 1856 1881 1938 1867 1825 1835 1810 1800 1812 1824 1876 1933 1874 1862 1896 1861 1796 1717 1677 1627 1601 1626 1656 1703 1796 1923 2050 2121 2082 1981 1900 1900 1936 1842 1825 1755
1829 1728 1604 1387 1259 1253 1255 1238 1230 1221 1262 1434 1514 1520 1523 1530 1529 1530 1554 1686 1721 1715 1714 1718 1732 1754 1762 1756 1747 1740 1751 1767 1765 1785 1815 1860 1925 1862 1846 1851 1922 1983 2021 1991 1909 1921 1957 1952 1871 1788 1761 1771 1751 1760 1780 1780 1832 1786 1760 1775 1805 1750 1832 1882 1838 1776 1717 1664 1599 1568 1570 1615 1694 1812 1897 1957 2054 2078 1983 1890 1846 1866 1827 1819 1754
1807 1726 1624 1429 1362 1393 1386 1350 1287 1253 1273 1448 1530 1537 1526 1531 1537 1542 1559 1670 1717 1713 1704 1709 1715 1736 1740 1731 1723 1719 1725 1739 1753 1804 1861 1893 1879 1815 1774 1781 1817 1876 1890 1890 1844 1810 1824 1833 1784 1734 1698 1688 1686 1711 1717 1769 1797 1768 1746 1710 1682 1664 1775 1812 1766 1758 1707 1665 1594 1559 1557 1569 1635 1804 1896 1884 1988 2077 2004 1946 1847 1783 1787 1772 1749
1824 1762 1696 1544 1480 1552 1596 1502 1369 1283 1283 1471 1551 1564 1546 1552 1560 1561 1566 1638 1701 1707 1697 1700 1700 1710 1718 1711 1702 1702 1710 1732 1770 1825 1901 1932 1875 1815 1745 1735 1747 1778 1788 1803 1783 1760 1744 1756 1758 1724 1689 1679 1678 1679 1686 1728 1806 1817 1795 1707 1646 1638 1666 1718 1715 1703 1676 1635 1588 1558 1557 1557 1564 1728 1822 1857 1959 2144 2124 2058 1927 1815 1711 1686 1682
1899 1861 1795 1803 1610 1649 1794 1628 1450 1325 1297 1466 1561 1593 1587 1581 1585 1589 1584 1605 1663 1685 1692 1690 1693 1692 1701 1701 1700 1697 1703 1726 1778 1837 1918 1950 1881 1809 1734 1711 1714 1734 1729 1754 1743 1752 1734 1731 1737 1709 1686 1679 1677 1681 1703 1765 1838 1883 1838 1735 1654 1614 1603 1632 1703 1657 1659 1610 1562 1556 1557 1556 1557 1632 1753 1813 1914 2079 2247 2190 2050 1889 1752 1669 1628
2036 1935 1801 1789 1617 1606 1649 1564 1434 1338 1316 1429 1593 1604 1616 1597 1596 1608 1607 1606 1626 1650 1663 1682 1688 1685 1695 1702 1707 1701 1721 1749 1774 1836 1908 1953 1910 1827 1740 1703 1703 1710 1707 1721 1725 1737 1741 1722 1712 1705 1698 1693 1682 1683 1702 1726 1758 1779 1800 1757 1686 1622 1580 1579 1620 1616 1623 1594 1561 1557 1556 1557 1556 1608 1721 1783 1895 2010 2172 2268 2087 1931 1793 1680 1623
2060 1970 1778 1621 1563 1510 1505 1454 1381 1335 1330 1408 1641 1620 1626 1606 1613 1624 1628 1624 1624 1628 1631 1665 1682 1691 1705 1716 1710 1709 1791 1828 1782 1793 1839 1881 1860 1808 1732 1700 1697 1698 1704 1705 1709 1711 1730 1736 1697 1703 1724 1738 1708 1682 1710 1676 1674 1669 1729 1756 1687 1610 1570 1558 1559 1564 1595 1561 1563 1557 1559 1557 1555 1568 1683 1778 1846 1954 2174 2310 2121 1960 1806 1695 1649
1898 1870 1722 1519 1458 1417 1417 1389 1374 1345 1342 1360 1578 1629 1626 1633 1634 1646 1647 1640 1634 1627 1625 1656 1679 1698 1743 1746 1706 1729 1834 1902 1803 1751 1765 1784 1764 1750 1721 1705 1700 1703 1708 1709 1703 1693 1713 1742 1695 1712 1753 1779 1748 1687 1714 1665 1681 1670 1688 1704 1661 1593 1574 1560 1556 1557 1583 1558 1565 1559 1573 1560 1556 1557 1643 1754 1830 1957 2117 2198 2069 1930 1810 1699 1607
1787 1746 1711 1544 1452 1407 1379 1387 1401 1352 1330 1362 1566 1630 1632 1647 1655 1666 1661 1653 1640 1633 1629 1644 1668 1708 1725 1721 1699 1738 1814 1876 1782 1718 1716 1725 1726 1735 1727 1721 1740 1747 1753 1749 1725 1701 1708 1708 1707 1753 1833 1861 1802 1715 1735 1713 1771 1751 1716 1645 1625 1585 1577 1568 1560 1556 1569 1558 1562 1559 1573 1569 1557 1556 1632 1738 1837 1977 2060 2069 2019 1918 1788 1692 1608
1739 1683 1697 1658 1509 1465 1394 1391 1402 1354 1334 1343 1535 1629 1648 1666 1677 1674 1660 1645 1644 1636 1633 1640 1652 1690 1751 1729 1709 1714 1737 1752 1718 1702 1703 1713 1732 1752 1755 1774 1824 1878 1881 1828 1769 1730 1717 1710 1772 1868 1932 1964 1876 1786 1790 1783 1803 1763 1706 1629 1601 1590 1579 1573 1566 1556 1557 1556 1556 1557 1562 1575 1558 1557 1647 1752 1844 2007 1980 1963 1964 1897 1790 1681 1607
1705 1637 1613 1590 1483 1435 1414 1400 1418 1379 1368 1345 1422 1610 1666 1684 1687 1692 1669 1656 1645 1644 1643 1649 1657 1686 1715 1729 1820 1772 1730 1709 1702 1704 1705 1711 1735 1785 1851 1878 1936 2055 2067 1935 1831 1768 1732 1745 1843 1960 2029 2049 1971 1849 1807 1816 1843 1796 1723 1627 1601 1597 1581 1572 1567 1556 1556 1556 1556 1558 1567 1588 1561 1564 1667 1749 1802 1941 1931 1869 1872 1825 1764 1661 1582
1729 1626 1565 1519 1472 1435 1431 1414 1432 1401 1377 1386 1438 1563 1683 1722 1727 1711 1684 1676 1658 1658 1661 1667 1669 1682 1728 1746 1809 1825 1770 1721 1706 1709 1713 1712 1725 1789 1914 1971 2051 2173 2156 2016 1921 1801 1739 1741 1831 1944 2046 2067 1999 1857 1809 1873 1962 1942 1771 1632 1611 1598 1581 1570 1563 1557 1556 1556 1556 1557 1581 1607 1564 1590 1669 1707 1743 1830 1918 1864 1822 1776 1730 1655 1592
1705 1619 1565 1521 1490 1459 1442 1446 1465 1434 1432 1505 1586 1627 1718 1760 1756 1724 1707 1700 1677 1677 1677 1687 1695 1704 1729 1781 1818 1858 1801 1749 1736 1719 1722 1722 1722 1771 1864 1984 2106 2157 2168 2063 1927 1801 1731 1719 1770 1879 1985 1980 1952 1870 1831 1901 2022 1959 1748 1641 1619 1595 1581 1570 1562 1558 1556 1556 1559 1564 1589 1602 1592 1661 1673 1687 1722 1806 1882 1846 1823 1826 1777 1693 1610
1633 1594 1555 1522 1501 1479 1471 1491 1574 1533 1523 1636 1773 1829 1828 1820 1793 1768 1752 1727 1716 1721 1706 1724 1754 1760 1773 1783 1803 1851 1825 1804 1778 1773 1760 1735 1736 1764 1821 1952 2088 2136 2108 1983 1879 1776 1717 1715 1738 1826 1894 1901 1906 1897 1857 1862 1909 1842 1694 1627 1611 1595 1580 1569 1562 1557 1556 1556 1565 1574 1606 1599 1637 1718 1719 1702 1727 1793 1849 1773 1763 1808 1829 1769 1646
1602 1592 1581 1530 1516 1504 1510 1544 1605 1609 1604 1768 1999 2050 1973 1901 1862 1833 1804 1760 1750 1752 1746 1777 1813 1845 1819 1815 1818 1863 1888 1885 1893 1926 1884 1778 1744 1757 1795 1897 2014 2057 2006 1882 1787 1744 1715 1720 1727 1790 1834 1919 1969 1975 1951 1876 1809 1739 1648 1610 1597 1588 1575 1566 1559 1557 1557 1556 1580 1578 1585 1600 1655 1756 1818 1746 1739 1785 1777 1709 1698 1722 1810 1824 1705
1609 1625 1621 1576 1546 1540 1538 1592 1628 1659 1682 1857 2185 2223 2073 2006 1973 1926 1872 1813 1769 1774 1782 1834 1866 1935 1890 1858 1859 1893 1957 2004 2078 2126 2032 1852 1754 1750 1770 1842 1945 1949 1882 1806 1748 1727 1717 1718 1716 1759 1834 2022 2125 2093 2088 1999 1866 1695 1611 1602 1590 1580 1572 1563 1557 1557 1557 1583 1686 1601 1560 1610 1661 1758 1871 1739 1691 1694 1689 1691 1642 1640 1741 1831 1753
1628 1642 1650 1624 1591 1581 1611 1769 1815 1785 1771 1902 2241 2281 2129 2127 2124 2035 1945 1860 1786 1794 1833 1893 1915 1983 1968 1922 1908 1938 2003 2051 2150 2142 2048 1873 1757 1748 1743 1761 1800 1808 1794 1766 1735 1724 1719 1720 1719 1753 1851 2051 2216 2196 2179 2057 1874 1695 1599 1586 1578 1572 1562 1558 1557 1558 1570 1734 1805 1641 1569 1647 1730 1696 1803 1661 1609 1597 1579 1643 1603 1603 1721 1860 1774
1723 1657 1666 1657 1701 1662 1712 1932 1978 1956 1864 1909 2157 2214 2197 2298 2287 2145 1998 1873 1816 1831 1893 1953 1974 2035 2042 2022 1975 1962 2002 2020 2074 2010 1928 1815 1752 1739 1722 1720 1723 1729 1743 1732 1719 1729 1741 1748 1742 1773 1844 1980 2148 2152 2134 2099 1913 1695 1585 1574 1570 1565 1557 1557 1558 1558 1581 1733 1781 1618 1553 1688 1731 1638 1670 1627 1545 1530 1510 1548 1571 1561 1666 1866 1797
1772 1689 1689 1757 1824 1765 1782 1988 2089 2027 1974 1928 2005 2105 2244 2407 2374 2207 2025 1883 1863 1891 1975 2000 2039 2122 2100 2115 2054 1991 2006 2048 2031 1970 1866 1788 1759 1737 1724 1720 1717 1717 1720 1723 1750 1781 1815 1836 1800 1795 1838 1897 1993 2018 2073 2098 1905 1684 1573 1566 1561 1559 1557 1557 1557 1564 1636 1739 1780 1600 1547 1638 1600 1618 1619 1574 1505 1489 1486 1516 1549 1532 1610 1792 1791
1816 1743 1733 1830 1882 1823 1809 1878 1950 1942 1951 1933 1959 2043 2193 2318 2330 2185 1994 1878 1867 1955 2029 2043 2092 2199 2122 2139 2079 2014 2018 2059 2022 1973 1886 1818 1786 1773 1743 1729 1720 1721 1729 1738 1805 1838 1887 1947 1893 1820 1837 1882 1933 1965 2084 2112 1883 1674 1576 1566 1557 1557 1557 1557 1557 1583 1778 1899 1924 1675 1565 1547 1525 1559 1620 1534 1489 1487 1485 1494 1533 1515 1564 1722 1760
1932 1895 1812 1854 1922 1901 1895 1887 1946 1959 1946 1945 1946 1969 2061 2162 2194 2093 1943 1891 1875 1998 2073 2087 2129 2172 2118 2114 2069 2046 2005 2011 1998 1964 1884 1842 1824 1824 1780 1742 1726 1731 1741 1747 1806 1835 1900 1973 1922 1847 1839 1878 1908 1941 1998 2044 1852 1671 1613 1607 1563 1557 1557 1559 1564 1603 1877 2026 2002 1863 1693 1585 1530 1501 1512 1494 1489 1488 1487 1486 1505 1507 1520 1592 1708
2025 2087 1981 1904 1956 2003 1932 1899 1982 2039 2020 1995 1985 1970 1958 1991 2003 1968 1940 1904 1890 1903 2099 2121 2190 2249 2144 2095 2070 2039 1987 1965 1952 1933 1893 1888 1870 1847 1826 1762 1725 1737 1747 1746 1783 1799 1837 1886 1899 1876 1848 1856 1884 1932 1944 1940 1790 1661 1670 1684 1605 1568 1562 1569 1589 1612 1831 2051 2000 1944 1841 1675 1543 1511 1499 1493 1492 1490 1488 1486 1489 1495 1502 1570 1688
2116 2204 2083 1946 1998 2130 1972 1920 1978 2066 2090 2037 2041 1997 1947 1945 1937 1920 1928 1913 1901 1931 2062 2132 2198 2260 2175 2115 2089 2035 1982 1958 1929 1933 1943 1927 1899 1866 1901 1827 1752 1738 1748 1743 1772 1774 1778 1823 1893 1902 1856 1844 1856 1899 1933 1892 1781 1680 1678 1696 1647 1602 1590 1602 1618 1629 1800 2075 2004 1919 1873 1766 1607 1538 1507 1496 1494 1492 1489 1487 1486 1490 1497 1593 1699
2276 2349 2126 2010 2011 2101 1979 1977 2018 2098 2112 2065 2048 2020 1974 2008 1986 1955 1917 1896 1928 1983 2140 2162 2197 2181 2167 2160 2129 2048 2005 1979 1938 1936 2035 2014 1936 1883 1915 1859 1799 1764 1751 1747 1763 1768 1765 1783 1835 1864 1832 1825 1829 1852 1912 1873 1804 1703 1678 1682 1667 1648 1639 1637 1639 1639 1818 2047 2028 1958 1892 1781 1720 1614 1531 1506 1501 1507 1491 1487 1486 1485 1498 1599 1697
2266 2391 2267 2137 2034 1987 1955 2000 2064 2132 2160 2139 2138 2068 2015 2082 2036 1999 1890 1871 1946 2036 2182 2228 2212 2197 2182 2171 2138 2058 2021 1981 1952 1951 2027 2052 1995 1898 1861 1832 1801 1780 1757 1751 1771 1788 1781 1765 1773 1796 1792 1808 1820 1816 1855 1866 1817 1754 1723 1709 1699 1691 1693 1669 1646 1641 1816 2002 2024 1982 1894 1727 1693 1673 1596 1559 1542 1539 1503 1488 1489 1485 1491 1565 1679
2219 2403 2446 2318 2150 2017 2001 2012 2069 2154 2212 2199 2183 2094 2032 2075 2066 1989 1872 1896 2016 2095 2191 2273 2284 2241 2211 2178 2164 2090 2024 1989 1970 1947 1990 2046 1991 1898 1833 1816 1817 1813 1775 1740 1768 1787 1780 1770 1754 1751 1771 1794 1804 1803 1810 1817 1814 1803 1778 1748 1736 1732 1750 1735 1699 1692 1826 1942 1982 1993 1935 1726 1641 1642 1670 1700 1685 1644 1571 1513 1506 1497 1489 1530 1604
2320 2588 2680 2439 2236 2095 2096 2057 2053 2107 2180 2174 2151 2071 2050 2113 2095 1988 1893 1952 2130 2187 2228 2312 2370 2291 2228 2173 2156 2094 2026 1997 1973 1938 1934 1955 1923 1885 1820 1804 1803 1812 1770 1766 1764 1781 1791 1782 1741 1756 1778 1783 1791 1802 1818 1827 1839 1830 1818 1801 1810 1829 1845 1881 1863 1840 1867 1911 1918 1974 1974 1797 1677 1665 1694 1792 1849 1754 1663 1590 1545 1526 1506 1521 1565
2407 2788 2933 2565 2311 2208 2193 2139 2093 2064 2102 2124 2117 2079 2068 2128 2117 2035 1950 1978 2127 2219 2224 2302 2390 2313 2220 2170 2174 2131 2056 1995 1975 1957 1933 1904 1878 1854 1824 1785 1799 1782 1769 1761 1767 1804 1788 1743 1730 1800 1835 1784 1781 1831 1874 1896 1885 1858 1866 1897 1947 1993 1967 2033 2076 2017 1955 1895 1822 1839 1919 1888 1780 1771 1820 1834 1914 1846 1734 1670 1591 1547 1508 1501 1522
2509 2710 2774 2580 2407 2326 2266 2274 2153 2039 2027 2039 2053 2041 2051 2094 2099 2044 2028 2032 2079 2165 2191 2231 2290 2266 2197 2164 2199 2181 2106 2037 2000 1991 1970 1930 1923 1868 1821 1780 1798 1796 1777 1758 1761 1800 1768 1737 1716 1764 1803 1771 1763 1820 1867 1900 1897 1892 1938 2011 2096 2113 2060 2145 2149 2084 1949 1819 1771 1874 1937 1977 1944 1912 1934 1895 1893 1927 1894 1822 1690 1573 1536 1536 1524
2563 2572 2605 2525 2413 2456 2409 2310 2140 1994 1946 1946 1994 2029 2086 2051 2033 2054 2109 2124 2161 2171 2173 2208 2249 2211 2163 2141 2188 2220 2144 2067 2013 1972 1954 1930 1902 1836 1806 1782 1819 1806 1780 1761 1758 1767 1736 1710 1697 1712 1739 1739 1740 1781 1828 1864 1872 1901 1967 2100 2178 2183 2144 2165 2100 1967 1851 1726 1718 1796 1864 1935 1956 1928 1945 1869 1744 1737 1867 1864 1780 1671 1631 1604 1550
