Dropbox/GRP Data/GRP mammal paper/NN_analysis/DATA/2014 input files/la_h_bio_1.asc
ncols         272
nrows         166
xllcorner     -214329.5541171
yllcorner     212687.1820549
cellsize      821.1860311
NODATA_value  -9999
[rows 78 to 116 of 166, columns 0 to 87 of 272]
-9999 -9999 -9999 -9999 -9999 -9999 -9999 -9999 -9999 -9999 -9999 -9999 -9999 -9999 -9999 -9999 -9999 -9999 -9999 -9999 -9999 -9999 -9999 -9999 -9999 1666 1665 1664 1663 1656 1652 1650 1652 1650 1648 1651 1652 1651 1650 1655 1659 1659 1655 1655 1651 1649 1655 1651 1645 1644 1646 1651 1645 1634 1608 1584 1551 1497 1413 1354 1347 1351 1384 1416 1440 1441 1402 1368 1354 1352 1318 1265 1220 1165 1111 1105 1103 1099 1088 1074 1068 1062 1057 1052 1048 1039 1005 939
-9999 -9999 -9999 -9999 -9999 -9999 -9999 -9999 -9999 -9999 -9999 -9999 -9999 -9999 -9999 -9999 -9999 -9999 -9999 -9999 -9999 -9999 -9999 1668 1668 1666 1662 1660 1660 1654 1647 1648 1653 1653 1649 1645 1646 1650 1646 1646 1646 1648 1652 1653 1648 1658 1661 1662 1658 1658 1652 1649 1636 1626 1601 1576 1547 1500 1411 1362 1368 1404 1454 1475 1459 1410 1347 1319 1303 1298 1262 1215 1189 1144 1110 1102 1098 1089 1081 1077 1069 1064 1062 1057 1053 1046 1030 1002
-9999 -9999 -9999 -9999 -9999 -9999 -9999 -9999 -9999 -9999 -9999 -9999 -9999 -9999 -9999 -9999 -9999 -9999 -9999 -9999 -9999 1668 1668 1667 1667 1667 1662 1661 1659 1655 1649 1648 1653 1652 1652 1650 1647 1642 1642 1641 1642 1648 1651 1649 1645 1654 1657 1660 1645 1644 1633 1624 1623 1609 1588 1565 1531 1477 1405 1394 1419 1464 1469 1476 1442 1391 1343 1308 1272 1254 1224 1156 1118 1117 1107 1104 1088 1082 1080 1076 1071 1066 1062 1057 1051 1046 1034 1019
-9999 -9999 -9999 -9999 -9999 -9999 -9999 -9999 -9999 -9999 -9999 -9999 -9999 -9999 -9999 -9999 -9999 -9999 -9999 -9999 1669 1667 1665 1665 1666 1667 1662 1660 1659 1655 1650 1648 1652 1652 1651 1651 1646 1640 1643 1647 1649 1649 1649 1645 1637 1635 1645 1656 1631 1620 1601 1593 1593 1577 1556 1545 1526 1484 1448 1448 1450 1456 1425 1440 1415 1367 1325 1271 1187 1174 1170 1138 1115 1106 1102 1099 1097 1092 1085 1079 1075 1071 1065 1058 1051 1042 1034 1017
-9999 -9999 -9999 -9999 -9999 -9999 -9999 -9999 -9999 -9999 -9999 -9999 -9999 -9999 -9999 -9999 -9999 -9999 1669 1667 1665 1664 1664 1664 1664 1664 1662 1660 1659 1655 1651 1650 1652 1651 1651 1651 1651 1649 1651 1653 1657 1655 1650 1642 1631 1621 1628 1640 1625 1605 1584 1578 1561 1551 1537 1524 1514 1501 1494 1475 1425 1412 1405 1377 1307 1267 1234 1203 1184 1166 1157 1142 1124 1107 1100 1099 1097 1097 1090 1081 1079 1074 1070 1060 1049 1038 1030 1012
-9999 -9999 -9999 -9999 -9999 -9999 -9999 -9999 -9999 -9999 -9999 -9999 -9999 -9999 -9999 -9999 -9999 1669 1668 1668 1665 1663 1663 1663 1665 1665 1665 1663 1661 1655 1650 1650 1650 1650 1649 1650 1651 1654 1656 1656 1661 1660 1654 1640 1628 1620 1614 1613 1616 1598 1578 1568 1560 1551 1538 1515 1487 1460 1443 1420 1386 1356 1381 1353 1294 1264 1248 1228 1193 1164 1148 1136 1122 1107 1100 1095 1094 1095 1093 1087 1085 1081 1072 1061 1048 1036 1025 1005
-9999 -9999 -9999 -9999 -9999 -9999 -9999 -9999 -9999 -9999 -9999 -9999 -9999 -9999 -9999 -9999 1671 1668 1666 1666 1665 1664 1665 1664 1665 1665 1665 1663 1662 1656 1648 1647 1646 1647 1646 1646 1648 1650 1654 1656 1661 1661 1655 1639 1625 1619 1610 1594 1599 1587 1554 1547 1546 1542 1535 1505 1480 1463 1445 1389 1340 1328 1329 1322 1295 1271 1254 1219 1184 1161 1144 1131 1121 1112 1099 1095 1095 1096 1096 1094 1090 1084 1074 1062 1048 1034 1021 1000
-9999 -9999 -9999 -9999 -9999 -9999 -9999 -9999 -9999 -9999 -9999 -9999 -9999 -9999 -9999 1673 1670 1669 1666 1664 1664 1664 1666 1665 1663 1664 1663 1661 1661 1656 1646 1644 1642 1642 1642 1641 1644 1645 1648 1650 1658 1662 1657 1643 1630 1619 1600 1588 1579 1568 1556 1548 1544 1532 1524 1504 1472 1428 1397 1359 1331 1333 1332 1324 1297 1269 1230 1200 1177 1160 1149 1136 1127 1121 1109 1101 1100 1100 1101 1099 1094 1086 1077 1063 1048 1031 1014 992
-9999 -9999 -9999 -9999 -9999 -9999 -9999 -9999 -9999 -9999 -9999 -9999 -9999 -9999 1674 1673 1670 1667 1665 1663 1663 1664 1666 1665 1662 1663 1662 1660 1658 1652 1644 1641 1638 1638 1637 1637 1637 1640 1641 1644 1652 1659 1657 1650 1646 1641 1632 1621 1603 1581 1564 1553 1544 1524 1507 1480 1449 1415 1390 1355 1343 1330 1313 1290 1265 1239 1209 1190 1177 1164 1156 1146 1138 1133 1125 1110 1101 1100 1102 1100 1096 1089 1079 1063 1046 1027 1004 981
-9999 -9999 -9999 -9999 -9999 -9999 -9999 -9999 -9999 -9999 -9999 -9999 -9999 1674 1675 1675 1671 1667 1665 1662 1662 1663 1665 1664 1663 1662 1660 1658 1655 1646 1642 1638 1636 1636 1634 1635 1634 1636 1636 1639 1639 1639 1648 1657 1651 1645 1637 1625 1605 1584 1567 1551 1539 1522 1504 1470 1437 1408 1382 1353 1352 1324 1283 1258 1237 1216 1202 1189 1182 1172 1168 1161 1155 1149 1140 1122 1103 1098 1100 1101 1096 1090 1077 1061 1043 1022 1000 976
-9999 -9999 -9999 -9999 -9999 -9999 -9999 -9999 -9999 -9999 -9999 -9999 1675 1673 1676 1677 1673 1669 1665 1663 1661 1662 1662 1661 1661 1659 1657 1653 1650 1643 1640 1636 1634 1631 1631 1631 1631 1632 1629 1630 1632 1633 1647 1656 1652 1641 1630 1615 1602 1587 1569 1552 1534 1514 1484 1461 1430 1397 1373 1352 1355 1307 1267 1247 1229 1213 1203 1194 1191 1185 1186 1184 1177 1164 1151 1141 1118 1107 1108 1110 1102 1088 1071 1051 1029 1012 994 968
-9999 -9999 -9999 -9999 -9999 -9999 -9999 -9999 -9999 -9999 -9999 1678 1677 1674 1676 1676 1674 1670 1666 1663 1661 1661 1660 1658 1656 1654 1652 1649 1646 1640 1636 1632 1631 1628 1627 1625 1625 1626 1626 1627 1627 1640 1649 1651 1644 1635 1623 1610 1595 1581 1562 1543 1521 1493 1461 1442 1411 1385 1367 1350 1347 1298 1273 1246 1231 1221 1216 1213 1210 1211 1216 1215 1198 1176 1168 1154 1136 1131 1130 1127 1123 1095 1063 1037 1015 994 978 957
-9999 -9999 -9999 -9999 -9999 -9999 -9999 -9999 -9999 -9999 1676 1678 1677 1674 1672 1672 1668 1665 1665 1663 1660 1658 1657 1656 1654 1652 1648 1643 1640 1636 1633 1634 1630 1623 1621 1619 1619 1621 1622 1625 1631 1644 1647 1645 1640 1634 1624 1610 1589 1574 1551 1530 1505 1472 1446 1421 1391 1376 1363 1340 1333 1315 1292 1264 1256 1257 1259 1257 1251 1271 1292 1247 1216 1213 1211 1187 1159 1162 1158 1151 1104 1078 1059 1035 1015 992 973 955
-9999 -9999 -9999 -9999 -9999 -9999 -9999 -9999 -9999 1675 1676 1677 1674 1672 1670 1669 1668 1664 1663 1661 1659 1657 1655 1653 1651 1648 1644 1639 1635 1631 1629 1630 1627 1620 1617 1616 1617 1619 1622 1627 1633 1642 1644 1640 1638 1634 1622 1605 1584 1567 1545 1524 1506 1470 1429 1416 1395 1386 1377 1341 1335 1322 1319 1322 1327 1341 1347 1335 1348 1343 1320 1294 1287 1277 1250 1214 1196 1189 1177 1130 1104 1084 1066 1049 1031 1008 983 960
-9999 -9999 -9999 -9999 -9999 -9999 -9999 -9999 1669 1672 1673 1676 1675 1673 1672 1668 1665 1662 1662 1660 1659 1656 1653 1651 1648 1645 1641 1636 1632 1629 1626 1624 1622 1617 1614 1616 1617 1617 1621 1628 1631 1638 1640 1636 1635 1631 1613 1597 1580 1558 1541 1525 1523 1485 1410 1423 1419 1440 1449 1391 1363 1354 1367 1393 1409 1412 1415 1428 1435 1425 1392 1356 1333 1316 1290 1252 1226 1207 1181 1148 1126 1102 1078 1058 1037 1016 994 968
-9999 -9999 -9999 -9999 -9999 -9999 -9999 1669 1670 1672 1671 1673 1673 1673 1673 1670 1667 1665 1662 1659 1658 1657 1654 1649 1646 1643 1638 1633 1630 1624 1621 1618 1617 1612 1611 1612 1613 1613 1618 1623 1628 1633 1634 1631 1631 1626 1607 1594 1579 1563 1552 1533 1516 1492 1437 1480 1512 1538 1527 1515 1515 1499 1487 1492 1485 1480 1474 1479 1471 1449 1419 1384 1356 1329 1306 1270 1240 1216 1191 1166 1135 1103 1084 1069 1042 1017 994 968
-9999 -9999 -9999 -9999 -9999 -9999 1665 1666 1670 1670 1671 1670 1671 1671 1671 1671 1668 1666 1662 1658 1656 1656 1653 1649 1645 1641 1635 1630 1626 1620 1618 1614 1610 1607 1605 1605 1607 1607 1611 1613 1621 1630 1630 1625 1620 1613 1600 1579 1565 1548 1534 1531 1524 1524 1558 1587 1607 1614 1612 1605 1586 1570 1545 1529 1514 1510 1505 1502 1485 1458 1430 1395 1368 1339 1304 1270 1246 1225 1208 1188 1157 1113 1093 1081 1050 1018 990 964
-9999 -9999 -9999 -9999 -9999 1661 1661 1662 1664 1667 1667 1668 1669 1668 1668 1668 1666 1663 1660 1657 1655 1656 1653 1652 1646 1639 1632 1627 1622 1618 1615 1609 1605 1603 1600 1601 1604 1607 1610 1614 1615 1626 1628 1618 1609 1596 1584 1580 1560 1551 1546 1554 1583 1600 1619 1629 1633 1633 1633 1624 1600 1585 1562 1543 1528 1519 1515 1509 1490 1461 1426 1393 1361 1337 1305 1266 1248 1232 1221 1213 1192 1143 1112 1091 1062 1025 993 966
-9999 -9999 -9999 -9999 1661 1661 1661 1661 1659 1663 1661 1665 1666 1666 1665 1664 1664 1662 1660 1658 1657 1658 1656 1656 1651 1640 1630 1625 1620 1615 1612 1606 1602 1598 1595 1599 1606 1610 1616 1621 1626 1626 1616 1610 1604 1596 1590 1591 1597 1611 1611 1620 1632 1635 1636 1639 1640 1639 1637 1629 1608 1587 1570 1555 1539 1526 1518 1505 1487 1451 1406 1381 1345 1332 1311 1266 1248 1237 1232 1222 1205 1168 1132 1109 1085 1046 1006 966
-9999 -9999 -9999 -9999 1659 1660 1661 1660 1659 1659 1658 1660 1663 1662 1662 1660 1660 1661 1661 1661 1661 1659 1658 1656 1653 1643 1632 1626 1617 1613 1609 1603 1598 1593 1592 1596 1606 1615 1619 1623 1624 1619 1609 1610 1618 1624 1627 1630 1636 1639 1643 1649 1648 1644 1642 1644 1646 1643 1639 1634 1619 1595 1577 1562 1546 1534 1519 1502 1483 1445 1405 1378 1347 1336 1310 1271 1256 1251 1243 1238 1217 1180 1147 1119 1089 1048 1013 971
-9999 -9999 -9999 1658 1659 1659 1660 1659 1660 1657 1657 1657 1659 1657 1657 1657 1654 1654 1657 1659 1658 1654 1652 1648 1644 1639 1634 1629 1620 1611 1605 1601 1596 1592 1588 1590 1604 1615 1618 1621 1622 1619 1620 1623 1629 1638 1642 1647 1648 1644 1647 1649 1648 1648 1650 1651 1650 1645 1635 1630 1617 1599 1578 1563 1550 1537 1522 1505 1488 1474 1452 1403 1370 1337 1313 1285 1271 1261 1240 1225 1206 1184 1152 1124 1087 1049 989 924
-9999 -9999 -9999 1660 1660 1658 1657 1657 1658 1657 1658 1656 1654 1654 1654 1653 1651 1650 1650 1651 1650 1645 1642 1638 1635 1630 1627 1622 1615 1609 1603 1599 1596 1591 1586 1587 1596 1603 1607 1611 1614 1618 1627 1630 1632 1639 1643 1646 1645 1644 1644 1644 1645 1649 1652 1652 1648 1643 1626 1616 1601 1590 1579 1569 1552 1537 1531 1518 1502 1487 1464 1423 1389 1350 1334 1318 1286 1262 1243 1225 1187 1136 1102 1062 990 974 943 891
-9999 -9999 1663 1663 1660 1656 1655 1656 1656 1657 1657 1655 1654 1654 1653 1650 1650 1649 1649 1647 1646 1642 1639 1634 1630 1626 1623 1617 1612 1607 1602 1598 1594 1590 1586 1587 1591 1598 1605 1612 1616 1622 1627 1628 1630 1637 1641 1644 1645 1643 1642 1640 1640 1644 1648 1642 1636 1634 1616 1603 1593 1590 1585 1574 1559 1542 1531 1522 1514 1494 1469 1440 1417 1378 1345 1329 1297 1268 1229 1192 1152 1072 1024 1007 983 965 933 899
-9999 -9999 1663 1663 1659 1657 1656 1656 1656 1655 1656 1655 1654 1653 1652 1649 1648 1646 1646 1645 1642 1640 1636 1632 1629 1625 1622 1615 1611 1607 1602 1598 1594 1591 1588 1589 1590 1598 1608 1619 1624 1628 1621 1620 1623 1631 1634 1639 1645 1644 1640 1637 1634 1640 1643 1633 1616 1602 1603 1598 1594 1589 1586 1579 1575 1565 1545 1528 1517 1507 1497 1463 1434 1416 1393 1344 1300 1269 1213 1164 1114 1050 1023 1008 983 965 949 935
-9999 1654 1656 1656 1654 1653 1653 1653 1656 1654 1653 1655 1654 1653 1652 1651 1647 1646 1645 1643 1641 1639 1636 1633 1630 1626 1622 1616 1613 1609 1607 1604 1600 1595 1591 1593 1591 1596 1604 1617 1627 1620 1609 1609 1615 1619 1622 1631 1639 1644 1639 1632 1630 1633 1630 1611 1595 1587 1582 1579 1569 1551 1550 1548 1544 1547 1531 1504 1470 1455 1493 1480 1465 1444 1405 1350 1289 1254 1197 1149 1106 1076 1065 1044 1001 985 979 966
-9999 1649 1647 1647 1646 1648 1650 1649 1649 1651 1650 1652 1652 1652 1651 1650 1648 1646 1644 1642 1640 1639 1637 1634 1632 1628 1623 1618 1616 1613 1613 1615 1613 1607 1597 1596 1593 1593 1601 1610 1624 1600 1600 1612 1621 1631 1635 1641 1651 1649 1638 1629 1614 1620 1614 1595 1581 1567 1550 1559 1558 1549 1541 1529 1525 1518 1505 1477 1444 1428 1444 1466 1480 1463 1425 1355 1277 1240 1192 1155 1131 1120 1102 1080 1048 1024 1010 974
-9999 1648 1644 1645 1645 1648 1649 1648 1649 1648 1647 1649 1649 1649 1648 1648 1647 1645 1644 1641 1640 1639 1638 1636 1633 1630 1626 1622 1620 1619 1620 1625 1625 1623 1607 1599 1596 1597 1609 1615 1605 1620 1628 1625 1626 1632 1633 1638 1648 1652 1645 1640 1614 1602 1602 1589 1569 1536 1489 1508 1526 1536 1533 1528 1526 1509 1489 1466 1434 1414 1401 1419 1435 1427 1434 1391 1317 1252 1200 1176 1175 1173 1134 1115 1099 1059 1027 970
-9999 1653 1650 1649 1648 1647 1648 1647 1648 1645 1643 1644 1644 1644 1644 1645 1645 1645 1643 1642 1640 1640 1638 1637 1635 1632 1630 1627 1625 1626 1628 1631 1626 1612 1608 1603 1599 1604 1618 1618 1616 1620 1624 1627 1630 1637 1636 1639 1647 1648 1644 1640 1612 1602 1594 1584 1559 1512 1450 1467 1487 1508 1522 1528 1532 1518 1496 1479 1450 1425 1389 1379 1372 1361 1394 1413 1391 1309 1245 1222 1239 1239 1182 1170 1150 1112 1034 975
1651 1652 1650 1648 1647 1646 1644 1643 1644 1641 1639 1640 1641 1641 1641 1645 1646 1646 1642 1641 1641 1641 1639 1637 1636 1635 1633 1631 1628 1631 1637 1637 1622 1615 1611 1608 1606 1617 1624 1618 1620 1624 1627 1631 1635 1637 1637 1641 1647 1647 1643 1637 1610 1605 1593 1577 1551 1499 1438 1430 1446 1478 1508 1519 1529 1520 1508 1501 1486 1463 1398 1378 1364 1349 1330 1334 1386 1390 1351 1320 1312 1269 1236 1192 1197 1154 1103 1048
1647 1648 1646 1646 1645 1641 1639 1639 1641 1639 1639 1641 1642 1643 1645 1648 1647 1644 1641 1640 1641 1640 1638 1637 1637 1637 1639 1637 1640 1641 1639 1631 1625 1621 1619 1625 1628 1626 1622 1622 1624 1627 1631 1634 1637 1639 1643 1647 1649 1647 1641 1636 1616 1608 1592 1571 1546 1490 1428 1392 1409 1460 1497 1507 1517 1509 1507 1504 1492 1468 1420 1381 1370 1359 1336 1326 1322 1314 1295 1275 1230 1211 1197 1186 1174 1132 1082 1016
1645 1647 1645 1645 1642 1638 1637 1639 1641 1641 1642 1643 1644 1645 1645 1644 1641 1639 1640 1642 1642 1640 1637 1637 1637 1641 1643 1643 1643 1639 1638 1630 1629 1625 1624 1628 1629 1628 1625 1626 1628 1630 1633 1636 1640 1646 1651 1654 1652 1647 1640 1637 1621 1611 1587 1566 1541 1488 1424 1396 1413 1462 1498 1506 1510 1503 1497 1486 1477 1457 1405 1381 1375 1364 1334 1328 1324 1310 1296 1278 1251 1229 1198 1174 1141 1086 1036 1006
1644 1647 1646 1644 1639 1639 1642 1642 1643 1641 1640 1638 1637 1637 1638 1639 1635 1634 1638 1642 1639 1640 1639 1639 1640 1642 1645 1644 1644 1641 1637 1633 1633 1630 1629 1629 1627 1628 1629 1630 1632 1634 1636 1640 1646 1652 1656 1655 1653 1648 1643 1634 1611 1605 1584 1565 1537 1503 1459 1478 1490 1504 1512 1514 1512 1483 1467 1438 1423 1446 1414 1416 1400 1381 1366 1354 1319 1306 1293 1277 1257 1233 1201 1170 1124 1075 1023 976
1640 1642 1642 1641 1639 1644 1647 1643 1638 1633 1631 1632 1631 1629 1632 1634 1630 1632 1634 1640 1638 1639 1638 1640 1643 1644 1643 1643 1644 1641 1637 1637 1637 1634 1634 1632 1628 1630 1633 1634 1636 1638 1640 1646 1650 1655 1656 1653 1651 1648 1647 1626 1600 1596 1581 1564 1538 1506 1501 1510 1519 1519 1516 1507 1485 1466 1451 1430 1415 1409 1398 1393 1379 1366 1349 1343 1321 1307 1293 1266 1231 1209 1187 1152 1117 1077 1024 960
1641 1641 1640 1640 1642 1646 1642 1644 1631 1628 1627 1626 1623 1623 1630 1628 1626 1628 1632 1638 1638 1639 1639 1639 1643 1645 1640 1641 1645 1641 1640 1641 1640 1637 1638 1636 1633 1634 1638 1638 1641 1643 1645 1647 1651 1656 1655 1652 1648 1642 1642 1622 1599 1591 1582 1565 1559 1556 1553 1539 1529 1523 1517 1510 1488 1461 1449 1432 1414 1397 1390 1384 1373 1363 1344 1336 1326 1308 1289 1251 1214 1196 1179 1149 1102 1056 1006 956
1643 1643 1645 1647 1647 1642 1641 1639 1625 1624 1622 1621 1619 1623 1622 1621 1623 1627 1630 1637 1638 1639 1640 1639 1642 1644 1640 1646 1646 1644 1644 1644 1643 1641 1642 1641 1640 1639 1642 1643 1645 1646 1648 1649 1651 1651 1652 1651 1645 1636 1608 1591 1598 1599 1600 1601 1600 1592 1571 1544 1545 1531 1508 1501 1487 1466 1452 1440 1418 1400 1387 1378 1371 1362 1345 1336 1324 1308 1283 1246 1221 1208 1185 1156 1084 1035 993 951
1646 1647 1647 1651 1646 1643 1643 1636 1623 1622 1620 1618 1619 1618 1614 1616 1621 1627 1631 1634 1637 1639 1641 1639 1641 1642 1643 1653 1649 1648 1648 1648 1646 1645 1647 1644 1644 1646 1645 1642 1639 1643 1646 1648 1650 1650 1649 1641 1621 1600 1591 1575 1569 1576 1576 1575 1571 1568 1563 1564 1560 1538 1517 1506 1491 1469 1447 1441 1424 1408 1382 1374 1369 1360 1343 1332 1318 1304 1279 1254 1239 1223 1193 1156 1096 1064 1023 954
-9999 1653 1652 1650 1643 1642 1643 1631 1625 1620 1619 1616 1615 1611 1612 1616 1621 1627 1632 1633 1637 1640 1642 1639 1640 1642 1645 1654 1650 1651 1653 1653 1650 1650 1652 1650 1645 1648 1645 1648 1642 1637 1634 1633 1636 1634 1618 1606 1593 1577 1577 1562 1561 1568 1566 1560 1555 1553 1547 1548 1549 1544 1530 1522 1506 1470 1440 1436 1428 1413 1384 1370 1362 1352 1340 1324 1312 1296 1274 1263 1253 1226 1193 1171 1137 1097 1043 953
-9999 1655 1654 1649 1642 1643 1643 1629 1627 1620 1618 1616 1612 1610 1613 1617 1622 1626 1630 1635 1639 1642 1644 1642 1639 1645 1650 1654 1652 1654 1657 1656 1655 1655 1655 1649 1645 1650 1647 1635 1627 1622 1617 1616 1617 1613 1591 1584 1581 1574 1573 1560 1557 1559 1555 1549 1547 1547 1536 1522 1521 1528 1517 1513 1519 1481 1446 1435 1428 1414 1386 1358 1343 1338 1339 1320 1304 1291 1277 1270 1258 1250 1203 1169 1147 1087 1009 939
-9999 1656 1652 1647 1645 1646 1642 1631 1629 1624 1619 1617 1615 1613 1616 1617 1620 1625 1630 1637 1640 1645 1647 1646 1646 1656 1658 1657 1657 1658 1659 1661 1660 1660 1656 1652 1650 1645 1640 1628 1621 1612 1605 1601 1597 1597 1584 1577 1576 1575 1573 1561 1553 1550 1541 1538 1538 1538 1533 1518 1502 1497 1489 1483 1510 1493 1460 1434 1425 1413 1369 1342 1342 1349 1334 1317 1304 1302 1297 1293 1265 1248 1234 1191 1147 1090 1011 927
