Dropbox/GRP Data/GRP mammal paper/NN_analysis/DATA/2014 input files/la_h_bio_12.asc
ncols         272
nrows         166
xllcorner     -214329.5541171
yllcorner     212687.1820549
cellsize      821.1860311
NODATA_value  -9999
[rows 0 to 28 of 166, columns 195 to 259 of 272]
-9999 -9999 -9999 -9999 -9999 -9999 -9999 -9999 -9999 -9999 -9999 -9999 -9999 -9999 -9999 -9999 -9999 -9999 -9999 -9999 -9999 -9999 -9999 -9999 -9999 -9999 -9999 -9999 -9999 -9999 -9999 -9999 -9999 -9999 -9999 -9999 -9999 -9999 -9999 -9999 -9999 -9999 -9999 -9999 -9999 -9999 -9999 -9999 -9999 -9999 -9999 -9999 -9999 -9999 -9999 -9999 -9999 -9999 -9999 -9999 -9999 -9999 -9999 -9999 -9999
-9999 -9999 -9999 -9999 -9999 -9999 -9999 -9999 -9999 -9999 -9999 -9999 -9999 -9999 -9999 -9999 -9999 -9999 -9999 -9999 -9999 -9999 -9999 -9999 -9999 -9999 -9999 -9999 -9999 -9999 -9999 -9999 -9999 -9999 -9999 -9999 -9999 -9999 -9999 -9999 -9999 -9999 -9999 -9999 -9999 -9999 65202.31 63010.69 61745.8 60680.57 59204.65 58947.79 58618.23 56692.69 52908.79 48014.79 43466.05 39707.02 36990.24 -9999 -9999 -9999 -9999 -9999 -9999
-9999 -9999 -9999 -9999 -9999 -9999 -9999 -9999 -9999 -9999 -9999 -9999 -9999 -9999 -9999 -9999 -9999 -9999 -9999 -9999 -9999 -9999 -9999 -9999 -9999 -9999 -9999 -9999 -9999 -9999 -9999 -9999 -9999 -9999 -9999 -9999 -9999 -9999 -9999 -9999 -9999 -9999 61436.45 63501.29 65488.45 67241.66 65985.48 63608.3 62154.01 60832.98 59449.2 58989.12 58490.97 56769.25 53164.71 48224.36 43375.86 39525.45 36828.79 35599.41 34704.49 33859.08 -9999 -9999 -9999
-9999 -9999 -9999 -9999 -9999 -9999 -9999 -9999 -9999 -9999 -9999 -9999 -9999 -9999 -9999 -9999 -9999 -9999 -9999 -9999 -9999 -9999 -9999 -9999 -9999 -9999 -9999 -9999 -9999 -9999 -9999 -9999 -9999 -9999 -9999 -9999 -9999 -9999 52928.06 54599.11 56659.39 59194.92 61528.94 63628 65543.3 67474.84 66575.25 64104.45 62412.34 61126.97 59651.22 58849.32 58020.82 56338.55 52929.22 47948.02 43160.47 39760.82 37055.57 36100.23 36203.69 36234.91 36313.14 35952.88 -9999
-9999 -9999 -9999 -9999 -9999 -9999 -9999 -9999 -9999 -9999 -9999 -9999 -9999 -9999 -9999 -9999 -9999 -9999 -9999 -9999 -9999 -9999 -9999 -9999 -9999 -9999 -9999 -9999 -9999 -9999 -9999 -9999 -9999 -9999 51893.02 53681.73 53973.36 53780.04 53849.95 54844.95 56606.39 58731.75 60902.89 62727.41 64525.34 66136.64 65478.45 63519.51 62223.32 60834.32 58762.8 57921.4 57235.8 55468.64 52499.49 47801.88 43391.61 40070.9 38200.8 37984.12 38473.39 39241.97 40080.39 39692.71 38414.74
-9999 -9999 -9999 -9999 -9999 -9999 -9999 -9999 -9999 -9999 -9999 -9999 -9999 -9999 -9999 -9999 -9999 -9999 -9999 -9999 -9999 -9999 -9999 -9999 -9999 -9999 -9999 -9999 -9999 -9999 36735.16 40822.43 44613.64 48648.57 51869.71 53767.46 54450.59 54340.57 53966.65 54312.98 55453.7 57223.42 59568.98 61332.64 62972.4 63980.67 62958.29 62420.21 61327.13 59857.25 57426.52 57175.32 56204.03 54464.25 52350.54 48480 43970.13 40879.39 39796.61 40109.9 41044.82 42216.27 42905.02 42892.63 42040.57
-9999 -9999 -9999 -9999 -9999 -9999 -9999 -9999 -9999 -9999 -9999 -9999 -9999 -9999 -9999 -9999 -9999 -9999 -9999 -9999 -9999 -9999 -9999 -9999 -9999 -9999 31880.46 32224.88 33203.75 34452.61 36495.84 40222.4 44082.03 47340.82 49793.26 51736.07 52527.23 52748.46 52701.07 52677.68 53478.2 55242.23 57238.73 59431.12 61255.58 62886.72 62211.12 61796.15 60651.44 59281.86 56059.65 55457.17 55153.36 53986.81 52129.04 49009.88 44733.03 41708.88 40634.81 41366.31 42712.28 44286.47 45005.18 45111.39 44488.54
-9999 -9999 -9999 -9999 -9999 -9999 -9999 -9999 -9999 -9999 -9999 -9999 -9999 -9999 -9999 -9999 -9999 -9999 -9999 -9999 -9999 -9999 33152.73 31863.07 31410.43 31361.17 31502.87 32055.21 33208.26 34406.23 36101 39082.55 42642.69 45096.17 46958.09 48547.43 49873.81 50506.89 50643.45 50737.14 51372.1 52938.89 54893.64 57395.09 59990.61 61561.61 62257.14 61938.83 61047.32 59460.79 55979.36 54429.13 54123.33 52976.49 51605.64 49063.81 45104.48 42186.25 41491.3 42396.08 44054.2 45722.03 46465.92 46540.89 45978.26
-9999 -9999 -9999 -9999 -9999 -9999 -9999 -9999 -9999 -9999 -9999 -9999 -9999 -9999 -9999 -9999 -9999 -9999 34300.5 33971.52 33416.94 32563.87 31294.23 30722.58 30600.63 30833.33 31213.49 31721.29 32582.98 34098.7 35443.24 37361.84 39970.14 42167.79 43760.86 45334.19 46694.24 47617.59 47995.18 48261.26 48797.35 50467.13 52778.13 55487.22 58527.73 60724.84 62228.21 62263.87 61556.06 59485.56 55266.86 53390.19 52272.58 51700.01 50765.95 48808.39 45445.57 42993.33 42557.87 43518.89 44938.04 46184 47005.65 47041.8 46730.7
-9999 -9999 -9999 -9999 -9999 -9999 -9999 -9999 -9999 -9999 -9999 -9999 -9999 -9999 38352.99 36682.75 33450.21 33756.03 32938.38 32299.48 31479.92 30961.55 30211.52 29895.8 29902.86 30294.72 30680.87 31135.02 31941.19 33570.96 34850.36 36140.46 37638.82 39258.2 40862.59 42633.02 43980.61 44959.08 45483.55 45763.89 46460.8 48320.95 50893.7 53849.5 57093.84 59738.27 60630.64 59818.8 58923.62 57034.16 53990.71 52221 50702.58 50489.22 50139.21 48664.79 46179.38 44072.03 43706.14 44396.77 45304.67 45974.02 46622.55 46690.71 46713.5
-9999 -9999 -9999 -9999 -9999 -9999 -9999 -9999 -9999 -9999 35991.97 37460.38 37985.42 38196.86 37784.64 36419.25 32738.22 32633.85 31755.64 31137.17 30404.97 29951.72 29603.95 29514.38 29633.53 29921.34 30129.28 30673.18 31609.94 33021.63 34439.77 35531.45 36441.31 37533.77 39157.47 40877.84 42165.07 43069.22 43559.44 43849.77 44713.18 46594.49 49230.72 52288.92 55553.88 58265.73 58696.98 57587.72 56601.24 55279.16 53058.15 51049.57 49979.34 49968.8 50060.41 48991.53 47101.21 44959.19 44509.25 44657.91 45017.84 45404.02 45847.73 46106.21 46246.72
-9999 -9999 -9999 -9999 -9999 -9999 31585.87 32273.91 32585.59 33116.23 33483.54 34674.84 35445.66 35941.77 36138.14 34910.37 31678.73 31426.2 30646.31 30302.84 29872.97 29366.61 29439.27 29608.55 29867.6 30004.85 30294.59 30972.46 31905.6 32890.8 34375.48 35495.15 36519.38 37645.83 39141.41 40456.29 41523.55 42200.48 42477.57 42819.78 43579.32 45234.62 47674.25 50534.11 53564.44 56018.32 56991.37 56896.45 56117.23 55263.28 52598.12 50191.91 49645.2 49963.1 50236.66 49485.24 47651.92 45243.65 44474.39 44104.34 44226.07 44627.48 45114.3 45590.23 45649.58
-9999 28611.45 29667.84 30493.82 31072.35 31443.13 31717.75 31485.45 31149.16 30840.91 31017.1 31706.81 32428.97 32834.39 33163.95 32189.77 30207.86 30081.38 29590.41 29574.7 29443.6 29172.85 29568.69 29879.53 30332.68 30688.86 31408.21 32140.95 32927.75 33569.96 34902.64 36210.31 37591.87 39045.23 40335.58 41309.01 42139.89 42493.2 42517.46 42710.04 43116.97 44303.96 46134.77 48526.89 50989.27 52807.48 54131.96 54431.88 53755.32 53390.7 51920.7 49921.14 49190.23 49523.47 49970.79 49348.65 47318.36 44783.45 43447.66 42791.61 43203.88 43649.44 44348.47 44797.45 44878.65
27642.59 29027.7 30235.07 31380.51 32071.6 32174.22 31981.85 31313.32 30584.12 29908.22 29761.07 30010.36 30114.93 30210.9 30121.66 29453.57 28845.74 28477.18 28605.44 28870.66 29079.95 29297.36 29473.61 30047.81 30724.59 31725.32 32745.46 33579.11 34375.08 35025.72 36041.8 37474.07 38871.82 40377.38 41490.41 42599.09 43311.5 43800.68 43824.72 43562.46 43431.7 43872.07 44937.34 46501.3 47965.68 49585.34 50939.02 51815.42 51679.48 51682.3 50984.92 49843.05 48959.42 48869.09 48919.14 48392.25 45638.41 43568.88 41908.2 41175.99 41430.4 42245.01 43452.03 43836.53 43897.24
27646.22 29201.55 30751.91 32169.47 33188.26 33369.01 32669.98 31412.09 29990.97 28941.01 28612.65 28579.8 28459.14 28457.27 28459.1 28357.82 27693.83 27749.55 27863.09 28224.16 28799.53 29267.86 29770.6 30321.74 31818.11 33264.84 34637.48 35876.74 36957.69 37098.46 37499.63 38721.08 39989.91 41286.56 42456.38 43730.1 44803.92 45505.22 45624.49 45170.86 44563.57 44288.14 44484.35 45212.44 45748.33 46575.75 47715.95 48688.47 49313.63 48975.98 48842.54 49001.92 47968.77 47668.5 47109.75 45765.7 43313.22 41282.8 39911.39 39336.55 39926.76 40810.56 41763.4 42190.51 42235.72
27991.5 29528.22 31080.4 32428.39 33498.74 34158.58 33209.95 31393.29 29567.18 28472.31 27743.48 27643.18 27558.53 27551.34 27628.86 27495.17 27257.72 27344.13 27543.74 27907.3 28385.14 28977.85 29355.28 30825.85 32857.3 35350.21 37277.21 38471.74 39545.98 39569.87 39292.06 39313.16 39865.82 41226.1 42101.44 43500.76 45244.21 47004.12 47755.14 47455.51 46210.78 45521.05 44981.23 45274.17 45348.14 45331.54 45759.77 46344.07 46418.15 46229.6 46312.16 46883.94 46740.16 45633.86 44432.4 42739.6 40519.9 38210.96 37240.35 37208.7 37667.72 37957.07 38634.4 39165.08 39380.82
28414.93 29730.44 30974.75 32663.76 33488.24 33969.8 33142.5 31633.83 29550.2 27947.82 27302.72 27143.19 27080.79 27087.4 27045.29 27024.69 27180.15 27343.68 27553.58 27796.11 28321.3 28846.31 29427.11 30745.55 33461.83 36378.44 38851.88 40350.37 40825.79 40425.43 39918.75 39558.68 40006.57 40567.72 41348.41 42243.86 44276.02 46697.87 48480.04 48721.96 47865.45 46941.34 46236.75 45987.77 45701.43 45261.74 45662.7 45687.5 45222.23 44419.03 43961.37 43867.38 44022.39 43427.64 42181.79 39572.17 37281.86 36012.01 35474.73 35566.6 35789.33 35951.15 35794.76 35944.72 36258.42
28510.51 29213.4 29786.96 31221.66 32126.41 32761.68 32022.31 30663.16 28973.57 27659.78 27150.55 27079.26 27221.58 27240.02 27165.59 27219.83 27427.55 27621.36 27772.78 28103.37 28554.45 29052.94 29716.09 30993.59 34112.08 36833.8 39331.73 40590.77 40930.53 41254.84 40673.84 39988.62 40114.21 39685.25 40227.04 40601.3 42275.13 44682.65 47146.59 47885.88 47536.02 47107.02 47005.8 46467.46 45617.71 44989.18 45379.58 45546.55 45187.86 43988.54 43368.3 42656.52 42864.73 42494.65 40753.91 37392.71 35450.7 34897.64 34449.93 34266.88 34145.73 33997.93 33180.75 33180.77 33312.47
28495.11 28750.89 29198.01 30257.4 30533.06 31138.3 30712.54 29633.3 28387.11 27455.94 27116.32 27134.51 27198.06 27218.34 27201.45 27290.45 27544.91 27814.81 28231.92 28698.21 29265.7 29816.63 30249.46 31440.22 34345.8 36960.67 39318.74 40748.52 41607.72 41769.28 40914.29 40274.75 40007.71 39041.44 38997.11 39003.62 40013.97 41787.99 43763.37 44766.18 44938.56 45117.12 45449.67 44866.85 44157.81 44063.22 44558.07 45056.05 44916.82 43814.84 43027.88 42629.86 42674.93 42491.95 40350.45 36867.91 35184.26 34900.74 34394.56 33796.03 33158.53 32409.67 31415.09 31171.71 31195.61
28452.67 28754.84 29195.74 29918.09 29880.32 30122.54 29700.54 28926.43 27993.3 27383.21 27148.08 27139.31 27022.09 27025.63 27122.38 27244.15 27558.45 27936.45 28684.33 29461.52 30473.12 31506.18 31923.09 32436.42 34472.54 36773.32 39036.43 40951.85 42277.96 42216.61 41446.68 40654.52 39580.41 38157.29 37880 37584.96 37760.25 38536.98 39455.66 40317.51 40633.09 41072.3 41553.39 41320.78 41336.77 42241.66 43406.71 44263.43 44281.69 43224.05 42256.96 42472.49 42696.75 42708.72 40864.43 37672.14 35837.95 35347.96 35021.51 34377.39 33524.33 32398.14 31266.88 30717.92 30568.05
28731.62 29080.46 29498.76 30037.54 30030.77 29764.54 29304.71 28600.24 27812.62 27419.15 27156.13 27061.97 26944.74 26938.86 27066.78 27224.94 27550.56 28013.8 28970.1 30104.52 31729.4 33354.86 33833.7 33552.48 34577.1 36347.61 38636.21 41141.17 42495.21 42721.73 42225.23 40798.76 38961.78 37416.46 37039.56 36395.48 35729.57 35431.3 35368.91 35677.7 35620.37 35962.77 36543.38 36953.07 37781.09 39702.74 41892.29 43261.04 43515.66 42335.69 41255.73 41450.48 42381.52 42574.98 41689.44 39355.33 37554.35 36644.81 36711.49 36544.47 35817.19 34427.91 32904.33 31944.1 31578.93
29281.9 29687.36 30081.03 30503.71 30314.93 29689.49 29216.38 28404.71 27689.33 27350.14 27071.15 26943.06 27003.89 27012.71 27058.11 27187.87 27480.91 28026.79 29080.58 30314.39 32242.34 33979.5 34402.86 34184.29 34716.49 36196.45 38588.81 41756.44 42774.63 42934.84 42196.03 40418.69 38679.44 37712.52 36635.94 35534.83 34295.09 33118.53 32160.29 31728.12 31339.68 31468.63 31945.14 32721.38 34224.3 37012.66 39852.47 41707.33 42209.23 41229.4 39863.32 39529.71 41011.93 41827.73 42070.01 41655.69 40818.49 40050.91 40302.83 40496.66 39582.66 37611 35644.42 33962.38 33703.41
29933.15 30438.46 30741.9 30890.34 30339.56 29568.09 28866.29 28030.93 27442.54 27063.66 26929.24 26842.6 26984.77 27018.59 27043.71 27079.83 27331.42 28018.72 29073.36 30089.11 31585.9 33136.79 33977.88 34655.75 35491.24 37049.02 39494.43 42775.47 43138.1 42764.81 41729.77 40690.68 39309.45 38171.08 36821.7 35118.71 33463.98 31832.57 30532.53 29473.8 29302.48 29395 29525.77 30073.28 31420.02 34371.48 37733.62 39788.82 40373.26 39313.67 38027.25 37391.7 39156.07 40988.86 42095.9 43277.68 43610.02 43393.27 43631.59 43227.48 42300.25 41333.91 38504.67 37199.96 36304.85
30877.21 30775.52 30753.71 30429.48 29991.76 29109.16 28329.77 27599.08 27125.85 26952.72 26848.54 26815.01 26784.49 26839.26 26976.57 27160.39 27321.45 28076.33 29121.22 29834.04 30834.33 32590.74 33552.59 34436.32 36377.48 38330.87 40984.71 43002.13 43716.48 42873.79 41307.61 40491.3 39719.07 38924.6 37613.59 35497.27 32923.22 30878.05 29660.09 28650.79 28038.72 28161.37 28383.92 28908.5 30112.49 32984.02 36412.99 38697.67 39182.12 37876.72 36835.59 36084.14 37505.92 40063.39 42282.86 44702.7 46551.65 47544.94 47500.36 46762.13 44937.14 42817 41560.24 38850.69 38346.95
31936.78 31063.48 30264.78 29855.77 29104.54 28363.4 27615.95 27204.71 26960.75 26907.01 26909.98 26840.26 26816.07 26830.06 26889.02 27140.13 27644.54 28083.98 28939.26 29880.82 31168 32796 34338.36 36026.31 37696.57 39575.75 41402.71 42486.03 42010.67 40512.44 39181.96 39076.79 39210.81 38521.51 37081.3 34796.25 31960.8 29942.53 28777.42 27975.91 27413.09 27570.82 27864.44 28333.45 29440.56 32228.05 35436.91 37698.54 38245.56 37175.52 36102.45 35345.04 36573.59 39059.01 41870.96 45245.47 47759.75 49370.87 49651.36 49280.68 47580.48 44863.8 41773.21 39578.78 38542.39
32248.87 31213.56 29940.83 29098.39 28464.19 27680.27 27183.91 26838.88 26821.67 26752.1 26762.94 26750.04 26677.39 26677.85 26741.4 27275.66 27932.76 28746.61 29508.76 30705.86 32558.53 34620.6 37124.74 39046.3 40077.89 41256.94 41725.91 41406.77 39649.74 38305.5 37290.56 37303.09 37481.27 37362.89 36115.42 34015.75 31174.89 29233.15 28152.14 27558.04 27379.65 27500 27599.61 28079.15 29116.82 31315.75 34668.42 36847.94 37397.58 36384.16 35324.57 34944.47 35987.8 38245.14 41181.29 44884.42 47650.29 49565.78 50610.66 50314.76 48534.96 45887.98 42788.9 40261.24 38698.57
32295.01 31101.51 29716.91 28581.33 27742.56 27299.46 26911.87 26783.83 26670.47 26555.13 26561.65 26494.99 26500.06 26586.02 26677.92 27391.56 28626.75 29292.85 30631.19 32724.56 35300.99 37930.01 41070.52 43200.98 43799.52 43228.03 41950 40100.85 37686.1 36439.03 35515.6 35220.45 35107.35 35016.03 34406.12 32644.76 30213.6 28580.16 27651.25 27057.77 27378.19 27556.91 27622.32 28011.57 28670.11 30397.72 33647.72 35926.19 36515.43 35712.71 34847.57 34398.28 35251.31 36990.08 39815.29 43348.48 46660.89 48814.3 50127.9 50313.81 48680.52 46188.47 43370.51 40641.33 39018.41
32034.82 30732.34 29466.17 28356.82 27617.57 27022.22 26786.46 26646.05 26491.85 26370.84 26386.53 26375.75 26315.11 26412.79 26675.66 27589.1 28961.21 30222.27 32695.73 35494.7 38749.72 42269.59 44969.96 47095.16 46833.09 44942.28 42110.32 38985.93 36079.46 34781.95 33752.88 32949.27 32345.32 31934.94 31711.82 30789.78 29033.02 27953.99 27299.2 26822.91 27250.44 27392.92 27519.1 27673.92 28118.76 29362.29 31950.61 34449.59 35346.05 34901.15 34167.19 33513.67 34265.78 35568.41 37965.18 41278.66 44932.05 47715.63 49073.75 49760.2 48647.5 46240.06 43446.72 41083.79 39508.12
31214.87 30059.93 28996.29 28154.47 27401.18 26916.41 26714.03 26553.84 26383.24 26263.85 26177.48 26179.68 26118.4 26184.79 26629.4 27568.06 29086.63 31031.66 34318.52 37481.36 41032.68 45080.84 47860.05 49367.04 48663.71 45947.84 41818.59 37706.38 34568.1 33265.43 32051.28 30764.22 29771.17 29195.22 29064.94 28838.38 27947.77 27328.89 26873.98 26749.67 27011.46 27086.37 27187.75 27179.56 27547.63 28262.48 29973.15 32326.63 33578.49 33509.94 32816.17 32228.21 32995.62 34232.79 36503.52 39785.25 43470.04 46658.04 48271.41 49079.4 48650.61 46301.84 43474.77 41479.95 39983.21
