Dropbox/GRP Data/GRP mammal paper/NN_analysis/DATA/2014 input files/la_h_bio_6.asc
ncols         272
nrows         166
xllcorner     -214329.5541171
yllcorner     212687.1820549
cellsize      821.1860311
NODATA_value  -9999
[rows 56 to 83 of 166, columns 62 to 123 of 272]
-9999 -9999 -9999 -9999 -9999 -9999 -9999 -9999 -9999 -9999 -9999 -9999 -9999 -9999 -9999 -9999 -9999 -443.9064 -461.0087 -470.7854 -503.403 -549.3602 -576.1741 -573.2902 -574.5485 -584.5836 -613.0518 -621.3279 -595.7204 -572.2474 -574.6227 -566.1996 -558.478 -575.5053 -546.5988 -483.0461 -518.0324 -542.222 -472.9102 -413.094 -413.8401 -434.2079 -472.5993 -475.4615 -427.6927 -495.429 -590.8074 -653.4841 -647.4022 -670.8671 -658.2008 -652.0046 -651.4176 -608.0972 -560.9268 -625.6689 -646.4522 -654.4697 -656.501 -663.615 -666.7728 -666.4231
-9999 -9999 -9999 -9999 -9999 -9999 -9999 -9999 -9999 -9999 -9999 -9999 -9999 -9999 -9999 -374.9144 -428.3914 -447.4002 -452.5318 -465.8356 -523.3443 -545.8749 -563.6302 -569.9799 -577.184 -585.573 -601.5569 -635.9341 -610.0596 -587.5013 -585.0876 -587.9464 -592.8348 -572.6512 -513.4092 -483.651 -464.7829 -456.9024 -445.7296 -424.4314 -426.0706 -444.6165 -479.5641 -485.6441 -436.9097 -517.7739 -577.0699 -575.9205 -571.1092 -594.6904 -589.6432 -633.9771 -636.6319 -604.3833 -565.1772 -630.4522 -655.182 -657.0619 -665.0348 -670.3521 -672.5517 -677.71
-9999 -9999 -9999 -9999 -9999 -9999 -9999 -9999 -9999 -9999 -9999 -9999 -293.2371 -308.6066 -368.5097 -398.8317 -434.4706 -428.6154 -438.6535 -465.9548 -496.6593 -532.0146 -548.8768 -566.1782 -575.6765 -584.251 -599.9391 -634.3488 -630.0326 -600.0067 -603.8333 -616.8593 -615.803 -551.7702 -524.8329 -501.1297 -474.8435 -463.1726 -453.0469 -443.3354 -456.672 -485.3829 -499.3025 -499.7485 -428.115 -562.6149 -530.8483 -529.6398 -523.1271 -511.4285 -516.8626 -618.3755 -630.754 -611.4088 -581.414 -631.7712 -670.2845 -666.7778 -674.7979 -679.525 -680.1049 -681.8481
-9999 -9999 -9999 -9999 -9999 -9999 -9999 -9999 -9999 -9999 -241.2619 -266.2202 -280.3421 -317.0256 -374.2072 -401.1604 -422.756 -440.3909 -457.6782 -472.1676 -470.9836 -512.8747 -542.9697 -568.8873 -582.1367 -586.3375 -608.4729 -643.7172 -646.8273 -608.7437 -625.4944 -614.2699 -626.4929 -647.0839 -563.8335 -521.8173 -490.9323 -475.0523 -461.8981 -460.7337 -474.0476 -498.2192 -511.7709 -501.2151 -412.9356 -493.0266 -464.4528 -410.3989 -407.4937 -441.515 -505.2298 -581.4264 -639.8564 -623.0588 -595.3107 -647.4131 -682.1329 -683.2977 -685.0034 -692.3515 -697.1129 -697.7495
-9999 -9999 -9999 -9999 -9999 -9999 -9999 -108.6384 -118.6789 -130.2094 -177.1197 -203.1812 -240.81 -306.8771 -330.8055 -391.5573 -435.5452 -468.2628 -477.238 -489.2599 -498.555 -507.8789 -541.2521 -567.226 -590.3395 -593.4945 -616.1356 -651.3125 -657.2178 -633.265 -611.2444 -665.8912 -793.6379 -681.6865 -620.8738 -599.0055 -531.9929 -496.7455 -482.3144 -479.826 -494.1001 -501.0685 -510.8856 -510.6696 -498.0251 -448.5006 -421.1772 -466.9347 -484.325 -482.7636 -468.6443 -554.9865 -650.2579 -636.0306 -615.2652 -655.5141 -698.811 -706.0414 -706.069 -710.5792 -717.2779 -717.6129
-9999 -9999 -9999 -9999 -9999 -62.10335 -69.15196 -84.83777 -102.8976 -117.0859 -110.2293 -122.2262 -180.2768 -269.214 -315.2956 -376.425 -427.6115 -454.7833 -466.9308 -492.3672 -506.2959 -508.9904 -518.506 -546.911 -577.8303 -592.7946 -619.1252 -652.6263 -667.5927 -644.2335 -610.477 -735.1245 -811.8514 -788.9976 -715.6655 -628.9779 -563.6185 -519.1277 -502.0984 -508.6084 -484.1811 -466.9223 -467.3008 -506.3155 -468.5691 -468.1122 -439.535 -481.8008 -506.274 -496.6137 -470.1588 -578.7071 -674.6033 -671.9859 -633.7611 -672.0285 -713.595 -726.5875 -727.2921 -730.2315 -733.2977 -736.9545
-9999 -9999 -9.730165 -30.01477 -40.49995 -63.66987 -78.03794 -98.31576 -133.9683 -171.094 -172.1121 -142.1533 -173.9614 -277.7412 -352.9822 -367.0614 -393.9368 -423.7556 -448.3821 -484.3511 -500.9388 -517.5955 -538.7052 -563.4187 -549.4598 -549.2182 -625.0097 -645.2579 -660.6432 -642.2554 -632.9362 -663.9163 -752.0263 -743.582 -697.8154 -618.6844 -582.3079 -572.5429 -538.1334 -520.878 -503.6695 -507.5775 -468.6025 -518.6642 -503.3723 -511.5314 -466.8346 -471.7872 -471.4266 -498.0571 -543.6981 -623.7356 -692.1135 -699.5628 -643.8406 -683.9594 -723.2407 -739.8101 -738.7372 -744.4312 -744.7178 -751.5384
22.74372 4.135796 -4.64119 -22.64503 -30.17697 -41.07129 -81.71626 -93.71127 -128.0513 -168.6392 -173.9638 -186.0547 -226.552 -278.5059 -333.0312 -381.3513 -396.5483 -422.6483 -454.8398 -472.2916 -500.0261 -509.5799 -499.4149 -504.6607 -520.0143 -583.8699 -611.4886 -600.0339 -612.6292 -624.0003 -661.9595 -674.8143 -637.0126 -623.4529 -620.2108 -627.1832 -641.7085 -635.1559 -606.3577 -538.696 -526.8171 -509.7886 -476.0569 -531.4163 -510.4109 -535.988 -520.3854 -549.2291 -531.4128 -551.7889 -641.8851 -664.1653 -702.0854 -712.0057 -678.4629 -696.063 -727.8668 -748.1093 -746.7578 -754.5059 -755.5208 -762.0179
30.8173 20.67861 21.18616 13.25304 -14.56722 -55.88309 -56.89674 -114.9131 -136.5914 -150.9998 -151.9545 -139.8061 -192.7673 -233.8005 -277.6024 -338.5949 -376.5207 -410.5227 -450.2126 -470.5172 -473.8198 -483.4066 -483.4821 -498.5605 -530.5028 -580.6254 -622.5101 -593.1176 -610.7685 -652.579 -686.2943 -694.7333 -661.1027 -651.9197 -643.6545 -641.2777 -643.1443 -638.8709 -637.2342 -593.4106 -576.9101 -542.8028 -524.7771 -542.2946 -521.4026 -559.4197 -586.9915 -655.2345 -652.4297 -646.2214 -698.1731 -688.5314 -711.1152 -721.163 -729.3382 -700.6743 -732.2503 -755.0751 -760.0157 -766.6709 -768.9597 -773.4437
44.87867 31.08074 23.46214 15.57601 -16.01381 -54.4133 -51.88888 -64.6852 -81.76674 -86.8069 -118.3307 -154.5493 -143.4341 -186.6607 -251.633 -311.9102 -328.7151 -337.9027 -415.9733 -485.0212 -476.4136 -484.0868 -505.9569 -513.39 -557.9567 -592.575 -619.2803 -601.7761 -625.1777 -675.8719 -683.2935 -679.7385 -690.3687 -697.4487 -687.092 -664.015 -647.894 -625.4877 -633.3245 -635.8918 -609.6155 -575.5916 -562.9623 -550.5309 -545.8627 -581.9802 -615.2331 -675.279 -704.8984 -711.3647 -701.0561 -698.2054 -720.3087 -728.8939 -735.9616 -673.8655 -744.382 -756.9982 -767.9622 -777.6375 -783.5127 -784.6511
48.31353 34.12734 27.34293 20.48721 4.902834 -24.86632 -38.50959 -61.33576 -83.98335 -118.4272 -144.7049 -160.4102 -152.3629 -150.395 -199.8534 -248.0531 -279.9568 -299.1356 -391.4813 -490.2987 -502.9503 -508.2985 -532.571 -543.3214 -579.2342 -594.8417 -603.0165 -621.6553 -648.1195 -685.9821 -666.9891 -669.6834 -689.2838 -700.0528 -693.5826 -692.3882 -690.8999 -648.7462 -630.1281 -618.7551 -585.5865 -546.5635 -543.2038 -555.21 -512.3136 -567.3801 -599.3132 -655.9 -714.8066 -718.0302 -702.9639 -707.787 -734.8691 -737.5477 -740.1593 -687.4496 -744.3647 -750.5244 -762.436 -773.3375 -783.43 -792.0076
67.80145 55.51278 47.36514 29.12344 11.7286 -7.320805 -28.37827 -40.97228 -81.17437 -126.8212 -152.3201 -148.542 -160.972 -168.8473 -194.025 -223.3869 -257.9341 -323.5546 -407.3004 -467.7749 -485.9666 -499.9651 -515.965 -522.4026 -573.7899 -592.3876 -589.2548 -623.3177 -657.798 -680.7198 -671.5598 -683.9556 -711.2777 -708.4587 -692.0215 -688.3708 -692.2927 -679.3318 -631.4323 -600.2742 -592.8024 -590.1589 -618.1342 -560.7684 -542.1663 -561.3065 -638.0571 -686.4459 -731.997 -727.3087 -709.1721 -715.1805 -744.3861 -746.6591 -748.8557 -779.856 -738.729 -749.4889 -767.6869 -777.0209 -786.6166 -792.5078
75.22859 63.1713 53.30998 34.02171 19.3756 0.9625894 -24.34663 -28.63507 -76.82884 -122.5716 -151.6922 -153.6704 -163.3492 -189.1879 -212.4189 -225.9032 -248.6252 -339.6245 -415.7448 -441.2003 -453.472 -483.6059 -492.4919 -488.8286 -560.2409 -597.2777 -591.1832 -593.0499 -633.3301 -655.9429 -694.639 -664.4774 -687.0895 -670.889 -651.7894 -646.7749 -653.3617 -673.9636 -669.2303 -666.2533 -638.0662 -647.2606 -644.166 -629.2873 -646.1197 -646.3435 -726.504 -746.0181 -745.2803 -737.7079 -716.7225 -723.4561 -755.0388 -762.1603 -759.7018 -766.1208 -695.7379 -741.8365 -763.5175 -775.2921 -784.8265 -793.1279
76.40566 63.53295 52.9937 36.80286 24.38663 3.709795 -23.35386 -30.70961 -65.00661 -108.3289 -144.723 -169.9708 -175.8478 -185.4 -216.9041 -229.0606 -242.1535 -308.9012 -376.6895 -422.1536 -452.0324 -499.1192 -520.5801 -551.5483 -559.3914 -572.7708 -620.0046 -605.9506 -635.1185 -677.6241 -653.0344 -638.9655 -670.1696 -704.0327 -663.8487 -627.2928 -625.2944 -636.8619 -651.2798 -662.8607 -604.4223 -631.533 -643.3973 -630.1381 -687.8695 -722.751 -741.1997 -759.339 -761.2022 -754.4308 -742.4813 -740.1723 -765.8411 -775.1573 -776.1296 -781.911 -715.2223 -697.5884 -746.223 -742.9797 -751.5692 -779.1142
76.36683 59.20996 43.5887 26.59547 14.72987 -2.399358 -23.9248 -35.1074 -49.84678 -89.1003 -132.4153 -166.2978 -185.9045 -183.8138 -216.838 -248.8263 -256.3471 -300.3172 -347.3282 -361.8963 -376.222 -434.2386 -473.4041 -485.4654 -507.1312 -595.0782 -587.6366 -621.9503 -603.8187 -603.681 -607.8984 -626.9 -658.8359 -675.9315 -698.3082 -670.8005 -630.5291 -635.2505 -648.606 -669.1337 -660.9392 -663.4071 -644.4152 -633.1718 -700.443 -742.1062 -752.9594 -771.6788 -774.0217 -771.1588 -755.7877 -756.7788 -772.4377 -783.3419 -733.9487 -705.7704 -685.3519 -687.195 -730.5198 -721.8072 -733.1196 -775.7187
75.4194 57.78302 37.22648 14.97267 -1.000204 -15.3564 -27.8898 -37.7354 -51.92549 -92.82571 -132.3627 -148.8591 -154.6297 -169.1838 -208.9094 -254.52 -269.6574 -299.3156 -362.2531 -371.7752 -373.7582 -487.3177 -531.3412 -543.1882 -566.0367 -485.9903 -576.9607 -600.942 -608.2498 -599.2643 -608.9636 -616.7787 -629.6751 -686.4603 -673.9489 -672.2003 -683.0777 -645.6269 -653.8876 -668.3379 -669.582 -657.507 -634.3735 -637.071 -707.04 -745.7324 -760.5798 -782.4849 -785.1115 -782.6071 -728.4071 -710.3848 -722.0687 -730.1237 -680.9576 -615.1425 -622.168 -659.2202 -688.9702 -693.2256 -710.2158 -763.2894
73.72653 67.11121 55.66022 29.83003 3.64357 -19.91825 -33.54009 -45.6425 -60.58859 -97.4173 -116.2097 -134.3985 -146.3151 -178.0083 -193.8689 -225.5473 -281.1105 -301.3307 -388.586 -435.3853 -464.1153 -463.9855 -452.2147 -464.1649 -557.0847 -567.7573 -597.8411 -608.7293 -598.9099 -596.0453 -608.5105 -625.5153 -634.912 -663.9645 -678.7173 -690.8331 -689.9271 -648.2934 -685.8038 -693.4913 -664.4713 -641.723 -636.106 -652.6636 -720.6478 -751.8179 -766.5868 -786.9694 -795.5053 -773.5106 -699.3186 -662.3712 -673.259 -678.9207 -642.5635 -608.0604 -611.9769 -628.0425 -659.5906 -652.323 -663.2664 -721.3368
73.48188 71.13112 65.38181 35.08098 9.245261 -11.70886 -15.94055 -47.83632 -70.81515 -105.5995 -129.2113 -150.2331 -171.2996 -179.4784 -229.328 -252.8148 -256.4498 -277.2994 -317.3593 -396.241 -457.8117 -486.9676 -475.2604 -477.3347 -521.41 -522.9865 -553.0186 -575.9997 -583.2131 -592.1729 -602.8142 -616.9262 -628.5627 -653.6512 -688.2844 -702.8031 -678.9648 -652.5286 -682.55 -686.9197 -654.1113 -639.1912 -644.2447 -661.932 -729.2974 -764.9735 -774.1982 -786.1255 -799.0922 -758.2751 -713.2899 -671.7343 -679.6225 -692.4316 -611.3431 -641.8053 -648.926 -639.2911 -692.6852 -647.7383 -635.8354 -678.8265
81.70126 80.45347 67.21185 37.27599 11.75354 -10.32816 -14.81728 -54.04127 -70.12811 -105.0344 -144.4304 -150.0168 -165.8416 -133.9841 -172.3589 -246.4776 -268.9456 -287.7459 -314.4727 -358.0766 -407.5415 -434.9134 -441.791 -462.6405 -480.82 -534.268 -533.3088 -552.9554 -568.431 -580.2865 -589.0078 -602.4132 -618.1483 -654.2201 -684.3714 -701.7135 -681.4948 -669.7702 -662.2954 -660.3727 -648.1661 -645.798 -649.4302 -658.3716 -723.2929 -765.0891 -783.035 -785.1579 -793.9772 -739.8998 -734.4802 -692.7177 -694.2139 -706.3135 -603.1033 -587.6156 -625.8995 -621.4167 -707.7296 -704.7796 -679.7875 -681.8178
82.89602 80.75164 63.1684 38.43975 2.001078 -31.13154 -35.73454 -38.38555 -48.13578 -86.44437 -140.3714 -130.0442 -152.3025 -149.7225 -190.1791 -233.0499 -259.3472 -295.9738 -328.2708 -343.431 -384.9018 -408.7962 -431.5946 -459.5068 -471.9719 -543.9003 -521.5876 -547.9532 -558.9175 -564.5563 -571.3989 -586.8608 -608.9803 -657.1031 -676.7543 -701.3856 -700.1402 -695.0732 -672.8027 -664.0668 -656.6732 -650.8156 -657.1172 -661.9182 -705.6419 -727.1633 -777.0641 -776.6458 -778.9496 -658.2471 -673.6198 -667.6089 -675.1282 -657.3095 -593.5137 -564.1115 -721.0282 -674.7142 -676.2656 -750.9317 -765.3012 -747.2415
81.14621 56.45959 65.15309 36.47318 -3.548179 -21.76031 -61.45564 -39.22536 -64.15256 -111.3433 -146.9532 -131.8969 -135.5898 -170.1577 -211.1095 -231.9954 -245.4745 -287.1877 -313.204 -331.2184 -360.7711 -387.3567 -409.5204 -440.3863 -474.9274 -524.6738 -516.8536 -551.0679 -562.609 -573.4125 -582.9861 -593.2271 -616.6629 -658.6469 -662.6964 -697.2104 -718.8115 -713.9246 -697.7096 -685.6597 -674.2272 -664.6745 -667.5903 -672.6417 -677.621 -686.2009 -709.7147 -714.4526 -678.0257 -604.1713 -701.9193 -690.4731 -663.2305 -617.1859 -610.5404 -636.3495 -670.1258 -662.3354 -659.6332 -650.5192 -638.1902 -750.953
-13.18431 -3.196253 38.05165 39.79802 6.847526 -25.56563 -59.47792 -46.60984 -68.98525 -119.2938 -152.338 -144.1015 -162.9854 -182.8879 -208.0819 -222.0107 -238.2899 -280.4007 -292.6483 -314.119 -323.2802 -336.8158 -342.9486 -372.7033 -441.3677 -517.4581 -534.9858 -549.2712 -570.8799 -607.4579 -637.5289 -656.9531 -672.321 -637.608 -617.6286 -645.1035 -714.755 -727.4893 -747.8395 -742.2422 -742.4854 -713.2714 -681.2051 -681.9952 -683.1619 -689.6637 -707.6893 -700.5452 -706.7967 -695.5071 -724.8044 -744.3115 -712.5746 -659.6412 -625.8519 -679.7711 -735.6228 -716.1381 -680.5335 -698.7791 -707.9735 -710.6263
-29.77584 9.366711 39.35367 36.41645 -3.585557 -37.05273 -53.21394 -53.63041 -78.52555 -118.9844 -139.1086 -154.4198 -206.3721 -197.167 -205.717 -211.7666 -245.2692 -287.6302 -296.6983 -306.4668 -312.0303 -315.3074 -318.2444 -331.6429 -368.4642 -458.085 -496.9918 -506.1761 -532.6662 -562.0627 -602.9417 -650.9614 -676.1163 -648.0718 -619.0269 -627.4926 -714.8417 -646.9926 -675.9037 -671.2451 -717.6888 -727.9843 -700.0663 -693.2084 -713.0233 -709.1574 -691.8777 -708.0321 -713.157 -695.3389 -778.6663 -743.0954 -716.0217 -697.4776 -647.1392 -677.3191 -722.3491 -737.5475 -691.0605 -720.2948 -739.2441 -700.3957
14.1492 43.41018 48.22081 23.84007 -23.86584 -40.9533 -51.37888 -55.88946 -99.21339 -145.663 -139.9424 -174.5244 -201.3799 -207.4495 -224.322 -248.3562 -275.4721 -285.5222 -294.3193 -303.3798 -307.9819 -310.8554 -317.2061 -323.8505 -346.4838 -371.8396 -412.9876 -464.4261 -525.3698 -567.7206 -585.7516 -633.6249 -657.9538 -683.9243 -699.6274 -716.6064 -687.2916 -707.313 -719.3268 -698.1786 -716.8472 -761.7714 -728.0215 -710.4204 -727.2611 -726.6899 -702.2972 -723.2493 -719.9885 -699.2922 -743.0729 -711.6295 -699.4612 -692.5106 -662.4122 -674.9326 -701.187 -745.4456 -759.3373 -747.9641 -743.1968 -743.6577
20.01421 37.51882 36.71581 14.52384 -25.86631 -43.85981 -63.7172 -71.09409 -100.3916 -178.3168 -210.0949 -205.5116 -206.7923 -223.8977 -267.4196 -275.4089 -277.8315 -285.0691 -294.2816 -301.927 -303.9347 -310.5123 -317.292 -325.0737 -337.4871 -358.8505 -398.7836 -460.1632 -511.3322 -549.9105 -576.1305 -605.8011 -637.4774 -667.284 -699.5678 -724.1584 -700.0795 -708.4587 -718.2152 -703.2828 -719.7239 -744.0432 -722.1412 -748.228 -751.4228 -736.0334 -709.2704 -719.7461 -726.0956 -717.7563 -720.8005 -704.2715 -698.1003 -688.1971 -676.5767 -680.2189 -695.9561 -734.0041 -789.4824 -788.1309 -782.6597 -798.7808
-18.63564 14.16313 10.35851 -6.868244 -44.51477 -58.26487 -158.3854 -164.5034 -165.4558 -198.2297 -225.8208 -239.0268 -247.5011 -253.7111 -255.6881 -267.0849 -276.918 -283.5661 -287.3893 -295.5412 -302.4112 -310.0486 -318.1103 -326.7228 -338.2677 -356.5417 -412.705 -460.441 -501.2034 -539.4195 -559.153 -592.1896 -618.6381 -646.9681 -687.5087 -717.5414 -725.2833 -738.7944 -751.5814 -732.155 -729.6976 -779.821 -764.7813 -750.9487 -742.5688 -741.7004 -712.7674 -724.4606 -734.9689 -735.1511 -725.9338 -722.5997 -730.1943 -720.5264 -700.4449 -699.7513 -706.6689 -719.6469 -758.0184 -807.0808 -822.6484 -827.0162
-44.32605 -55.83978 -113.2975 -105.3647 -118.6269 -144.6146 -158.3412 -171.0924 -181.862 -195.2856 -211.1302 -233.3345 -242.3364 -249.6332 -254.4252 -257.9252 -266.5496 -276.1491 -284.5742 -293.486 -298.9181 -307.274 -318.3302 -327.8615 -340.123 -361.7281 -402.8011 -443.5396 -485.5048 -524.0751 -546.6705 -575.3116 -595.6499 -634.1454 -683.2914 -719.4041 -737.304 -761.3944 -778.6771 -745.9913 -727.5823 -806.7292 -804.0294 -752.9011 -730.6182 -750.1789 -745.5182 -774.9451 -750.6879 -744.8593 -731.4554 -738.2505 -772.2251 -771.1733 -737.3853 -730.6437 -731.2755 -735.1332 -766.4917 -790.4124 -794.8753 -833.4965
-66.04389 -83.19925 -127.5744 -114.3832 -116.4794 -122.5345 -143.0865 -166.3749 -180.2012 -189.2568 -208.8497 -232.4074 -240.6585 -243.3836 -248.9867 -253.4881 -260.1993 -268.2857 -278.1017 -287.7856 -295.2771 -304.0882 -314.4201 -328.9782 -342.8338 -365.8911 -398.7586 -439.358 -476.4692 -508.4363 -543.9613 -577.4492 -606.3463 -653.4233 -672.3746 -699.4625 -714.8929 -760.9551 -767.4249 -731.6297 -740.1938 -780.6514 -772.129 -781.7746 -749.0002 -751.2613 -800.7235 -833.0405 -770.1547 -757.739 -742.009 -744.1818 -786.3533 -798.6777 -772.0429 -740.4418 -746.3649 -747.2706 -771.8122 -790.3176 -798.8535 -832.6188
