Dropbox/GRP Data/GRP mammal paper/NN_analysis/DATA/2014 input files/la_h_bio_5.asc
ncols         272
nrows         166
xllcorner     -214329.5541171
yllcorner     212687.1820549
cellsize      821.1860311
NODATA_value  -9999
[rows 116 to 144 of 166, columns 0 to 64 of 272]
-9999 3667.122 3669.092 3663.537 3664.747 3670.946 3667.7 3666.228 3668.723 3673.365 3673.515 3673.47 3673.346 3673.428 3673.27 3673.162 3673.554 3674.086 3675.498 3683.811 3678.456 3685.447 3686.047 3686.204 3677.573 3686.415 3687.572 3689.47 3691.332 3691.815 3691.289 3691.353 3691.81 3691.868 3688.471 3683.654 3681.73 3666.117 3671.313 3661.833 3656.966 3643.754 3627.181 3610.418 3606.871 3583.946 3544.97 3531.413 3531.455 3526.997 3526.562 3524.873 3560.211 3593.275 3588.088 3579.386 3579.085 3565.44 3558.021 3543.309 3534.47 3532.264 3521.434 3497.49 3541.51
-9999 3664.529 3667.636 3661.969 3669.535 3672.512 3663.286 3671.65 3673.886 3673.913 3674.157 3673.908 3673.826 3673.876 3673.73 3673.54 3673.586 3674.48 3683.875 3684.273 3684.966 3685.96 3686.734 3686.85 3686.087 3688.297 3688.785 3691.084 3691.981 3692.159 3691.906 3692.22 3692.542 3692.534 3691.693 3686.016 3682.698 3668.795 3668.673 3657.965 3647.165 3630.289 3611.365 3572.426 3557.22 3549.144 3533.468 3535.136 3533.985 3527.476 3523.232 3528.493 3568.775 3591.87 3580.132 3577.135 3566.509 3547.22 3550.697 3538.228 3526.607 3507.506 3482.705 3463.382 3472.6
-9999 3664.828 3668.152 3665.365 3671.059 3671.896 3664.135 3666.521 3673.109 3673.507 3674.321 3674.451 3674.337 3674.435 3674.229 3674.068 3674.187 3682.191 3684.438 3684.59 3685.465 3686.512 3687.391 3687.799 3688.412 3690.723 3690.989 3692.166 3692.586 3692.643 3692.161 3692.7 3692.961 3693.031 3693.907 3691.239 3684.731 3673.964 3669.868 3661.471 3644.878 3628.026 3592.068 3536.731 3521.134 3535.978 3539.809 3537.646 3529.884 3527.237 3517.75 3531.737 3582.061 3601.781 3603.079 3605.217 3566.168 3547.674 3545.988 3534.75 3527.438 3510.635 3477.496 3464.551 3460.861
-9999 3665.397 3669.375 3673.881 3673.135 3664.441 3664.395 3664.746 3665.121 3665.126 3672.668 3675.027 3674.948 3677.08 3683.822 3683.531 3683.087 3684.302 3684.556 3685.136 3686.495 3691.957 3696.816 3696.895 3697.251 3698.131 3698.357 3698.708 3695.212 3692.999 3697.374 3698.446 3697.355 3693.719 3694.447 3694.673 3685.848 3678.47 3675.896 3670.453 3651.641 3621.86 3575.817 3528.745 3537.404 3561.091 3552.754 3540.095 3534.375 3531.998 3528.996 3551.659 3590.487 3627.381 3613.159 3595.548 3564.093 3558.103 3572.761 3571.967 3561.587 3568.046 3556.849 3502.038 3458.03
-9999 -9999 3674.868 3674.684 3666.037 3664.623 3664.699 3665.232 3669.681 3674.343 3675.197 3675.62 3676.412 3684.054 3685.281 3685.235 3685.089 3684.826 3685.515 3691.661 3688.963 3688.956 3689.365 3694.976 3690.706 3691.337 3693.624 3697.665 3694.938 3689.7 3697.995 3703.816 3702.71 3696.521 3694.901 3695.008 3688.691 3687.453 3683.828 3676.556 3653.834 3603.705 3578.522 3554.849 3615.154 3607.118 3574.612 3563.84 3557.924 3553.517 3583.91 3601.315 3613.226 3613.522 3594.755 3554.642 3512.073 3536.053 3619.596 3620.039 3620.179 3616.632 3546.748 3518.355 3490.931
-9999 -9999 3684.349 3684.068 3667.299 3673.434 3666.827 3673.53 3674.675 3675.657 3675.721 3676.067 3682.583 3681.22 3685.632 3685.693 3685.519 3685.272 3691.217 3687.322 3685.504 3686.345 3686.689 3691.534 3686.704 3686.402 3688.344 3692.625 3690.809 3684.764 3690.33 3701.301 3702.911 3701.361 3697.363 3695.651 3695.217 3694.193 3685.988 3677.25 3652.377 3629.944 3612.299 3577.941 3634.609 3638.724 3627.428 3608.656 3593.897 3554.78 3558.061 3578.062 3592.272 3582.21 3560.175 3533.72 3516.023 3592.692 3609.639 3609.741 3612.393 3617.952 3626.077 3557.423 3524.824
-9999 -9999 3685.18 3685.344 3681.447 3674.756 3667.846 3675.797 3676.177 3676.037 3681.634 3682.794 3685.909 3683.504 3686.27 3689.884 3691.173 3690.825 3695.182 3685.749 3685.545 3689.13 3691.889 3692.195 3692.481 3692.22 3692.403 3692.956 3688.371 3684.357 3684.832 3692.851 3696.56 3703.595 3703.752 3697.207 3696.026 3695.502 3695.556 3689.359 3657.617 3590.013 3590.028 3638.992 3647.092 3630.124 3614.26 3598.699 3580.168 3562.779 3547.11 3560.502 3578.025 3564.669 3539.045 3522.661 3587.447 3588.388 3563.251 3555.965 3567.148 3558.948 3634.329 3589.539 3562.539
-9999 -9999 3685.637 3685.834 3679.488 3669.139 3667.102 3672.811 3673.352 3675.031 3685.42 3687.123 3692.147 3691.723 3691.41 3695.321 3696.723 3696.753 3696.371 3692.88 3691.741 3691.966 3692.373 3692.543 3692.895 3692.759 3692.744 3693.182 3693.906 3687.206 3686.05 3686.071 3689.064 3695.003 3694.597 3695 3705.543 3696.049 3695.787 3689.68 3629.855 3598.019 3647.749 3649.566 3633.756 3618.064 3597.176 3582.216 3562.334 3549.35 3535.462 3561.268 3568.378 3555.361 3549.164 3550.291 3590.151 3567.413 3530.234 3512.434 3504.652 3509.03 3565.597 3562.232 3565.003
-9999 -9999 3686.135 3686.204 3676.328 3666.326 3666.573 3671.179 3673.696 3675.635 3682.622 3691.887 3698.208 3698.009 3697.63 3697.724 3697.276 3693.571 3694.385 3695.253 3692.716 3692.801 3693.163 3693.618 3693.623 3693.475 3693.973 3694.363 3694.814 3695.169 3695.159 3694.76 3698.25 3703.764 3697.469 3695.205 3696.621 3696.825 3703.769 3694.977 3657.752 3658.981 3644.263 3637.937 3623.516 3616.961 3605.758 3565.906 3543.731 3543.296 3535.301 3555.341 3559.45 3560.506 3560.596 3561.033 3545.295 3526.038 3505.233 3491.805 3465.295 3479.737 3492.934 3504.61 3515.003
-9999 -9999 3681.748 3685.864 3676.594 3666.687 3668.162 3673.912 3677.479 3680.051 3681.114 3695.934 3698.922 3698.737 3698.115 3698.213 3695.987 3683.394 3686.064 3693.198 3693.268 3693.562 3693.726 3693.412 3693.732 3693.833 3698.369 3698.453 3695.487 3695.549 3704.048 3703.382 3703.468 3704.645 3697.848 3702.096 3702.612 3703.272 3703.357 3696.289 3686.718 3684.667 3659.712 3650.334 3636.616 3612.172 3595.378 3584.053 3566.465 3554.963 3560.524 3565.783 3566.416 3561.479 3556.868 3542.709 3520.139 3497.045 3491.727 3483.225 3463.724 3450.649 3458.214 3474.517 3447.513
-9999 -9999 -9999 3679.781 3673.812 3667.729 3672.668 3679.26 3680.897 3686.918 3688.642 3690.131 3700.209 3700.433 3698.341 3698.121 3685.903 3685.01 3693.822 3693.793 3693.806 3694.175 3694.1 3693.969 3693.986 3694.417 3695.781 3696.071 3701.939 3696.024 3699.169 3704.998 3704.605 3704.859 3702.825 3705.246 3705.506 3705.878 3704.842 3699.669 3697.098 3682.129 3652.304 3645.335 3621.298 3584.952 3561.659 3567.203 3562.735 3543.192 3549.849 3553.706 3563.087 3551.027 3542.282 3525.117 3519.504 3509.338 3498.649 3477.005 3461.07 3450.902 3438.733 3441.289 3414.103
-9999 -9999 -9999 3668.405 3669.928 3671.531 3678.17 3684.604 3690.477 3690.978 3690.94 3692.756 3703.643 3703.1 3691.458 3692.678 3694.017 3693.804 3694.479 3694.559 3699.43 3702.698 3695.524 3701.946 3700.69 3695.349 3695.792 3695.842 3698.318 3701.979 3702.318 3705.011 3704.941 3705.138 3705.435 3705.839 3705.968 3706.627 3707.094 3704.597 3702.271 3682.207 3641.25 3640.295 3599.686 3561.017 3536.111 3511.201 3514.489 3496.743 3483.558 3498.761 3530.151 3546.789 3519.512 3506.346 3490.018 3482.299 3468.164 3458.208 3449.976 3448.003 3421 3426.549 3400.487
-9999 -9999 -9999 3668.167 3677.353 3678.556 3679.265 3686.919 3693.093 3702.133 3703.529 3703.374 3704.997 3705.002 3703.436 3696.505 3695.259 3696.094 3702.925 3702.533 3703.76 3704.678 3702.075 3704.727 3704.221 3702.14 3702.22 3702.021 3701.637 3705.451 3705.35 3705.186 3705.259 3705.595 3705.981 3706.317 3706.791 3707.687 3708.359 3708.672 3709.396 3696.046 3671.028 3667.368 3626.804 3580.688 3559.754 3539.345 3540.428 3501.179 3498.591 3541.111 3547.343 3524.807 3504.27 3493.981 3500.721 3495.613 3450.076 3420.653 3404.849 3412.135 3392.938 3384.326 3373.276
-9999 -9999 -9999 3668.678 3670.3 3679.173 3680.386 3683.291 3692.77 3704.456 3705.679 3705.679 3706.004 3705.965 3705.993 3703.699 3695.803 3695.943 3698.935 3701.961 3704.963 3705.158 3705.261 3705.574 3707.133 3711.185 3711.252 3707.723 3706.372 3706.084 3705.772 3705.563 3705.626 3706.25 3710.144 3707.086 3711.082 3711.67 3712.562 3712.657 3711.26 3711.38 3710.838 3685.603 3661.93 3637.443 3636.608 3624.086 3621.425 3601.85 3593.069 3581.919 3539.174 3486.211 3466.976 3470.091 3490.544 3491.275 3479.609 3451.194 3428.304 3417.323 3395.161 3371.37 3347.284
-9999 -9999 -9999 3669.738 3669.817 3671.252 3675.7 3678.835 3686.438 3698.252 3706.438 3706.549 3706.762 3706.569 3706.434 3706.282 3701.934 3696.873 3701.354 3703.545 3705.601 3705.679 3710.309 3710.629 3712.218 3716.291 3716.58 3711.992 3710.163 3710.027 3709.371 3708.966 3708.869 3709.634 3718.146 3710.204 3719.813 3720.336 3720.687 3721.215 3714.334 3712.394 3710.221 3685.516 3660.102 3622.965 3584.486 3569.024 3560.275 3568.825 3571.949 3567.383 3524.1 3495.637 3465.505 3444.132 3459.238 3457.287 3461.998 3449.8 3447.259 3426.73 3398.609 3381 3362.928
-9999 -9999 -9999 3678.129 3678.189 3678.087 3680.103 3682.475 3686.214 3691.045 3701.848 3707.217 3707.211 3706.942 3706.577 3706.293 3710.95 3706.363 3710.288 3708.167 3706.18 3709.314 3716.412 3716.528 3716.549 3716.78 3717.001 3717.267 3717.144 3717.357 3717.417 3717.091 3717.401 3719.035 3720.089 3719.938 3720.293 3720.923 3721.316 3721.856 3722.091 3712.939 3711.58 3692.657 3649.466 3601.932 3575.673 3542.859 3505.438 3498.966 3495.455 3492.046 3474.308 3460.93 3457.653 3448.94 3451.823 3443.906 3432.286 3430.557 3417.014 3419.152 3405.436 3392.754 3387.462
-9999 -9999 -9999 -9999 3681.683 3682.638 3681.273 3684.874 3687.426 3688.444 3695.313 3707.853 3707.673 3707.246 3706.8 3706.495 3716.674 3716.241 3716.277 3712.572 3709.314 3715.815 3717.249 3717.016 3716.899 3717.262 3717.495 3717.968 3718.021 3718.312 3718.941 3717.774 3719.024 3720.221 3720.637 3720.928 3720.9 3721.36 3721.711 3722.015 3722.301 3721.13 3719.512 3706.84 3679.864 3635.381 3603.107 3560.698 3526.974 3524.778 3518.976 3493.075 3478.48 3460.766 3464.966 3450.54 3435.811 3431.163 3413.503 3398.755 3387.471 3387.823 3383.633 3375.631 3374.894
-9999 -9999 -9999 -9999 3684.422 3685.292 3683.987 3686.351 3686.881 3688.363 3690.687 3703.343 3708.153 3707.531 3707.188 3706.947 3717.054 3717.156 3717.108 3717.055 3717.268 3717.762 3717.784 3717.447 3717.478 3717.918 3718.519 3719.213 3719.701 3719.892 3719.925 3719.021 3720.515 3721.085 3721.264 3721.597 3721.674 3721.891 3722.138 3722.622 3722.956 3723.003 3722.853 3717.397 3705.943 3668.576 3612.776 3559.505 3566.587 3548.792 3519.007 3491.707 3479.015 3453.927 3459.533 3452.613 3439.351 3435.493 3420.887 3395.424 3393.463 3369.644 3367.536 3357.589 3350.347
-9999 -9999 -9999 -9999 3687.07 3687.737 3687.412 3686.725 3683.73 3685.375 3688.615 3693.835 3703.712 3704.971 3705.609 3707.205 3716.191 3716.802 3717.372 3718 3718.518 3718.654 3718.287 3718.313 3718.501 3719.496 3720.58 3720.576 3720.828 3728.173 3721.346 3720.926 3721.534 3722.291 3722.115 3721.951 3722.578 3722.797 3723.013 3723.088 3723.342 3723.532 3723.983 3722.781 3717.372 3698.896 3638.784 3598.89 3579.652 3529.407 3504.787 3491.183 3471.437 3446.653 3443.57 3452.89 3454.31 3445.693 3436.715 3423.93 3409.352 3394.317 3397.037 3380.493 3371.003
-9999 -9999 -9999 -9999 3688.508 3689.199 3686.027 3685.182 3679.78 3679.841 3687.227 3687.706 3688.678 3694.713 3697.404 3707.69 3708.579 3708.809 3713.887 3719.465 3719.396 3719.135 3719.067 3719.02 3719.785 3720.942 3721.613 3721.589 3729.221 3724.061 3722.355 3722.177 3722.461 3722.895 3722.92 3722.819 3723.306 3723.708 3723.842 3723.699 3723.808 3724.104 3724.485 3724.688 3721.802 3716.457 3683.997 3646.553 3593.301 3533.099 3519.925 3504.953 3478.744 3466.87 3450.158 3447.735 3443.377 3430.904 3429.446 3425.104 3406.927 3420.36 3401.114 3390.928 3385.269
-9999 -9999 -9999 -9999 3689.793 3690.854 3685.043 3685.898 3681.22 3680.085 3679.282 3683.296 3689.16 3689.592 3690.267 3700.921 3710.29 3710.3 3715.218 3719.836 3719.73 3719.522 3719.72 3719.773 3720.693 3721.923 3722.587 3722.628 3725.804 3723.102 3723.293 3723.155 3723.191 3723.497 3723.666 3723.763 3724.018 3724.438 3724.601 3724.451 3724.531 3724.701 3725.029 3725.173 3725.204 3720.409 3716.161 3667.335 3632.987 3584.521 3539.836 3506.719 3495.462 3493.974 3489.306 3464.24 3441.893 3434.092 3414.796 3430.922 3424.112 3429.216 3414.362 3414.071 3393.541
-9999 -9999 -9999 -9999 -9999 3695.399 3693.609 3689.296 3690.376 3688.161 3680.346 3680.801 3687.195 3690.814 3690.537 3700.987 3704.894 3713.691 3719.283 3720.393 3720.46 3720.254 3720.399 3720.515 3721.595 3722.838 3723.387 3723.386 3723.611 3723.796 3723.937 3723.947 3723.826 3724.143 3724.372 3724.669 3724.845 3725.033 3725.307 3725.235 3725.311 3725.441 3725.726 3725.878 3725.996 3726.051 3718.621 3705.59 3656.048 3584.571 3531.696 3515.485 3521.279 3522.749 3509.965 3493.435 3465.231 3449.184 3432.78 3420.415 3419.764 3424.324 3425.584 3410.179 3397.449
-9999 -9999 -9999 -9999 -9999 3691.363 3697.549 3699.469 3690.709 3690.586 3689.73 3689.847 3691.202 3698.011 3698.599 3702.321 3709.045 3715.223 3721 3721.208 3717.085 3716.618 3716.556 3718.684 3722.968 3723.733 3724.197 3724.099 3724.386 3724.367 3724.524 3724.626 3724.504 3724.842 3725.178 3725.547 3725.728 3725.683 3727.513 3728.26 3728 3726.441 3726.544 3726.634 3726.777 3726.947 3726.826 3715.487 3675.703 3594.625 3556.793 3541.222 3555.882 3567.395 3549.914 3511.721 3487.287 3458.982 3440.451 3436.837 3443.622 3435.41 3430.782 3412.666 3403.752
-9999 -9999 -9999 -9999 -9999 3691.759 3693.309 3700.635 3699.133 3699.492 3699.65 3699.976 3699.653 3707.468 3708.455 3708.896 3710.624 3710.915 3720.392 3719.111 3714.384 3714.166 3714.903 3720.296 3724.206 3724.451 3725.022 3724.9 3725.072 3725.052 3725.315 3725.282 3725.296 3725.745 3726.142 3726.237 3726.544 3726.548 3733.833 3737.165 3737.083 3727.935 3727.589 3727.216 3727.253 3727.167 3727.398 3725.588 3706.492 3665.67 3637.007 3634.515 3602.282 3561.081 3539.47 3513.241 3502.312 3477.492 3450.216 3455.295 3436.122 3436.209 3434.776 3425.424 3424.795
-9999 -9999 -9999 -9999 -9999 3692.66 3698.158 3702.427 3696.754 3702.631 3702.999 3703.703 3703.594 3707.523 3708.17 3708.512 3707.397 3706.498 3719.266 3717.079 3718.304 3715.097 3717.43 3724.811 3724.926 3725.129 3725.688 3725.718 3725.835 3725.881 3726.071 3726.064 3726.113 3726.535 3727.097 3727.659 3727.723 3727.719 3735.238 3737.826 3738.014 3737.352 3737.141 3732.204 3727.737 3727.537 3727.966 3726.577 3716.396 3697.602 3654.102 3604.798 3568.592 3538.731 3524.469 3512.102 3512.726 3500.954 3483.485 3449.126 3445.431 3432.751 3437.009 3450.072 3498.638
-9999 -9999 -9999 -9999 -9999 3693.336 3697.005 3698.393 3698.97 3698.301 3698.965 3702.38 3704.378 3704.423 3700.477 3701.56 3705.031 3705.424 3717.069 3719.918 3725.749 3718.367 3718.748 3725.795 3725.681 3726.115 3726.246 3726.581 3726.568 3726.84 3726.96 3726.836 3727.082 3726.965 3728.872 3737.73 3737.781 3737.604 3738.509 3738.47 3738.655 3738.51 3738.48 3733.081 3728.367 3728.208 3728.462 3728.128 3723.367 3710.666 3678.17 3610.098 3556.254 3530.911 3516.381 3495.843 3491.967 3490.238 3495.761 3456.793 3466.511 3461.12 3481.864 3505.158 3546.27
-9999 -9999 -9999 -9999 -9999 3692.015 3694.24 3694.438 3699.392 3694.532 3694.861 3701.138 3705.154 3705.163 3698.208 3699.701 3705.851 3705.684 3713.358 3724.407 3727.427 3725.376 3720.634 3726.652 3726.719 3726.96 3726.97 3726.993 3727.213 3727.371 3727.637 3727.809 3727.953 3728.464 3737.689 3739.201 3739.337 3739.389 3739.332 3739.125 3739.395 3739.624 3739.314 3737.258 3730.751 3728.97 3729.164 3729.246 3727.84 3719.914 3702.479 3649.695 3583.507 3542.158 3519.89 3492.422 3475.568 3475.002 3483.336 3506.676 3509.875 3506.23 3518.264 3527.339 3500.603
-9999 -9999 -9999 -9999 -9999 -9999 3695.666 3693.389 3694.516 3695.963 3696.696 3700.374 3705.139 3705.795 3705.515 3706.146 3707.595 3707.941 3714.599 3717.954 3727.593 3727.381 3727.358 3727.494 3727.62 3727.974 3728.117 3728.09 3728.095 3728.307 3728.558 3728.518 3728.996 3729.876 3739.592 3739.878 3740.154 3740.054 3734.593 3733.528 3740.286 3740.454 3737.579 3734.214 3730.715 3729.672 3729.775 3728.941 3725.244 3722.462 3713.126 3686.319 3628.021 3574.165 3534.867 3510.203 3488.645 3506.99 3509.371 3546.295 3532.709 3503.05 3471.254 3456.579 3440.397
-9999 -9999 -9999 -9999 -9999 -9999 3695.747 3691.609 3694.141 3699.97 3702.092 3697.517 3704.705 3706.327 3706.185 3708.964 3716.667 3722.362 3720.206 3718.847 3720.248 3728.249 3728.371 3728.524 3728.5 3728.831 3728.953 3728.95 3728.965 3729.313 3729.584 3729.479 3729.875 3737.04 3740.492 3740.666 3740.873 3736.882 3731.622 3736.502 3741.175 3741.067 3736.334 3730.96 3730.653 3730.519 3730.485 3728.303 3720.556 3722.358 3718.741 3708.075 3667.039 3618.525 3562.304 3543.591 3531.344 3569.629 3590.609 3495.104 3446.986 3449.222 3460.759 3458.893 3442.257
