Dropbox/GRP Data/GRP mammal paper/NN_analysis/DATA/2014 input files/la_h_bio_1.asc
ncols         272
nrows         166
xllcorner     -214329.5541171
yllcorner     212687.1820549
cellsize      821.1860311
NODATA_value  -9999
[rows 39 to 77 of 166, columns 88 to 175 of 272]
-9999 -9999 -9999 -9999 -9999 -9999 -9999 -9999 -9999 -9999 -9999 -9999 -9999 -9999 -9999 -9999 -9999 -9999 -9999 -9999 -9999 -9999 -9999 -9999 -9999 -9999 -9999 -9999 -9999 -9999 -9999 -9999 -9999 981 945 945 949 938 927 913 903 906 912 908 910 898 904 906 904 905 905 900 891 868 869 876 871 855 852 847 840 839 839 837 833 832 834 827 830 834 838 840 846 835 817 794 749 740 735 717 705 705 699 690 676 657 646 662
-9999 -9999 -9999 -9999 -9999 -9999 -9999 -9999 -9999 -9999 -9999 -9999 -9999 -9999 -9999 -9999 -9999 -9999 -9999 -9999 -9999 -9999 -9999 -9999 -9999 -9999 -9999 -9999 -9999 -9999 -9999 976 972 966 939 927 911 891 908 900 888 895 905 902 894 882 888 884 892 897 899 858 853 844 851 870 866 859 853 851 843 841 841 837 838 835 836 833 837 845 849 847 846 829 805 787 744 745 732 707 697 690 684 675 665 649 629 648
-9999 -9999 -9999 -9999 -9999 -9999 -9999 -9999 -9999 -9999 -9999 -9999 -9999 -9999 -9999 -9999 -9999 -9999 -9999 -9999 -9999 -9999 -9999 -9999 -9999 -9999 -9999 -9999 965 971 964 955 954 951 922 911 881 863 886 882 877 879 884 885 879 873 874 874 882 886 878 823 802 826 851 848 856 853 846 830 837 839 837 832 837 835 833 834 833 839 841 837 834 822 798 771 740 745 731 698 684 672 669 653 636 636 625 619
-9999 -9999 -9999 -9999 -9999 -9999 -9999 -9999 -9999 -9999 -9999 -9999 -9999 -9999 -9999 -9999 -9999 -9999 -9999 -9999 -9999 -9999 -9999 -9999 -9999 -9999 993 931 938 944 939 932 934 928 894 882 867 854 864 870 862 860 860 863 867 866 867 866 869 870 861 812 781 812 851 829 827 833 829 804 814 820 818 816 827 828 826 825 824 825 816 810 809 808 794 754 740 748 741 704 672 653 654 620 586 591 623 606
-9999 -9999 -9999 -9999 -9999 -9999 -9999 -9999 -9999 -9999 -9999 -9999 -9999 -9999 -9999 -9999 -9999 -9999 -9999 -9999 -9999 -9999 -9999 998 1002 1025 1020 937 933 926 921 914 910 905 881 863 850 844 848 858 851 847 846 850 859 861 860 859 858 858 851 823 794 798 838 825 806 816 808 796 792 790 790 796 814 811 810 813 812 806 775 767 767 784 771 740 749 750 742 712 652 642 645 626 550 523 596 640
-9999 -9999 -9999 -9999 -9999 -9999 -9999 -9999 -9999 -9999 -9999 -9999 -9999 -9999 -9999 -9999 -9999 -9999 -9999 -9999 -9999 997 996 993 1008 1029 1011 946 934 919 911 903 895 890 881 859 836 832 839 846 844 840 840 846 851 852 850 855 854 849 843 837 816 796 822 816 821 816 789 785 783 782 780 783 782 780 779 799 790 779 753 739 763 764 769 762 745 736 733 709 647 644 643 627 551 499 590 660
-9999 -9999 -9999 -9999 -9999 -9999 -9999 -9999 -9999 -9999 -9999 -9999 -9999 -9999 -9999 -9999 -9999 -9999 984 985 988 991 992 991 999 1024 996 950 928 912 903 895 890 881 878 858 829 821 828 830 831 833 834 840 841 835 835 845 847 840 836 831 824 811 806 807 796 804 798 771 765 765 776 792 788 784 771 757 750 738 752 745 755 761 761 740 732 727 716 694 657 643 636 631 561 518 593 654
-9999 -9999 -9999 -9999 -9999 -9999 -9999 -9999 -9999 -9999 -9999 -9999 -9999 -9999 -9999 -9999 1024 977 978 977 980 983 987 989 984 1017 987 954 917 902 894 888 883 873 867 848 821 809 806 802 812 825 824 831 832 826 814 819 827 828 824 825 820 810 804 801 796 794 789 766 766 764 757 774 785 781 767 754 745 735 744 750 747 747 741 734 717 710 693 646 654 634 635 628 589 530 595 648
-9999 -9999 -9999 -9999 -9999 -9999 -9999 -9999 -9999 -9999 -9999 -9999 -9999 999 973 1026 1024 987 971 969 972 975 979 982 981 1017 976 963 913 894 886 880 874 869 855 837 817 805 799 793 806 813 807 811 804 797 783 804 814 793 781 797 814 815 805 795 792 789 783 775 756 748 749 749 754 755 753 747 742 739 750 760 746 737 739 731 712 698 680 625 644 638 636 627 613 566 601 651
-9999 -9999 -9999 -9999 -9999 -9999 -9999 -9999 -9999 -9999 -9999 968 977 994 1004 1004 1029 1005 965 962 963 965 970 974 974 1013 990 980 914 888 880 873 870 865 854 829 809 797 788 784 789 798 796 782 765 743 753 781 777 742 726 739 773 793 789 788 783 782 777 771 755 744 741 740 744 747 746 743 733 733 742 758 751 736 726 726 708 684 657 624 640 641 637 630 628 593 601 636
-9999 -9999 -9999 -9999 -9999 -9999 -9999 -9999 933 951 956 962 966 986 1001 984 1023 1003 964 953 954 955 960 967 968 987 1002 989 922 886 876 871 867 864 853 822 797 788 782 775 775 776 772 762 750 735 747 757 748 709 683 697 738 765 770 779 780 774 770 768 756 746 742 741 741 743 738 736 726 724 728 743 747 729 711 714 700 669 634 631 641 641 636 636 635 605 599 614
-9999 -9999 -9999 -9999 -9999 -9999 903 913 923 941 951 957 972 984 1001 1005 1014 1014 968 945 948 951 963 970 973 982 1005 988 922 885 874 868 863 859 848 819 793 782 773 763 760 760 756 751 743 732 740 750 732 691 661 682 724 754 755 765 771 765 756 759 751 744 741 738 734 734 730 731 726 720 722 726 727 708 702 700 690 651 621 637 640 641 635 638 637 615 605 609
-9999 -9999 -9999 -9999 882 890 893 899 918 936 946 949 961 959 977 1001 1012 1023 970 946 947 950 958 965 972 978 987 979 932 877 863 859 854 849 846 824 793 775 765 756 750 748 746 744 738 729 728 746 726 686 665 691 729 754 747 754 759 754 742 745 735 729 716 719 723 721 723 730 721 719 720 717 708 684 685 686 681 639 618 637 639 638 641 639 638 614 610 609
-9999 841 850 859 866 878 887 891 898 909 920 915 895 868 922 990 1006 1022 973 940 942 946 953 960 971 976 977 976 935 878 859 854 848 844 842 826 794 771 760 752 744 742 738 738 733 726 717 728 731 711 704 721 739 745 738 747 747 748 735 730 717 704 679 693 712 714 718 725 706 716 713 717 703 666 657 665 674 650 637 639 638 643 647 647 646 616 614 614
821 817 821 836 841 845 867 884 877 825 824 828 834 836 881 946 986 997 1001 962 940 943 949 954 968 976 975 971 921 870 856 847 842 840 837 828 797 769 757 748 740 738 734 734 730 723 711 705 727 734 732 736 731 718 717 729 738 747 728 711 709 687 678 703 713 722 721 705 717 727 715 697 683 638 629 661 671 658 641 638 637 636 649 665 662 620 616 628
811 812 814 826 829 836 856 873 835 770 721 721 793 842 870 902 931 953 999 995 945 941 944 950 965 973 972 964 908 858 851 840 834 832 831 827 803 768 753 744 737 733 730 731 728 721 710 700 693 685 684 685 691 695 697 692 721 729 711 687 678 686 674 702 711 696 690 714 717 722 713 703 697 674 658 665 665 660 641 651 640 633 648 669 662 622 625 619
810 807 812 822 822 829 842 840 790 757 685 662 765 846 865 881 888 917 978 1014 966 946 948 949 961 969 967 960 908 854 845 835 828 824 822 822 811 772 748 740 733 729 726 728 725 718 707 700 695 687 689 690 689 687 688 686 696 701 701 681 676 668 673 701 703 665 632 676 697 713 716 697 704 679 656 650 662 669 652 656 647 648 662 673 666 651 628 622
823 806 808 817 818 818 813 790 769 767 728 707 772 840 858 873 875 899 967 1012 989 966 966 957 963 967 965 958 909 852 838 831 825 818 817 817 815 783 747 738 731 725 722 722 724 716 706 701 699 691 689 686 688 691 690 686 686 679 678 672 667 665 668 688 700 675 644 669 686 683 709 701 707 673 660 662 666 661 660 664 665 667 671 674 673 674 660 648
833 809 800 806 800 783 760 748 757 770 781 789 802 832 851 861 867 892 959 998 990 989 986 978 978 968 966 954 905 848 832 827 820 817 815 811 810 800 746 735 729 723 719 714 716 711 705 702 697 692 690 687 687 689 682 687 680 676 669 668 663 659 661 669 673 662 651 657 667 664 678 671 676 665 655 660 659 655 661 665 674 675 673 671 677 684 688 680
833 808 788 788 765 728 693 703 728 750 779 793 806 828 844 854 862 886 955 959 978 980 979 981 977 961 956 945 903 848 824 820 817 812 811 808 805 800 747 734 727 720 716 712 709 704 698 695 689 686 682 680 680 681 679 676 666 660 657 660 652 640 644 646 649 651 653 652 656 650 648 642 645 653 646 652 655 659 662 665 672 674 676 672 679 685 694 699
829 800 776 771 729 681 620 614 684 725 767 784 803 824 839 847 859 880 949 941 943 956 954 944 947 955 945 935 889 838 813 812 810 806 800 799 798 796 749 731 724 718 714 710 704 699 692 689 683 680 677 676 677 675 672 668 655 637 645 654 644 623 626 624 629 638 645 647 646 637 633 632 635 640 641 652 661 666 667 669 670 673 680 673 673 676 691 703
822 794 766 748 700 584 472 581 636 657 717 749 785 810 820 829 841 854 872 931 941 899 864 886 927 935 935 926 876 830 798 794 793 790 785 784 785 787 757 731 718 715 712 708 702 696 689 686 682 679 678 677 677 672 662 662 642 616 634 651 642 615 614 612 614 617 624 634 630 627 626 628 632 635 640 654 663 668 669 670 669 673 678 656 650 654 678 704
811 779 756 729 676 506 438 465 549 627 687 745 768 779 806 815 828 838 846 864 919 884 843 873 915 908 918 916 878 820 793 779 779 777 774 771 770 773 761 741 721 716 711 706 700 695 689 684 684 682 681 679 677 671 651 655 628 602 622 641 636 609 608 609 608 607 609 621 618 622 625 627 632 637 646 657 663 668 671 670 670 676 679 669 645 639 674 704
777 768 749 733 681 583 501 514 561 633 699 739 763 768 766 750 806 827 844 847 904 896 883 884 892 903 909 908 885 812 784 772 771 770 769 763 758 758 758 750 734 726 717 703 698 696 690 685 685 682 681 676 666 662 644 651 630 608 611 624 621 603 606 606 605 605 607 611 615 615 619 625 634 641 645 653 663 670 671 672 670 673 679 679 682 673 680 702
725 776 758 736 687 633 622 622 636 673 708 734 742 761 753 750 799 820 860 858 887 890 895 889 878 905 905 903 890 813 775 768 764 763 762 755 749 747 749 748 743 737 730 706 700 698 691 686 683 679 679 659 636 635 641 639 628 624 624 623 618 597 602 604 603 603 605 608 610 615 619 624 631 645 649 649 652 659 662 672 670 673 680 685 688 688 693 698
717 768 752 715 682 663 666 668 679 712 735 744 741 750 756 773 796 823 862 870 875 872 874 881 878 895 901 901 895 826 774 764 759 753 750 745 740 737 739 740 740 737 730 710 701 697 687 678 679 676 674 655 640 631 638 616 607 596 592 591 597 595 599 601 602 602 605 608 611 615 621 622 628 644 647 645 649 656 657 668 669 674 682 686 689 696 698 705
744 761 741 698 687 697 695 694 703 727 747 756 751 744 764 789 804 829 850 877 874 868 865 869 875 880 898 900 898 845 771 762 755 747 740 736 732 730 731 734 735 733 730 714 702 697 685 671 677 673 666 645 635 631 634 614 612 607 604 601 597 595 598 599 598 596 597 599 605 615 623 627 632 640 643 639 652 661 656 667 667 671 679 678 686 695 700 711
749 744 721 690 701 719 719 720 727 732 738 755 758 758 782 811 828 828 855 872 867 863 862 866 870 874 893 898 898 837 774 766 757 746 738 731 729 727 729 732 732 728 722 720 712 695 679 665 669 672 661 639 631 619 621 620 617 614 609 604 597 595 591 581 579 583 587 589 596 610 621 626 632 633 636 635 644 643 653 663 665 667 672 669 682 692 700 717
733 723 693 677 696 711 708 730 746 751 751 755 774 783 788 797 803 828 837 844 843 843 853 864 869 873 892 896 895 854 782 764 750 740 732 729 726 725 726 727 726 724 721 720 715 700 675 663 659 652 653 641 634 627 625 624 621 618 611 602 592 587 587 585 585 595 594 598 601 607 614 622 628 629 634 637 644 638 644 653 665 664 667 665 680 689 698 721
732 719 680 663 670 706 710 754 770 776 774 768 769 767 776 777 796 805 820 820 821 835 845 858 866 869 871 879 892 885 826 768 749 738 731 728 724 718 719 721 721 718 714 711 709 701 683 673 658 645 641 630 627 629 627 623 620 617 612 601 585 592 595 598 613 612 610 618 617 611 610 618 621 627 636 640 656 656 642 640 664 663 665 663 673 683 696 719
740 723 700 674 708 725 714 717 764 785 791 787 783 764 768 773 793 815 810 798 813 828 834 843 846 855 864 873 877 856 835 790 754 745 737 729 719 715 714 715 715 711 707 704 702 697 679 669 649 644 633 617 616 620 622 619 616 613 610 603 581 605 604 611 635 611 614 635 624 619 610 615 617 623 632 637 656 655 664 629 661 659 654 654 658 668 696 717
780 752 756 749 746 735 721 709 717 756 789 788 785 760 748 759 793 815 804 793 804 818 827 829 832 847 851 850 850 827 815 786 756 747 741 729 715 713 710 709 708 703 701 697 690 687 666 655 638 641 632 616 609 610 613 614 613 611 607 604 584 604 603 630 642 613 608 650 616 619 612 619 622 617 628 633 657 669 668 630 658 653 655 648 679 675 696 715
750 743 766 774 764 735 725 706 705 713 746 779 778 763 763 778 800 812 799 790 799 808 820 822 812 825 833 830 821 816 800 776 759 749 743 727 715 711 707 704 700 695 694 687 673 672 662 649 639 640 634 621 606 602 603 607 608 607 605 602 589 596 609 635 656 646 634 651 619 622 616 622 623 625 636 635 626 629 627 631 652 655 654 674 680 685 709 717
764 761 776 780 769 743 731 714 705 698 737 773 753 740 776 799 808 810 794 787 793 797 800 799 794 795 806 807 804 784 762 744 740 744 740 723 715 707 703 700 693 687 683 674 662 658 653 644 638 640 636 619 606 601 594 594 596 601 603 600 592 591 606 630 661 653 655 622 627 614 618 625 627 627 632 640 640 636 630 629 637 650 659 671 679 691 715 726
810 790 785 779 770 751 741 725 714 702 742 766 750 747 785 805 807 803 788 781 784 784 778 772 781 778 778 778 796 726 683 681 684 715 720 712 706 695 695 691 686 678 670 663 659 654 646 645 644 645 643 631 623 622 614 601 606 604 595 597 595 591 607 619 631 630 627 628 614 613 622 627 629 630 634 639 642 637 660 658 667 670 662 673 683 705 722 732
823 804 789 777 768 753 745 731 723 716 740 751 759 770 787 798 796 792 784 775 772 770 769 773 767 773 766 766 778 712 633 659 652 668 681 693 691 678 679 684 681 675 665 652 640 621 615 642 642 643 636 623 625 681 690 691 660 606 593 595 596 592 601 618 620 626 621 618 611 616 625 629 633 633 634 637 637 660 641 656 662 669 681 673 684 721 731 738
829 807 787 774 764 751 741 729 724 724 728 732 751 763 773 787 785 784 784 778 763 760 760 781 749 754 750 757 772 691 548 594 637 620 609 626 657 653 659 677 674 662 649 628 623 611 605 611 628 627 616 611 622 691 684 703 669 614 594 594 597 600 605 609 606 610 612 609 615 621 627 629 632 634 634 637 632 673 612 616 632 651 691 678 685 728 738 744
841 811 791 776 761 752 738 726 721 713 709 715 731 740 751 770 779 777 777 781 775 771 774 763 701 706 721 751 745 675 582 610 635 631 627 591 613 639 647 668 660 649 622 605 601 598 593 600 602 603 603 602 603 630 647 642 633 617 598 596 602 607 611 612 611 613 615 614 622 625 627 628 630 633 634 637 635 661 621 609 634 649 685 693 688 729 743 750
852 834 820 795 769 753 733 726 722 708 693 697 683 678 688 721 767 767 770 751 718 738 733 697 641 652 677 712 727 683 608 606 602 558 549 583 579 622 631 649 643 626 592 585 591 589 582 586 586 596 591 594 600 598 625 604 613 611 599 599 606 611 616 620 623 625 627 625 625 623 623 626 625 631 634 636 641 644 652 654 673 671 683 702 692 733 748 752
