Dropbox/GRP Data/GRP mammal paper/NN_analysis/DATA/2014 input files/la_h_bio_12.asc
ncols         272
nrows         166
xllcorner     -214329.5541171
yllcorner     212687.1820549
cellsize      821.1860311
NODATA_value  -9999
[rows 58 to 86 of 166, columns 195 to 259 of 272]
54230.18 52712.96 51047.13 47771.94 43065.03 39613.5 37990.16 37197.78 36686.74 36473.25 35088.15 34765.7 34268.3 33477.55 32853.49 32059.72 31772.6 31677.35 32203.39 33158.96 33562.13 33860.68 33500.56 32575.87 31521.75 30266.29 28910.66 28383.39 28286.57 28315.13 28072.59 27857.77 27834.49 28406.18 29413.08 31580.49 33805.9 34155.71 33913.59 33899.86 33910.48 33439.79 32806.34 32065.4 31262.89 30421.07 28893.11 27332.29 26392.43 25598.31 24583.41 24248.92 24308.58 24201.28 24048.55 24144.24 24139.1 24480.39 25593.63 26889.06 27676.77 27772.83 27591.46 28131.31 28293.4
55068.18 53803.68 53283.7 52168.27 47230.06 41907.47 38814.66 37580.15 36830.28 36543.95 35192.7 34982.16 34640.55 33953.02 33229.79 32527.7 32323.16 32316.17 33359.75 34568.18 34729.23 34645.62 33922.35 32732.29 31740.79 30544.26 29107.98 28861.84 28769.88 28779.04 28546.9 28234.61 27994.91 28432.29 29028.69 30637.72 32710.85 34057.61 33643.17 33119.38 33092.28 32852.14 32352.32 31954.76 31707.55 31466.79 30207.52 28324.35 26909.21 25784.22 24757.38 24315.38 24129.11 23938.37 23939.39 23804.84 23922.13 24201.85 24953 26009.35 26843.48 27093.13 27241.49 28008.02 28565.31
55881.72 54890.42 55991.58 56441.12 52522.47 44698.68 39375 37660.23 36978.52 36009.34 35362.77 34920.36 34451.61 34150 33499.22 32910.04 32791.41 32927.53 34139.29 35229.2 35359.87 35183.82 34344.56 32623.41 31545.92 30387.56 29426.02 28976.53 29043.09 29148.05 28888.73 28617.66 28418.87 28291.73 28549.45 29323.71 30726.31 31929.39 32154.41 31805.52 32076.91 32258.12 32572.39 32538.99 32727.74 32468.83 31164.71 29303.63 27894.45 26514.15 24939.35 24362.22 23827.24 23715.34 23550.44 23495.44 23482.27 23585.79 24213.09 25181.86 25866.94 26145.15 26814.59 27582.71 28516.63
56526.03 55685.78 56814.57 56717.76 53890.11 46832.05 40812.12 38302.14 37071.32 35844.56 35225.18 34828.89 34376.07 33841.96 33276.33 32956.37 33072.31 33080.29 34148.55 34982.82 35346.62 35098.77 34147.71 32563.77 31484.15 30511.93 29597.29 29209.54 29197.66 29393.41 29222.8 28770.93 28328.16 28100.23 28063.8 28326.93 29301.49 30308.4 31379.84 31440.78 31727.99 32202.56 33074.16 33765.86 33934.86 33347.17 31825.85 29867.33 28287.25 26889.88 25173.14 24316.34 23750.21 23527.5 23397.02 23234.4 23184.99 23216.29 23636.99 24344.06 24949.66 25498.79 26230.95 27273.11 28333.66
56219.52 56227.12 57528.77 56534.47 54253.88 48370.19 42761.41 39838.69 37710.13 35937.52 35030.06 34662.54 34039.9 33574.7 33122.27 32950.42 32932.81 33008 33718.66 34632.77 34854.62 34534.34 33684.29 32251.88 31077.36 30181.2 29575.47 29326.32 29289.22 29434.71 29156.15 28896.28 28354.5 27838.08 27649.16 27539.17 27881.47 28631.29 30185.39 31141.84 31512.83 32338.82 33513.62 34446.04 34449.06 33705.61 32028.76 29950.37 28298.67 26947.62 25323.77 24176.33 23687.97 23437.46 23335.75 23043.65 22925.54 22992.78 23196.23 23711.9 24318.08 25046.5 25861.69 26954.36 27966.08
55542.18 56466.03 57465.98 56504.75 54303.18 49087.74 43641.49 41004.69 38431.27 36416.06 35295.1 34647.82 34049.42 33513.78 33117.23 32845.59 32638.23 32593.08 33102.58 33920.68 33998.3 33557.64 32860.18 31626.55 30525.73 29815.37 29307.16 29186.88 29235.71 29418.21 29143.96 29044.88 28343.53 27624.45 27264.09 26817.96 26717.26 27251.13 29025.62 30873.85 31395.52 32284.09 33369.68 34247.95 34277.1 33433.54 31829.69 29811 28245.29 26968.52 25212.71 24106.36 23460.42 23201.97 23106.66 22903.05 22791.55 22804.67 22943 23285.97 23889.19 24706.66 25581.2 26669.37 27599.42
54771.72 56589.6 56458.29 55389.64 53360.58 49047.89 43846.64 41404.12 38976.84 37023.64 35601.78 34752.29 34211.41 33613.73 33210.48 32753.92 32414.83 32166.96 32482.05 32957.49 32907.34 32445.32 31768.04 30892.61 30058.72 29643.15 29193.08 29191.35 29275.9 29447.19 29457.19 29233.05 28425.88 27701.25 27001.28 26282.95 25924.91 26262.46 27994.81 30179.99 31046.83 31742.24 32498.32 33376.88 33630.1 32815.56 31398.46 29577.28 28144.82 26882.26 25045.51 24060.28 23190.65 22945.19 22829.37 22797.06 22692.89 22567.68 22738.79 22892.98 23380.75 24215.84 25084.93 26244.54 27123.77
53983.71 56805.21 55890.36 54441.13 52673.88 49087.9 44071.63 41493.5 39334.96 37346.34 35696.46 34820.51 34302.63 33766.22 33378.38 32770.78 32329 31991.51 32002.43 32058.08 31892.22 31481.63 30830.1 30335.09 29878.57 29670.93 29518.46 29552.11 29580.84 29695.06 29957.88 29648.18 28895.35 28025.88 26925.22 25968.28 25325.06 25418.54 26746.73 28607.82 29931.66 30533.26 31087.44 31964.2 32453.34 32069.41 30806.98 29272.75 27997.66 26591.12 24983.85 23849.65 23069.36 22899.31 22713.37 22679.05 22518.18 22342.85 22426.13 22496.07 22737.14 23397.83 24235.63 25294.94 26180.74
53068.99 56569.18 55699.67 54225.34 52530.98 49156.79 44361.6 41560.31 39450.46 37310.14 35696.85 34773.63 34351.45 33896.26 33553.23 32860.88 32301.27 31930.48 31647.13 31403.91 31189.71 30789.66 30398.54 30128.83 30096.4 30013.78 30091.76 30011.79 30105.64 30401.63 30510.89 30443.32 29590.71 28287.84 26991.87 25697.47 24912.95 24785.44 25573.31 26821.27 28116.4 28725.7 29282.32 29981.38 30694.12 30984.35 30068.54 29063.82 28033.77 26470.39 24701.93 23615.41 23035.52 22714.04 22534.3 22458.89 22519.46 22371.54 22239.12 22323.62 22336.14 22635.05 23081.13 23832.28 24811.21
52005.3 55576.42 54639.38 53238.15 51349.03 48384.23 44534.45 41355.65 39207.58 37266.08 35638.8 34685.71 34299.56 34008.3 33589.24 32959.55 32229.45 31779.28 31180.41 31075.79 30525.47 30396.32 30255.19 30221.5 30423.76 30678.41 30842.27 30817.32 31188.41 31440.83 31336.41 31109 30138.58 28839.12 27516.49 25897.38 24782.95 24406.14 24713.67 25575.54 26436.16 26935.74 27340.55 27954.99 28989.75 29651.15 29675.35 28839.96 27810.56 26323.18 24994.88 24033.26 23276.2 22565.77 22393.24 22326.73 22226.04 22208.89 22218.98 22178.73 22035.82 21882.8 21881.37 22650.02 -9999
51033.13 55780.11 55300.57 53282.38 51380.2 48585.39 45109.9 41555.66 38982.44 37261.65 35650.88 34727.24 34298.57 34108.05 33809.05 33109.09 32278.39 31800.25 31048.42 30578.67 30189.07 30255.77 30129.68 30327.32 30653.22 31011.83 31700.6 32199.48 32452.73 32484.81 32567.18 32043.58 31145.8 29773.55 28014.76 26313.96 24942.12 24227.02 24346.68 24858.84 25177.22 25528.53 26199.56 26815.68 27590.97 28499.73 28748.73 28286.32 27588.45 26490.52 25526.24 24678.65 23869.98 23185.9 22663.74 22368.52 22493.89 22658.27 22674.05 22703.03 22464.71 22021.24 21701.04 21830.6 -9999
48774.55 53544.14 53078.21 51757.78 49726.2 47134.66 44437.71 41593.64 39099.34 37537.53 35985.94 34945.79 34544.77 34181.14 34013.68 33242.52 32688.25 31812.74 30896.87 30414.03 30035.82 29887.75 29924.75 30258.59 30820.21 31307.71 32027.52 32658.66 33089.72 32981.96 32902.11 32393.51 31380.69 30132.79 28395.65 26817.96 24893.76 23826.37 23713.43 24067.49 24221.16 24586.58 24959.56 25525.11 26506.02 27271.64 27918.95 27723.08 27493.82 26784.14 26316.96 25680.66 24899.66 24007.04 23362.78 23147.2 22915.12 23143.79 23317.57 23445.85 22990.34 22319.68 21864.37 -9999 -9999
46945.12 50898.45 51684.78 50505.5 48604.96 46617.51 44750.87 42562.76 39785.64 38195.36 36615.88 35427.16 34761.35 34516.44 34122.47 33512.75 33013.36 32182.19 31242.8 30705.83 29894.72 29627.98 29780.79 30054.8 30668.26 31271.44 32053.77 32681.1 33041.34 32833.56 32679.83 31962.44 31062.13 29823.2 28402.14 26914.19 24867.99 23551.75 23301.92 23456.82 23571.56 23777.98 24071.63 24555.98 25425.98 26269.89 26792.48 27149.31 27090.88 26783.25 26602.48 26348.39 25540.55 24847.21 24321.27 24047.36 23745.42 24044.91 24115.77 24028.11 23546.99 22919.58 -9999 -9999 -9999
46329.87 48999.84 50597.09 48979.83 47324.15 45728.38 44390.51 42977.82 40942.43 38847.4 37486.36 36243.46 35283 34726.66 34328.89 33929.1 33708.82 33048.85 32097.39 31071.73 29991.85 29583.98 29716.01 29910.44 30458.43 30969.44 31584.55 32152.87 32269.41 31908.93 31680.16 30930.07 30067.17 29029.02 28012.91 26725.31 24824.28 23367.05 22964.25 22987.58 23116.36 23128.59 23453.29 23769.27 24447.81 25221.06 26002.93 26528.3 26592.78 26453.82 26417.24 26333.76 25992.07 25681.47 25241.8 24761.24 24499.55 24716.03 24781.29 24730.83 24311.11 -9999 -9999 -9999 -9999
45882.16 47364.46 48452.13 47350.33 45890.05 44486.87 43558.26 42853.9 41421.29 39612.93 38422.23 37075.29 36025.64 35109.16 34543.06 34212.29 34163.62 33927.59 33067.6 31592.91 29924.38 29457.27 29654.29 29725.43 30087.88 30418.73 30759.1 31061.38 30957.51 30736.97 30472.82 29578.65 28653.72 27557.78 26611.15 25688.16 24412.51 23219.34 22750.23 22712.66 22686.05 22456.27 22757.64 23094.07 23723.44 24436.09 25319.23 25815.96 26050.05 25976.01 26077.23 26008.98 26092.01 26097.22 25901.98 25304.29 24855.03 24950.35 25049.94 25235.07 -9999 -9999 -9999 -9999 -9999
45526.23 45221.19 45157.04 44675.96 43464.01 42503.4 42139.83 41824.51 41200.52 40198.43 39155.55 37982.63 36869.26 35843.54 34777.54 34427.85 34326.02 34395.48 33669.51 32219.91 30062.48 29374.34 29602.47 29466.76 29557.65 29751.82 29831.87 29819.46 29620.4 29546.61 29245.01 28209.87 27221.48 26061.1 25070.51 24405.75 23698.05 22994.61 22435.53 22312.34 22097.99 21705.45 21896.29 22517.16 23218.75 23880.53 24543.89 25096.04 25442.25 25445.79 25661.28 25732.75 25821.84 25987.91 26010.7 25453.94 24827.8 24851.3 25017.13 -9999 -9999 -9999 -9999 -9999 -9999
44017.64 42380.34 41564.91 41248.37 40504.72 40162.88 40315.62 40606.2 40773.27 40361.95 39596.55 38851.93 37824.71 36748.15 35345.67 34592.63 34265.02 34250.26 33675.08 32446.33 30388.9 29423.82 29518.06 29109.35 28923.59 29010.24 28931.21 28817.29 28533.12 28309.22 27946.94 26989.47 25983.19 25130.67 24252.19 23612.76 22946.5 22454.99 21808.13 21471.91 21283.47 20962.47 21063.32 21872.63 22711.61 23266.48 23861.75 24443.34 24787 24890.31 25107.71 25401.98 25482.2 25695.2 25563.01 25062.58 24608.77 24558.66 24935.61 -9999 -9999 -9999 -9999 -9999 -9999
41296.68 39681.61 38822.8 38587.88 38425.01 38447.7 38750.15 39742.3 40231.17 40295.02 39900.14 39525.92 38890.15 37672.84 36357.66 34647.77 33938.31 33601.05 33144.55 31899.26 30302.02 29390.64 29307.64 28708.95 28278 28149.96 28043.16 28000.66 27519.76 27197.2 26818.02 25861.32 24882.37 24168 23200.35 22643.24 22096.89 21476.23 21149.09 20521.39 20389.93 20201.89 20360.94 20907.66 21959.52 22789.93 23272.56 23746.29 24108.56 24454.03 24647.77 24820.85 25175.34 25414.89 25248.96 24787.49 24333.31 24276.73 -9999 -9999 -9999 -9999 -9999 -9999 -9999
39371.29 38191.63 37598.58 37625.46 37742.44 37746.25 37977 38418.8 39218.32 40314.48 40320.35 40270.86 39860.03 38895.27 37252.6 34945.57 33687.13 32891.06 32220.64 31304.08 30301.9 29340.93 29076.88 28697.9 27987.14 27513.6 27230.28 27197.57 26769.31 26374.53 25818.46 24758.29 23888.6 23070.93 22365.48 21837.19 21269.98 20749.13 20359.27 19801.83 19657.77 19469.48 19650.74 20112.8 20797.82 21911.26 22753.88 23240.23 23621.93 24062.7 24418.38 24710.53 25005.16 25229.42 25002.34 24592.21 23979.64 -9999 -9999 -9999 -9999 -9999 -9999 -9999 -9999
38481.61 37590.11 37402.78 37181.6 37175.11 37150.29 37466.72 38141.28 38249.35 39876.18 40795.64 40988.58 40702.52 40077.44 38330.77 35957.17 33625.16 32298.7 31472.31 30736.88 30037.5 29227.33 28683.36 28014.34 27296.75 26864.44 26364.25 26236.66 25721.41 25225.24 24854.55 23855.35 23229.24 22414.24 22001.91 21550.65 21107.4 20412.88 19889.14 19232.1 18911.84 18905.86 19059 19540.5 20312.22 21423.57 22217.2 22947.71 23413.51 23946.32 24792.41 25184.63 25094.56 25293.45 25302.42 24787.88 -9999 -9999 -9999 -9999 -9999 -9999 -9999 -9999 -9999
38106.23 37359.93 36837.01 36750.46 36734.12 36949.43 37255.96 37492.41 38075.37 39275.3 40785.95 41405.81 41325.41 40762.18 39099.98 36602.32 33947.27 32089.9 30987.19 30388.06 29807.65 28879.48 28264.63 27553.26 26871.82 26235.03 25646.71 25361.31 25011.11 24572.25 23918.43 22938.37 22233.18 21615.94 21117.58 20826.46 20295.17 19610.24 19079.46 18926.58 18636.56 18662.57 18716.7 19015.34 19787.62 20935.46 21839.6 22597.06 23403.96 24149.69 24858.38 25463.91 25624.88 25731.86 25860.48 -9999 -9999 -9999 -9999 -9999 -9999 -9999 -9999 -9999 -9999
37809 37199.62 36794.09 36799.63 36726.29 36812.46 37038.02 37441.23 37994.63 39145.93 40464 41403.26 41687.22 41082.68 39486.95 37145.91 34393.56 32059.67 30801.06 30142.28 29620.73 28904.39 28115.31 27300.98 26593.43 25726.33 25150.39 24596.23 24249.15 23734.3 23011.85 22212.21 21413.85 20866.68 20396.27 19932.23 19417.96 19060.6 18825.69 18527.45 18452.88 18488.1 18512.74 18708.99 19345.88 20471.59 21334.79 21979.91 22783.41 23782.17 24568.18 25556.28 25821.21 26033.03 26381.38 -9999 -9999 -9999 -9999 -9999 -9999 -9999 -9999 -9999 -9999
37457.55 37187.73 37062.38 36931.93 36866.49 36795.3 36881.68 37356.88 38081.5 38941.22 40135.42 41350.26 41635.62 41040.58 39304.11 37069.93 34500.59 32101.98 30759.69 29900.84 29338.17 28649.98 27853.93 27184.36 26408.55 25602.97 24970.3 24180.63 23607.25 23037.21 22325.86 21581.13 20907.1 20299.53 19754.46 19275.48 18889.99 18757.88 18705.88 18517.87 18474.56 18412.56 18461.1 18499.07 18998.5 20001.81 20666.97 21244.34 22005.98 23136.27 24106.12 25119.09 25636.1 26063.81 -9999 -9999 -9999 -9999 -9999 -9999 -9999 -9999 -9999 -9999 -9999
37437.97 37368.07 37287.09 37130.16 36992.89 36903.67 36995.29 37245.94 37999.24 38671.88 39736.74 41275.47 41479.84 40632.29 38766.97 36623.15 34263.86 32012.29 30617.88 29807.78 29169.36 28526.33 27798.7 27153.3 26371.83 25556.24 24802.86 23993.83 23286.95 22580.63 21801.61 21085.97 20438.57 19782.79 19288.85 18926.86 18667.85 18598.27 18504.38 18558.83 18465.84 18356.07 18468.02 18440.85 18641.26 19413.09 19982.58 20661.56 21390.6 22463.05 23429.56 24454.93 25332.04 -9999 -9999 -9999 -9999 -9999 -9999 -9999 -9999 -9999 -9999 -9999 -9999
37719.48 37684.92 37476.02 37364.18 37180.06 37043.36 37206.46 37212.39 37855.66 38542.08 39610.78 41368.08 41475.04 40166.34 38043.21 36009.78 33846.33 31776.54 30432.19 29814.21 29124.01 28583.34 27884.92 27181.05 26432.55 25531.13 24660.34 23933.7 23208.97 22349.56 21465.27 20730.68 20014.12 19419.62 19058.78 18762.47 18527.75 18416.16 18263.6 18351.48 18315.66 18276.67 18463.52 18549.79 18419.78 18937.41 19515.64 20206.96 20812.34 21748.15 22531.88 23677.42 -9999 -9999 -9999 -9999 -9999 -9999 -9999 -9999 -9999 -9999 -9999 -9999 -9999
38273.86 38151.88 37813.19 37693.57 37505.74 37233.38 37322.38 37530.89 38041.58 38692.66 39758.13 41305.44 41123.68 39565.43 37476.11 35453.15 33445.82 31596.3 30401.98 29825.51 29124.83 28627.51 27926.42 27261.11 26526.64 25662.95 24688.67 23956.22 23147.37 22245.26 21354.31 20480.29 19798.91 19287.28 18910.31 18624.93 18379.46 18179.27 18100.34 18113.06 18183.61 18210.76 18453.42 18690.26 18549.71 18829.25 19278.17 19704.06 20136.42 20933.47 21476.27 -9999 -9999 -9999 -9999 -9999 -9999 -9999 -9999 -9999 -9999 -9999 -9999 -9999 -9999
39028.53 38853.52 38472.29 38159.98 37865.42 37548.56 37443.52 38119.65 38534.32 39039.35 39838.52 40742.31 40207.05 38858.67 37402.16 35325.9 33262.5 31624.4 30602.96 29947.51 29260.67 28763.99 28074.52 27404.92 26674.2 25843.1 24785 23988.87 23067.27 22125.46 21295.64 20359.71 19684.18 19096.54 18665.91 18431.66 18314.9 18132.95 18089.64 18099.47 18134.37 18156.38 18440.91 18750.56 18774.19 18712.4 18926.97 19332.71 19656.14 20149.12 -9999 -9999 -9999 -9999 -9999 -9999 -9999 -9999 -9999 -9999 -9999 -9999 -9999 -9999 -9999
39895.99 39823.68 39474.15 38818.71 38213.1 37971.59 37833.69 38276.66 38704.82 39305.53 39930.36 40415.73 40187.14 39188.29 37620.53 35842.15 33456.61 31691.94 30941.34 30328.87 29649.86 29109.24 28347.85 27632.75 26764.68 25861.12 24956.54 24099.36 23224.27 22201 21148.16 20315.02 19748.78 19129.84 18623.95 18386.95 18233.2 18182.38 18081.2 18119.26 18082.7 18202.92 18479.1 18732.15 18788.95 18782.15 18889.82 19149.77 19231.55 19660.24 -9999 -9999 -9999 -9999 -9999 -9999 -9999 -9999 -9999 -9999 -9999 -9999 -9999 -9999 -9999
41463.73 41161.39 40720.39 40179.26 39331.2 38535.34 38233.27 38443.43 38938.93 39331.88 40093.35 40676.03 40585.88 39741.97 38336.78 36198.16 33947.28 32071.5 31043.94 30331.59 29930.39 29149.37 28262.77 27573.12 26725.84 25824.34 24973.51 24009.3 23204.2 22192.73 21107.21 20211.75 19707.79 19109.09 18674.28 18494.92 18318.42 18184.15 18076.55 18069.56 18097.81 18144.97 18280.63 18346.77 18623.6 18847.8 18832.67 18832.56 18922 -9999 -9999 -9999 -9999 -9999 -9999 -9999 -9999 -9999 -9999 -9999 -9999 -9999 -9999 -9999 -9999
