Dropbox/GRP Data/GRP mammal paper/NN_analysis/DATA/2014 input files/la_h_bio_5.asc
ncols         272
nrows         166
xllcorner     -214329.5541171
yllcorner     212687.1820549
cellsize      821.1860311
NODATA_value  -9999
[rows 87 to 115 of 166, columns 130 to 194 of 272]
2336.629 2293.088 2279.632 2314.387 2339.084 2378.224 2411.512 2443.261 2502.861 2559.312 2584.984 2597.985 2617.567 2645.499 2648.93 2618.427 2614.167 2659.459 2707.728 2764.291 2775.975 2782.329 2772.168 2770.475 2794.313 2798.32 2793.939 2772.629 2761.852 2760.833 2767.534 2766.321 2752.218 2735.289 2716.767 2699.998 2688.849 2678.444 2671.354 2665.287 2672.991 2695.419 2706.863 2714.742 2740.575 2766.271 2772.627 2762.059 2743.108 2733.234 2721.897 2757.851 2774.048 2710.823 2644.016 2644.378 2597.604 2540.469 2591.272 2761.816 2852.884 2883.046 2883.473 2831.751 2757.829
2325.548 2277.276 2251.884 2292.877 2333.93 2369.067 2402.204 2432.675 2471.279 2532.218 2566.839 2583.554 2604.868 2627.02 2644.515 2653.45 2660.585 2691.865 2711.644 2753.576 2777.295 2784.219 2783.053 2784.692 2792.82 2789.684 2783.281 2768.239 2753.183 2759.427 2766.513 2766.4 2747.118 2707.263 2694.42 2706.906 2696.208 2673.244 2649.187 2638.168 2638.83 2659.467 2673.728 2694.425 2706.284 2700.857 2686.831 2652.922 2643.466 2643.043 2586.435 2600.875 2632.428 2649.493 2627.109 2659.933 2674.786 2642.026 2629.727 2664.747 2768.265 2826.679 2807.606 2797.646 2769.713
2338.282 2297.881 2250.104 2276.802 2344.768 2361.786 2390.73 2406.418 2432.695 2485.905 2538.69 2569.365 2585.376 2602.952 2620.644 2644.708 2673.98 2705.672 2728.158 2741.133 2765.302 2781.201 2774.986 2783.871 2784.556 2787.847 2788.001 2768.393 2736.665 2758.417 2759.19 2768.65 2737.325 2662.512 2656.053 2697.978 2703.23 2664.324 2622.5 2606.081 2610.326 2631.623 2654.322 2659.527 2646.361 2606.526 2570.212 2545.904 2539.77 2553.298 2469.914 2482.564 2514.751 2582.274 2641.565 2691.039 2733.577 2696.014 2648.874 2643.993 2687.775 2747.905 2731.535 2700.294 2702.632
2352.991 2335.587 2296.211 2295.913 2347.343 2366.156 2399.996 2394.317 2410.991 2452.237 2481.229 2534.302 2557.072 2565.302 2582.983 2610.031 2614.849 2618.804 2668.461 2725.929 2760.66 2772.622 2758.296 2766.861 2777.602 2784.169 2783.11 2761.715 2749.789 2757.508 2760.556 2775.729 2752.545 2700.896 2689.178 2705.605 2713.798 2686.462 2639.286 2612.701 2601.796 2620.715 2625.674 2619.83 2586.485 2524.747 2450.092 2444.63 2500.643 2474.534 2408.86 2445.653 2487.289 2592.222 2682.08 2744.682 2739.712 2684.341 2641.141 2606.757 2619.22 2652.725 2664.492 2651.449 2673.741
2351.15 2328.692 2315.958 2323.056 2364.5 2388.679 2404.16 2380.928 2344.652 2391.877 2454.179 2493.756 2542.216 2560.61 2578.217 2594.795 2614.043 2639.135 2704.809 2736.167 2760.738 2759.896 2748.1 2765.421 2769.194 2775.854 2778.237 2769.416 2762.661 2762.537 2769.033 2777.424 2770.606 2746.747 2732.114 2727.336 2727.221 2699.506 2656.181 2627.634 2606.497 2604.32 2597.345 2611.14 2540.801 2460.412 2384.576 2389.461 2438.448 2418.074 2418.212 2491.886 2561.922 2652.532 2738.045 2795.784 2765.688 2707.887 2673.474 2647.646 2618.821 2634.425 2646.976 2645.306 2688.334
2348.865 2327.9 2296.901 2313.397 2373.699 2405.52 2408.398 2362.114 2324.05 2371.374 2436.579 2482.223 2529.919 2567.926 2594.167 2615.351 2667.247 2691.582 2718.175 2739.271 2753.7 2750.311 2745.655 2758.98 2767.267 2772.934 2776.398 2775.786 2772.066 2756.922 2770.806 2776.161 2772.015 2763.019 2751.878 2741.036 2729.875 2699.23 2675.792 2653.971 2631.374 2618.328 2601.518 2619.722 2531.272 2435.439 2366.58 2344.988 2388.479 2419.158 2466.475 2559.18 2656.179 2730.006 2791.706 2815.597 2795.768 2771.17 2737.321 2745.538 2696.636 2711.103 2677.694 2665.616 2736.494
2333.371 2337.686 2310.162 2320.59 2374.581 2393.241 2407.233 2379.374 2349.488 2373.11 2426.55 2480.623 2525.82 2569.95 2618.778 2654.059 2678.007 2699.909 2712.594 2729.975 2745.22 2741.451 2739.643 2750.561 2762.47 2771.459 2775.2 2763.396 2761.945 2751.411 2762.678 2766.453 2763.824 2759.131 2750.491 2740.056 2727.471 2710.876 2702.535 2684.701 2665.958 2653.384 2626.156 2616.543 2537.207 2441.946 2369.854 2315.583 2374.893 2455.506 2527.543 2624.08 2724.621 2793.134 2826.725 2816.548 2819.381 2832.813 2804.607 2826.111 2812.367 2825.086 2748.144 2724.258 2810.161
2342.802 2352.402 2332.281 2320.495 2361.674 2395.053 2411.34 2401.038 2393.625 2413.201 2439.943 2484.607 2527.011 2573.717 2625.105 2650.799 2648.146 2665.035 2686.576 2714.375 2731.737 2731.681 2735.571 2742.207 2756.307 2765.391 2771.39 2749.737 2749.738 2748.868 2752.865 2755.272 2755.041 2751.077 2741.616 2731.653 2728.13 2732.463 2728.442 2712.5 2694.417 2685.094 2654.878 2617.155 2559.219 2486.602 2402.528 2345.184 2401.403 2502.312 2594.281 2695.05 2778.226 2831.404 2841.403 2830.641 2858.351 2878.161 2875.489 2883.123 2916.951 2924.805 2863.277 2829.386 2885.482
2355.021 2391.429 2371.218 2323.041 2373.185 2395.359 2425.425 2442.288 2440.534 2442.736 2453.866 2476.492 2523.242 2576.326 2606.14 2609.902 2599.812 2613.776 2649.999 2697.04 2721.017 2728.94 2735.374 2736.536 2746.45 2752.508 2758.49 2745.265 2747.666 2747.159 2747.778 2748.89 2750.112 2748.565 2736.041 2728.4 2732.076 2740.96 2740.148 2732.503 2714.09 2710.722 2690.544 2659.914 2630.335 2593.794 2498.53 2451.25 2491.602 2582.238 2660.06 2748.822 2814.291 2870.877 2857.802 2852.435 2879.182 2910.109 2927.429 2943.385 2987.889 3011.226 2976.909 2954.27 2978.357
2381.31 2439.215 2417.444 2356.98 2395.814 2414.042 2445.582 2477.243 2477.753 2467.576 2472.552 2471.631 2513.264 2569.237 2567.708 2548.745 2546.929 2574.914 2619.582 2682.664 2719.22 2733.859 2735.437 2735.067 2736.83 2740.638 2739.32 2738.674 2743.086 2744.348 2743.965 2744.799 2749.248 2753.648 2737.799 2736.545 2735.878 2735.855 2735.656 2735.518 2735.268 2734.874 2723.74 2707.195 2719.772 2703.828 2638.98 2599.289 2619.59 2646.233 2717.996 2784.705 2834.046 2880.094 2920.729 2923.135 2929.903 2942.393 2942.064 2986.01 3044.202 3095.857 3097.319 3094.897 3091.847
2422.319 2478.955 2460.481 2410.559 2419.131 2448.463 2467.447 2495.199 2503.005 2503.92 2501.421 2484.095 2508.502 2556.664 2530.34 2483.058 2492.529 2552.036 2600.179 2673.541 2717.778 2733.947 2737.232 2737.806 2742.835 2744.645 2732.864 2727.935 2728.406 2734.974 2737.567 2742.794 2741.079 2748.575 2743.267 2743.383 2735.544 2735.528 2735.415 2735.327 2735.322 2735.885 2746.875 2754.4 2767.275 2764.863 2731.352 2705.192 2726.825 2749.209 2775.878 2814.512 2860.678 2906.988 2933.364 2969.853 2992.336 2978.796 2940.905 2987.651 3066.236 3138.71 3151.042 3145.694 3135.045
2469.729 2510.629 2498.207 2447.469 2444.872 2467.823 2487.276 2516.786 2524.278 2532.784 2522.172 2496.284 2516.896 2558.359 2526.118 2455.044 2435.998 2508.973 2573.585 2661.417 2709.249 2732.268 2745.285 2745.42 2746.027 2749.282 2732.74 2722.28 2728.835 2728.773 2732.592 2717.256 2689.429 2693.542 2714.865 2743.772 2743.814 2743.96 2744.122 2737.411 2727.331 2736.423 2763.996 2802.622 2820.202 2806.213 2783.956 2778.279 2808.54 2822.345 2825.051 2851.826 2875.27 2902.167 2935.171 2973.919 3004.281 3008.814 3006.026 3019.265 3072.915 3121.059 3155.541 3170.062 3174.785
2520.704 2548.99 2528.99 2462.741 2461.832 2474.011 2493.075 2522.812 2552.31 2570.549 2551.062 2518.02 2513.322 2570.79 2539.907 2455.681 2408.971 2456.656 2560.374 2649.028 2698.262 2716.432 2737.327 2754.169 2754.827 2757.182 2747.497 2733.639 2730.347 2734.974 2711.237 2637.533 2577.276 2582.506 2614.199 2699.004 2738.357 2744.839 2745.104 2737.344 2732.944 2752.065 2780.182 2820.199 2852.705 2842.141 2853.163 2841.585 2858.75 2862.479 2863.597 2890.168 2911.191 2913.391 2932.864 2955.662 2981.963 3013.928 3050.104 3067.58 3093.649 3131.236 3162.822 3184.755 3189.285
2576.964 2606.658 2540.554 2461.555 2479.458 2501.026 2498.062 2523.533 2544.992 2597.315 2572.575 2570.652 2578.377 2604.537 2608.884 2543.691 2513.163 2523.933 2574.214 2622.823 2633.004 2655.761 2729.218 2750.83 2764.138 2766.526 2751.354 2740.841 2738.519 2735.887 2690.592 2572.099 2476.846 2468.677 2547.807 2669.096 2716.266 2733.546 2737.215 2744.224 2753.971 2750.51 2778.372 2804.403 2819.995 2876.117 2903.866 2915.552 2922.576 2899.604 2887.856 2919.391 2939.258 2942.322 2955.47 2984.376 3017.62 3021.745 3022.095 3042.957 3089.37 3130.457 3169.032 3188.172 3193.729
2666.465 2643.174 2542.057 2460.757 2487.591 2509.704 2521.277 2541.173 2575.299 2625.492 2605.753 2590.218 2620.523 2652.671 2669.929 2657.212 2611.408 2605.054 2617.718 2644.531 2618.246 2592.216 2694.652 2762.874 2773.691 2775.989 2759.431 2750.52 2749.283 2735.425 2668.896 2534.485 2454.57 2489.539 2561.386 2659.199 2688.416 2706.001 2710.932 2722.053 2711.968 2732.806 2773.396 2773.825 2785.085 2870.214 2904.466 2933.229 2963.309 2937.232 2921.933 2954.226 2971.252 2977.265 2964.918 2989.146 3017.308 3022.362 2989.158 3003.015 3078.365 3123.553 3170.998 3189.615 3198.088
2725.922 2666.934 2609.316 2507.229 2513.315 2529.655 2551.45 2569.711 2621.889 2667.999 2650.47 2641.07 2656.639 2703.041 2719.958 2726.554 2695.151 2680.896 2683.656 2666.521 2595.864 2579.399 2704.097 2759 2774.959 2783.422 2769.383 2761.351 2760.181 2741.249 2673.55 2568.491 2516.462 2587.077 2628.115 2661.533 2663.718 2657.509 2655.795 2673.884 2642.328 2716.388 2758.064 2727.808 2744.986 2796.884 2865.318 2906.977 2965.759 2967.888 2965.029 2979.649 2986.064 2995.047 2950.305 2946.98 2956.729 2995.578 2984.376 3006.202 3078.071 3128.49 3165.701 3189.965 3198.345
2751.424 2716.031 2705 2588.951 2533.191 2552.563 2587.449 2603.457 2651.72 2695.165 2678.803 2685.354 2702.238 2737.339 2752.711 2752.95 2747.576 2727.773 2719.113 2666.559 2585.149 2617.174 2719.445 2746.259 2778.453 2789.312 2778.282 2772.277 2771.061 2758.293 2712.811 2656.085 2620.756 2680.555 2688.704 2669.139 2654.59 2621.144 2589.032 2600.119 2609.69 2705.293 2706.876 2644.449 2685.923 2729.177 2834.589 2897.604 2955.793 2977.896 2980.031 2963.252 2947.741 2967.243 2947.412 2927.463 2940.067 2941.196 2950.727 2994.185 3055.67 3115.234 3142.281 3174.532 3196.834
2774.534 2767.101 2785.999 2661.845 2604.943 2582.097 2637.806 2648.065 2674.667 2709.158 2700.949 2707.806 2730.979 2754.18 2769.629 2762.421 2779.05 2755.057 2718.873 2656.712 2618.401 2661.745 2723.86 2751.909 2788.221 2796.624 2790.061 2786.906 2785.784 2786.395 2767.295 2740.565 2722.299 2746.947 2716.959 2675.906 2673.447 2642.562 2565.414 2526.889 2611.81 2675.545 2624.427 2564.63 2673.205 2776.63 2853.443 2908.764 2947.27 2953.135 2945.203 2912.961 2891.393 2890.588 2942.259 2891 2895.256 2881.305 2918.031 2966.052 3037.293 3095.068 3133.75 3171.98 3194.657
2810.808 2804.347 2832.895 2768.849 2703.701 2657.149 2687.108 2692.495 2697.97 2722.952 2719.23 2722.19 2743.975 2763.5 2781.578 2780.893 2802.356 2772.46 2719.241 2673.685 2676.98 2686.446 2732.726 2776.771 2800.549 2809.688 2808.776 2805.799 2806.834 2814.155 2808.906 2792.25 2793.984 2785.194 2737.284 2674.551 2711.653 2707.639 2637.313 2569.456 2613.225 2601.883 2590.697 2664.039 2759.449 2822.296 2892.273 2929.566 2925.886 2918.329 2930.095 2841.906 2809.848 2872.065 2903.978 2849.768 2850.285 2883.764 2891.396 2913.574 3003.816 3080.751 3138.683 3171.905 3180.423
2844.725 2829.871 2856.414 2890.505 2821.219 2768.465 2734.506 2725.113 2721.969 2738.484 2731.117 2737.619 2759.735 2775.205 2798.517 2811.888 2820.878 2784.89 2751.164 2738.255 2709.696 2712.052 2739.785 2790.137 2818.484 2828.677 2826.763 2816.656 2824.516 2817.728 2821.295 2818.289 2805.036 2777.046 2718.339 2666.456 2709.83 2741.938 2703.577 2677.475 2685.276 2590.451 2622.716 2709.27 2793.46 2814.407 2810.611 2884.802 2882.699 2882.444 2903.385 2828.86 2808.249 2915.882 2857.815 2814.157 2807.626 2864.555 2932.099 3003.413 3071.808 3117.28 3143.543 3161.264 3160.814
2860.318 2853.41 2873.13 2954.412 2953.78 2878.214 2807.636 2751.446 2746.211 2746.375 2746.413 2741.133 2770.421 2792.52 2815.499 2830.058 2847.774 2831.319 2807.001 2795.893 2744.803 2731.42 2776.081 2813.005 2828.139 2838.255 2830.021 2825.709 2826.417 2825.533 2825.428 2828.443 2807.475 2760.047 2675.932 2693.453 2730.371 2746.224 2733.003 2736.756 2704.198 2635.243 2686.138 2751.129 2755.965 2740.773 2817.498 2872.198 2862.872 2835.206 2867.912 2811.552 2826.371 2910.736 2882.155 2842.76 2861.851 2940.612 3020.817 3055.627 3090.28 3115.401 3120.926 3130.805 3146.656
2872.837 2877.679 2889.197 2963.812 3021.662 3000.605 2915.446 2788.947 2756.327 2747.861 2762.977 2759.624 2789.02 2805.032 2825.07 2848.248 2858.499 2848.891 2833.709 2831.324 2794.155 2767.806 2828.789 2855.175 2856.26 2851.454 2839.618 2835.919 2826.962 2820.792 2828.432 2835.292 2832.613 2815.779 2744.055 2752.917 2761.472 2769.839 2749.188 2713.839 2668.617 2597.532 2637.33 2678.906 2710.373 2745.485 2821.866 2843.544 2819.49 2781.002 2810.659 2802.102 2838.62 2892.005 2868.008 2851.324 2909.886 2971.026 3005.499 3009.479 3032.43 3058.739 3060.751 3100.091 3130.811
2899.93 2910.927 2941.354 2995.721 3026.499 3029.146 3009.908 2861.492 2761.778 2747.034 2761.81 2783.369 2811.888 2831.841 2844.139 2857.804 2883.392 2881.266 2881.719 2866.969 2830.456 2787.292 2850.13 2873.562 2864.341 2858.458 2849.19 2839.198 2834.905 2827.085 2832.662 2834.119 2836.668 2833.606 2804.22 2796.294 2774.231 2739.339 2695.289 2628.327 2567.327 2552.915 2595.326 2634.195 2674.733 2743.857 2793.172 2809.642 2763.703 2745.514 2749.208 2787.166 2841.959 2835.279 2817.011 2793.493 2851.719 2888.895 2873.199 2864.577 2929.692 2981.877 2997.744 3045.406 3067.42
2930.143 2930.887 2967.829 3003.624 3025.698 3033.188 3020.911 2921.699 2752.741 2708.192 2751.65 2803.101 2837.726 2856.719 2870.298 2882.139 2893.46 2914.304 2923.544 2897.774 2851.522 2811.812 2873.376 2884.258 2872.696 2863.089 2857.546 2846.201 2843.166 2813.725 2772.687 2770.013 2787.883 2770.06 2803.452 2779.725 2723.57 2705.38 2634.288 2562.873 2496.256 2492.841 2542.459 2592.498 2636.324 2703.522 2716.079 2772.899 2721.557 2702.948 2693.272 2749.974 2791.004 2747.92 2748.903 2723.873 2760.751 2756.661 2700.214 2679.536 2814.536 2907.888 2942.233 2965.038 2966.243
2967.806 2960.177 2979.69 3012.114 3025.93 3033.397 3022.048 2947.595 2864.15 2776.246 2791.818 2831.822 2867.516 2878.549 2891.022 2902.221 2901.118 2926.534 2942.598 2929.564 2902.309 2873.538 2893.013 2895.687 2884.876 2869.958 2865.918 2855.106 2847.401 2819.012 2753.213 2722.357 2747.678 2743.746 2797.114 2752.318 2671.949 2667.344 2621.336 2567.178 2488.123 2440.589 2457.767 2519.547 2563.134 2621.012 2639.465 2724.742 2698.14 2649.824 2637.194 2677.181 2668.225 2635.111 2654.636 2671.77 2689.302 2647.039 2547.435 2540.539 2711.729 2823.117 2872.326 2861.971 2849.37
2987.641 2991.321 3001.067 3026.247 3027.694 3029.89 3029.165 2979.381 2961.62 2897.097 2849.399 2872.893 2897.951 2903.292 2910.046 2920.298 2918.143 2933.935 2949.605 2951.903 2943.147 2925.227 2910.863 2909.646 2895.934 2878.446 2870.773 2862.978 2851.131 2840.424 2796.852 2761.326 2775.34 2791.044 2806.165 2744.414 2659.512 2617.194 2605.719 2600.358 2518.443 2431.614 2378.827 2425.598 2457.255 2529.136 2604.579 2662.609 2681.682 2611.813 2574.104 2572.978 2528.298 2510.284 2534.772 2582.511 2573.881 2543.799 2419.728 2469.371 2614.983 2691.631 2753.487 2704.945 2699.037
3007.95 3013.54 3021.446 3036.735 3033.166 3032.358 3035.176 3015.165 3019.872 2994.315 2910.077 2909.861 2924.691 2927.249 2928.773 2938.974 2938.395 2942.041 2954.558 2963.841 2957.903 2949.011 2928.489 2922.014 2904.402 2886.951 2871.792 2870.156 2857.682 2852.187 2839.931 2837.972 2838.4 2831.77 2796.666 2716.759 2632.623 2565.398 2541.322 2607.283 2547.458 2448.535 2359.39 2347.615 2384.173 2485.121 2563.549 2606.818 2663.158 2591.769 2519.878 2481.906 2455.178 2458.668 2467.379 2453.16 2459.727 2397.907 2336.365 2323.012 2425.849 2485.807 2520.856 2525.506 2656.244
3023.372 3029.661 3034.964 3045.251 3043.077 3042.563 3043.088 3041.721 3044.356 3037.191 2970.572 2938.3 2946.245 2947.01 2947.27 2954.478 2953.102 2949.552 2959.774 2973.345 2969.328 2964.789 2944.385 2929.422 2912.656 2897.203 2875.937 2876.171 2863.511 2858.612 2848.217 2845.16 2842.321 2821.787 2766.518 2648.648 2544.507 2520.773 2584.749 2640.849 2533.153 2430.51 2379.805 2356.935 2380.466 2460.688 2495.537 2587.786 2644.638 2585.752 2521.448 2511.059 2502.659 2500.327 2473.583 2417.416 2403.348 2389.171 2310.645 2308.49 2341.513 2331.914 2325.829 2401.977 2536.449
3031.707 3042.805 3044.512 3054.156 3052.639 3054.72 3055.319 3053.441 3049.963 3046.331 3018.793 2966.474 2963.564 2965.249 2964.05 2963.953 2965.969 2962.754 2967.548 2981.366 2982.13 2972.379 2957.902 2933.885 2919.673 2909.55 2887.696 2874.821 2862.419 2861.181 2859.296 2851.269 2827.893 2812.031 2769.344 2698.825 2654.259 2631.481 2679.771 2631.605 2579.753 2513.998 2425.532 2335.807 2355.703 2380.371 2460.493 2551.252 2593.916 2536.658 2473.77 2524.288 2597.876 2554.167 2497.383 2465.218 2403.351 2354.191 2361.791 2372.564 2387.494 2368.377 2338.524 2362.516 2434.381
