Dropbox/GRP Data/GRP mammal paper/NN_analysis/DATA/2014 input files/la_h_bio_12.asc
ncols         272
nrows         166
xllcorner     -214329.5541171
yllcorner     212687.1820549
cellsize      821.1860311
NODATA_value  -9999
[rows 87 to 115 of 166, columns 0 to 64 of 272]
-9999 -9999 -9999 -9999 -9999 -9999 -9999 -9999 -9999 -9999 -9999 -9999 -9999 82534.45 81609.97 79532.16 77174.16 74909.3 73345.05 72175.09 71771.06 71886.12 72280.66 72442.59 73351.8 73134.94 73652.62 73730.8 72920.77 71380.04 70610.55 70280.6 69919.94 69429.27 69073.6 68705.88 68674.05 68386.1 68307.17 68908.32 70270.42 70114.9 69658.39 68272.3 68590.7 68881.55 69175.05 69151.23 69383.73 70419.88 72659.96 73384.9 74339.64 75352.48 75741.95 75987.57 76137.05 76590.85 76954.65 77667.66 78658.09 80509.88 83402.05 86116.65 88736.23
-9999 -9999 -9999 -9999 -9999 -9999 -9999 -9999 -9999 -9999 -9999 -9999 83492.66 83080.55 82188.28 80487.52 78568.38 76391.12 74253.92 72605.63 71738.78 71348.98 71514.79 71560.48 71378.63 71053.08 71521.89 71431.84 71020.64 70041.65 69697.7 69629.43 69083.93 68641.65 68164.02 67774.23 67667.34 67220.38 67041.27 67248.69 68661.65 70451.21 69830.61 68503.44 68327.44 68586.33 68973.23 69210.99 69097.34 70116.68 72259.7 73058.18 74174 75129.76 75681.66 75981.3 76125.14 76581.59 76997.63 77703.02 78709.23 80831.82 83778.35 86507.13 88748.24
-9999 -9999 -9999 -9999 -9999 -9999 -9999 -9999 -9999 -9999 -9999 84017.73 83531.34 82708.98 81782.16 80677.04 79191.54 77337.02 74944.04 73155.17 71792.96 70976.78 70783.6 70399.3 70053.95 69222.06 69227.52 69074.88 68422.42 68463.91 68582.59 68732.2 68275.75 67698.46 67219.98 66811.05 66492.6 66265.09 66187.27 66564.25 67824.1 68970.05 69047.52 68222.53 68072.99 68314.59 68717.7 69136.16 69455.15 70722.07 72346.2 73036.15 74199.96 75197.55 76149.92 76193.05 76138.05 76504.62 76898.91 77577.43 78537.94 80389.91 82810.13 85122 86777.29
-9999 -9999 -9999 -9999 -9999 -9999 -9999 -9999 -9999 -9999 84247.8 83653.18 82919.68 82071.36 81232.63 79943.1 78824.7 77280.91 75327.79 73564.8 71959.78 70796.73 70101.52 69516.58 68880.05 67796.82 67145.08 67016.42 66991.79 66934.58 67459.61 67811.51 67388.98 66818.61 66215.3 65790.57 65464.19 65483.75 65675.93 66255.89 67262.12 67928.97 68077.84 67778.6 67719.14 68000.47 68352.13 69002.88 69885.99 71299.91 72609.49 73095.13 74202.55 75399.1 76784.73 76367.17 76088.67 76219.38 76586.04 77253.57 78029.96 79189.47 80637.9 81963.73 82779.41
-9999 -9999 -9999 -9999 -9999 -9999 -9999 -9999 -9999 83802.27 83504.63 83039.7 82267.22 81438.56 80411.33 79337.73 78217.54 76896.84 75440.71 73812.97 72260.45 70958.13 70012.16 68736.7 67756.46 66723.09 65841.55 65337.22 65276.68 65300.44 65908.29 66215.1 66148.6 65681.42 65255.21 64861.98 64741.51 64820.15 65177.84 65869.27 66769.39 67434.57 67321.14 67373.92 67473.34 67752.61 68104.43 68888.54 69992.41 71274.91 72405.88 72918.98 73978.2 75245.02 76737.44 76151.33 75717.36 75602.68 75794.9 76502.59 76929.27 77442.41 77827.43 77995.29 77987.03
-9999 -9999 -9999 -9999 -9999 -9999 -9999 -9999 82156.92 82447.38 82862.09 82508.58 81674.77 80691.18 79616.09 78861.68 77863.35 76830.11 75466.13 74093.16 72717.48 71287.32 70203.47 68915.09 67786.47 66496.02 65284.04 64400.89 63886.2 63962.41 64312.68 64301.73 64364.93 64278.75 64123.8 63831.32 64039.43 64282.02 64718.83 65427.73 66333.7 66846.41 66799.56 67072.54 67364.02 67658.58 68094.77 68763.07 70110.69 71261.66 71690.93 72455.76 73408.44 74511.11 75564.18 75505.52 74916.86 74708.14 74514.69 74768.89 75170.4 75526.83 75414.46 75321.74 75433.78
-9999 -9999 -9999 -9999 -9999 -9999 -9999 79269.41 79851.3 80486.11 81087.95 81425.04 80554 79986.38 79177.09 78460.77 77653.45 76547.3 75479.83 74375.99 73154.52 71834.1 70742.85 69687.66 68304.12 66723.15 65242.98 63804.59 62739.46 62707.36 62831.91 62644.89 62553.43 62817.08 62956.35 62847.2 63281.71 63751.36 64294.07 65000.18 65927.45 66280.21 66488.7 66853.59 67150.84 67588.02 68046.93 68788 70543.5 72094.27 71321.02 71524.14 72125.86 72664.67 72995.53 73450.49 73063.84 72757.26 72902.28 73518.46 74070.24 73074.33 73675.88 73920.07 74197.38
-9999 -9999 -9999 -9999 -9999 -9999 76209.7 76829.23 77472.16 78363.76 79098.09 79399.5 79164.79 78693.98 78230.48 77607.66 76998.35 76209.57 75466.34 74500.89 73559.67 72592.53 71430.61 70597.24 69291.27 67370.21 65513.98 63495.45 62003.88 61468.55 61417.39 61354.67 61119.64 61547.94 62003.75 62112.4 62665.67 63205.41 63834.03 64552.79 65525.42 66212.17 66302.3 66534.53 66947.95 67275.91 67935.3 68555 70441.55 72345.17 71534.79 70693.45 70861.8 71005.71 70954.84 70969.2 70877.09 70852.79 71041.65 71822.97 72409.79 72582.2 72439.43 72437.31 73570.32
-9999 -9999 -9999 -9999 -9999 74283.5 74069.64 74333.04 74845.14 75708.98 76559.63 77094.24 77281.84 77163.4 77057.24 76634.59 76101.01 75622.63 75120.91 74487.71 73903.9 73263.23 72295.2 71630.22 70465.02 68244.95 66034.01 63628.73 61738.41 60618.96 60085.7 60054.87 59941.1 60458.9 61164.81 61467.29 62304.21 63014.8 63630.44 64453.73 65284.14 65797.09 66096.8 66419.27 66850.98 67126.08 67650.28 67910.81 68744.88 69407.72 69782.75 69266.99 68640.42 68506.27 68542.02 68555.36 68637.48 68907.63 69356.88 70342.15 71077.37 71685.69 71933.02 72323.92 72906.63
-9999 -9999 -9999 -9999 72850.2 72548.37 72256.94 72057.59 72231.49 72960.82 73937.29 74658.8 75038.69 75291.41 75378.51 75178.25 74904.88 74704.09 74512.95 74293.63 73997.49 73621.87 73106.11 72490.09 71267.77 69093.21 66700.66 64184.48 61719.95 60495.45 59077.18 58594.2 58757.31 59075.2 60265.54 60761.91 62007.39 62762.93 63596.48 64522.98 65566.13 65482.55 65713.98 66181.11 66484.31 66728.12 67158.63 67216.79 67547.27 67800.74 68031.26 67831.25 67497.23 67448.24 67366.38 67525.47 67723.36 67961.45 68368.12 69508.65 70182.18 70863.23 71499.16 72112.46 72370.02
-9999 -9999 -9999 -9999 70952.04 70761.69 70507.07 70034.73 69948.04 70437.29 71278.15 71991.86 72618.38 73077.55 73280.55 73245.69 73294.95 73378.73 73636.77 73679.87 73569.08 73413.2 73052.58 72357.04 71304.89 69602.86 67117.55 64837.88 62125.97 60408.61 58750.1 57582.95 57890.05 58342.46 59348.74 60042.39 61522.14 62590.61 63652.29 64543.18 65803.57 65432.84 65665.34 65937.82 66149.48 66193.88 66464.16 66518.34 66697.96 66799.53 66905.82 66937.73 66885.23 66880.67 66960.16 67114.09 67377.35 67583.37 67936.67 68841.47 69603.5 70284.07 70923.39 71495.98 72034.08
-9999 -9999 -9999 68976.52 68995 68814.75 68597.02 68111.05 67830.59 68089.91 68698.95 69264.38 70101.68 70664.45 71028.82 71153.93 71284.13 71581.6 72111.67 72363.4 72374.95 72023.53 71520 70859.07 69895.64 68573.95 66493.34 64242.27 61653.33 60102.69 58436.27 57053.77 57210.13 57588.29 58867.45 59283.21 60676.07 62082.79 63164.25 64048.5 65367.32 65221.81 65376.5 65562.11 65730.84 65782.86 65907.56 65965.23 66149.62 66257.83 66343.74 66447.14 66527.8 66535.91 66771.1 66872.62 67115.41 67434.36 67775.4 68413.27 69305.02 69849.66 70446.19 71045.35 71635.06
-9999 -9999 -9999 67252.48 67118.19 66812.53 66562.09 66166.98 65749.64 65850.61 66339.84 66787.09 67492.98 68177.98 68488.07 68782.85 68978.52 69575.63 69889.29 70228.13 70131.45 69973.21 69267.18 68525.09 67777.33 66524.89 64676.71 62558.08 60811.83 59402.49 58173.57 56890.55 56323.73 57120.42 57885.03 58512.1 59751.89 61198.15 62406.08 63378.01 64445.36 64948.98 65074.6 65230.35 65394.99 65460.21 65523.34 65580.66 65798.36 65913.97 66013.42 66083.05 66268.91 66371.22 66600.55 66755.13 67009.81 67441.41 67762.09 68537.09 69220.03 69621.64 70082.01 70608.11 71179
-9999 -9999 66723.88 66069.9 65651.8 65107.49 64694.14 64273.23 63994.53 63901.68 64055.96 64517.13 64999.65 65698.9 65987.48 66560.76 66860.2 67308.7 67490.38 67666.63 67776.09 67414.9 66523.45 65922.86 65207.93 64166.93 62655.91 60890.98 59629.27 58419.64 57834.65 56695.84 55799.95 56773.86 57422.77 57888.39 58883.24 60256.83 61565.96 62867.16 63904.16 64766.26 64897.27 64997.94 65074.59 65076.32 65197.63 65262.9 65460.53 65597.89 65738.53 65806.25 66023.58 66252.45 66463.03 66718.04 67049.27 67470.34 67921.85 68561.52 69019.38 69421.19 69801.03 70253.38 70892.09
-9999 -9999 66607.84 65644.23 64946.74 64183.77 63411.38 62814.5 62510.41 62447.15 62280.21 62622.22 63025.1 63501.01 63883.46 64215.5 64721.37 65004.61 65257.38 65395.74 65253.96 65019.99 64407.59 63961.08 63426.64 62760.35 61500.45 59859.54 58577.8 57967.51 57770.61 57116.11 56219.18 55856.64 57228.89 57471.53 58187.06 59480.68 61041.07 62719.65 64121.41 64793.77 64880.42 64839.84 64733.84 64661.72 64791.41 64882.33 65066.86 65319.84 65532.71 65687.29 65925.38 66250.63 66484.84 66807.66 67190.29 67772.93 68179.54 68704.78 69157.41 69448.28 69821.66 70175.68 70610.66
-9999 67301.51 66852.66 65950.88 65138.69 64401.6 63578.27 62862.83 62184.35 62022.87 61712.56 61827.29 62370.86 62710.77 63182.65 63413.76 63591.04 63755.39 63874.59 63961.04 63858.7 63663.55 63072.39 62797.31 62393 61852.73 60923.14 59131.4 58188.87 58189.29 58351.71 58101.96 57296.41 55788.36 57185.01 57279.38 57754.64 59039.69 60953.93 62912.32 64494.5 64905.97 64864.44 64685.2 64417.1 64334.36 64223.08 64429.88 64721.04 64956.27 65209.38 65438.71 65813.91 66259.13 66700.45 67098.52 67665.88 68137.7 68552.87 69076.62 69377.54 69596.26 69881.99 70194.51 70648.68
-9999 67434.38 66837.83 66017.8 65121.41 64350.21 63725.91 63105.82 62573.3 62284.67 62133.54 62159.29 62458.64 62779.96 63057.06 63242.63 63283.3 63264.17 63192.38 63199.48 63183.16 62941.83 62486.83 62281.95 61977.64 61605.28 60867.97 59103.99 58766.2 59158.81 59627.26 59492.04 58669.66 57075.67 57118.57 57246.01 57683.58 59006.46 60968.27 63189.21 64322.86 64593.88 64411.29 64148.31 63800.74 63682.61 63703.27 64035.67 64241.51 64646.47 64990.11 65220.53 65636.95 66266.26 66839.16 67400.38 68102.59 68694.73 69177.79 69620.09 69769.86 69828.96 69955.94 70282.98 70864.82
-9999 67252.54 66638.95 65920.7 65064.93 64294.36 63704.29 63296.07 62745.68 62551 62512.52 62538.89 62696.54 62908.28 62990.68 63095.67 63215.43 63147.29 62987.03 62953.05 62909.29 62706.01 62494.86 62333.58 62116.25 61987.13 61363.13 60032.6 60168.04 60745.91 61285.71 61133.97 60015.49 57674.89 56628.15 57273.19 57975.03 59232.85 60949.74 63059.88 64373.32 63533.05 63311.95 63086.13 62879.6 62897.44 63175.37 63402.25 63627.66 64165.02 64569.34 65070.56 65595.92 66199.63 66838.19 67607.08 68476.15 69288.69 70083.13 70357.91 70334.55 70233.77 70163.54 70437.71 70895.17
-9999 67039.95 66531.86 65874.38 65032.9 64390.64 63865.26 63383.13 62973.94 62770.86 62686.7 62718.28 62775.8 62869.41 62945.77 62993.93 63130.43 63158.04 63028.41 63009.48 62925.36 62893.65 62846.36 62796.28 62656.83 62622.54 62351.28 61504.38 61841.24 62462.03 62806.77 62178.56 60299.29 57972.97 56604.02 57484.95 58317.69 59423.59 60926.2 62028.58 62313.28 62021.72 61801.66 61720.9 61922.21 62372.64 62614.61 62993.65 63354.06 63765.39 64284 64865.22 65364.75 65978.53 66748.8 67698.42 68731.77 69866.01 70935.77 71428.44 71247.66 70829.38 70526.15 70438.49 70711.11
67574.05 66969.03 66495.54 65810.84 65058.86 64546.17 64012.63 63557.42 63190.41 62985.28 62815.81 62816.24 62795.63 62889.24 63030.97 63024.33 63107.15 63190.96 63124.23 63125.14 63159.79 63255.51 63270.84 63320.65 63404.87 63550.63 63745.37 63615.51 63423.33 64075.66 63890.13 62332.3 59771.93 57659.5 56697.39 57479.12 58467.41 59517.93 60354.88 60683.15 60657.27 60455.28 60382.86 60691.5 61431.28 62013.79 62350.77 62738.89 63105.4 63455.57 64002.88 64487.76 65063.73 65722.19 66615.43 67637.58 68871.61 70321.59 71793.24 72788.4 72632.27 71735.01 71026.77 70402.19 70515.77
67448.61 66874.36 66440.12 65768.73 65084.16 64645.2 64082.1 63730.38 63351.91 63233.98 63053.61 62973.75 62930.37 63095.15 63201.34 63131.02 63240.39 63295.41 63263.72 63266.7 63543.29 63590.05 63656.82 63930.88 64219.92 64704.49 64785.47 65253.48 65034.81 65210.97 64239.8 61900.27 59071.35 57020.28 56987.53 57753 58511.04 59201.56 59620.17 59727.1 59409.99 59329.64 59750.96 60528.7 61351.74 61898.89 62251.78 62618.06 62929.66 63272.11 63770.52 64265.07 64825.61 65550.23 66450.87 67471.67 68888.9 70504.37 72459.69 73987.63 74144.55 72898.05 71559.11 70635.77 70727.66
67255.13 66769.34 66283.41 65688.2 65099.16 64668.98 64208.28 63831.73 63555.91 63466.3 63352.72 63210.05 63164.44 63280.49 63310.25 63336.13 63456.02 63687.1 63787.67 63843.14 63853.39 63950.34 64198.75 64623.09 65062.38 65574.33 66140.23 66661.66 66117.88 65600.15 63827.11 61067.32 58323.78 56354.2 57064.09 57785.05 58280.17 58814.37 59071.46 59080.17 59067.09 59323.14 60067.19 60939.52 61523.28 61917.11 62183.21 62533.49 62835.98 63206.88 63661.44 64150.07 64679.93 65407.07 66244.66 67246.17 68678.55 70294.57 72357.2 74222.97 74837.91 73600.14 71865.54 71121.94 71749.96
67059.52 66606.95 66061.44 65537.44 65099.27 64661.68 64439.04 64027.41 63837.98 63595.79 63546.86 63514.93 63478.21 63501.41 63529.79 63840.32 63966.13 64084.62 64082.92 64049.55 64080.61 64358.19 64707.29 65270.67 65907.84 66507.2 67065.71 67301.48 66120.09 64884.87 62766.15 60042.1 57671.31 56077.75 57114.99 57735.38 57978.03 58464.49 58711.33 59000.67 59380.58 60015.91 60712.1 61415.84 61733.12 61975.49 62168.6 62516.39 62800.97 63213.66 63668.9 63991.93 64605.09 65264.73 66047.13 66959.26 68149.34 69675.64 71163.55 72881 73603.45 72523.23 71605.7 71579.8 72713.83
66852.02 66312.88 65854.19 65369.27 64987.93 64656.57 64502.34 64157.82 64007.12 63972.73 64004.09 64014.78 64076.07 64115.96 64190.16 64255.78 64300.07 64375.3 64384.36 64330.01 64308.84 64696.25 65106.2 65735.05 66610.52 67542.55 67744.29 67559.13 65804.83 63658.04 61489.06 59200 57354.46 56286.41 57247.05 57632.94 57847.84 58267.57 58621.21 59318.91 59969.77 60746.02 61272.8 61838.51 61904.93 62051.71 62304.32 62657.42 62854.63 63270.57 63707.5 64098.6 64641.63 65344.73 66002.67 66716.09 67537.51 68732.73 69756.27 70579.4 70897.28 71055.45 71023.27 71611.87 73477.23
66347.05 66092.75 65489.82 65080.6 64760.53 64659.18 64452.25 64426.98 64444.86 64399.54 64371.42 64408.79 64603.58 64635.02 64680.16 64740.86 64755.86 64701.61 64620.97 64544.86 64654.79 65117.42 65648.3 66483.28 67490.16 68622.27 68028.49 67210.7 65015.64 62299.26 60227.13 58518.27 57307.9 56922.1 57451.59 57597.68 57930.39 58327.81 58871.51 59780.25 60720.77 61412.52 61913.35 62344.11 62168.34 62182.2 62558.11 62847.01 63088.91 63405.6 63729.7 64312.23 64771.28 65323.59 65937.86 66466.45 67152.97 67875.84 68749.49 69235.7 69658.21 70147.37 70667.26 71790.12 73758.35
65778.05 65503.85 65138.45 64854.58 64619.48 64552.14 64529.43 64606.43 64690.53 64869.35 64981.6 65028.02 65140.71 65129.67 65091.07 65086.54 65012.63 64921.59 64853.09 64798.06 64988.18 65341.02 66111.84 67227.84 68373.55 69317.47 68520.34 66825.55 64249.94 61318.07 59183.21 57939.92 57341.89 57585.92 57754.45 57723.77 58078.47 58623.31 59398.42 60547.51 61689.92 62364.01 62524.81 62704.89 62481.25 62599.08 62813.74 63061.23 63378.34 63774.87 64178.7 64638.95 65145.75 65594.39 65995.6 66414.16 66966.05 67458.15 67987.91 68642.09 68906.45 69341.52 70406.15 71934.94 73694.98
65120.98 64775.38 64555.42 64443.46 64369.73 64397.68 64476.89 64793.8 64990.22 65214.33 65291.76 65415.43 65428.84 65401.19 65359.42 65286.61 65225.3 65154.14 65080.5 65010.23 65158.63 65558.54 66400.55 67590.05 68852.28 69423.73 68814.3 66549.45 63765.89 60849.99 58577.22 57572.88 57276.88 57705.28 58004.71 57811.46 58203.59 59023.94 60267.29 61704.19 62915.66 63241.2 62682.26 62548.91 62550.64 62929.7 63304.55 63629.38 63941.39 64360.33 64846.02 65163.02 65634.21 66089.83 66409.13 66878.52 67287.13 67732.9 68286.7 68685.94 69022.79 69627.88 70605.85 71875.55 73538.55
-9999 64255.12 64135 64110.03 64130.61 64320.76 64404.94 64813.82 65157.14 65373.62 65439.65 65496.29 65597.56 65564.14 65498.41 65416.48 65365.54 65265.09 65164.76 65038.68 65156.96 65754.63 66483.26 67528.62 68671.8 69002.83 67741 65546.07 62769.61 60273.34 58472.04 57351.5 56883.77 57270.46 57425.48 57635.08 58453.3 59844.92 61373.35 62968.57 63971.08 63766.34 62988.3 63011.49 63192.47 63666.03 64120.39 64409.98 64705.04 65111.48 65441.72 65751.56 66273.73 66794.8 67171.59 67629.48 68032.67 68473.7 69013.92 69403.19 69880.74 70500.77 71217.94 72178.73 73700.97
-9999 63628.05 63632.44 63746.74 63926.29 64222.99 64360.41 64833.27 65196.3 65433.05 65579.74 65607.52 65756.11 65603.89 65525.31 65450.14 65316.66 65081.85 64989.18 64869.11 65013.38 65512.53 66293.46 67111.45 67992.2 67788.05 66341.22 64306.72 61870.75 59831.3 58552.65 57518.55 56856.86 57056.63 56876.83 57359.87 58663.32 60705.22 62785.43 63665.93 63651.61 63617.23 63351.36 63630.19 63881.54 64342.46 64739.93 65093.09 65335.23 65637 65945.16 66348.32 66940.22 67504.84 67932.48 68344.06 68734.3 69264.69 69825.22 70391.99 70997.84 71643.19 72330.43 73243.32 74414.64
