Dropbox/GRP Data/GRP mammal paper/NN_analysis/DATA/2014 input files/la_h_bio_6.asc
ncols         272
nrows         166
xllcorner     -214329.5541171
yllcorner     212687.1820549
cellsize      821.1860311
NODATA_value  -9999
[rows 84 to 111 of 166, columns 0 to 61 of 272]
-9999 -9999 -9999 -9999 -9999 -9999 -9999 -9999 -9999 -9999 -9999 -9999 -9999 -9999 -9999 -9999 176.0065 176.4443 186.6823 187.7222 193.7164 198.6234 202.9033 202.9504 202.2435 202.4662 199.2365 194.5337 196.9564 182.5523 168.52 172.0694 172.6027 179.33 184.326 183.8905 183.5093 190.4562 201.0236 203.7841 206.0826 209.9503 209.5463 198.1298 196.1728 199.0513 205.8386 183.3627 192.2966 180.0459 117.0752 83.98483 74.35552 66.29615 44.56649 9.51662 -16.01784 -38.64187 -55.30902 -103.7101 -140.3403 -133.258
-9999 -9999 -9999 -9999 -9999 -9999 -9999 -9999 -9999 -9999 -9999 -9999 -9999 -9999 -9999 188.2253 178.1871 175.6572 185.7756 192.0646 194.5948 199.5818 203.4829 202.854 201.9727 201.1593 194.5225 190.4948 193.2711 185.1352 168.1585 167.1611 167.9424 174.9972 178.2691 180.4197 180.8714 182.0469 190.3441 194.2745 205.899 215.6465 216.5073 204.5529 204.1591 204.5951 189.0155 169.7903 153.8952 138.1607 119.5086 90.38692 62.43194 44.16082 31.56456 5.901492 -25.0785 -76.17991 -106.5243 -137.7522 -125.9146 -94.58892
-9999 -9999 -9999 -9999 -9999 -9999 -9999 -9999 -9999 -9999 -9999 -9999 -9999 -9999 209.4331 197.5286 183.3241 180.4242 184.8749 188.8868 188.8065 194.4146 201.6967 198.5446 197.723 196.4108 190.8768 190.1097 189.3991 184.0312 168.0065 166.9962 165.7543 164.8102 163.9397 170.2639 171.7258 174.3819 180.7155 185.3069 202.47 215.9562 217.648 206.3803 209.5135 206.9188 209.3984 217.554 197.6639 159.5269 127.5692 90.54118 60.59404 34.35712 13.66072 -18.75165 -48.0276 -90.28889 -114.5003 -124.597 -74.75296 -72.41016
-9999 -9999 -9999 -9999 -9999 -9999 -9999 -9999 -9999 -9999 -9999 -9999 -9999 219.434 219.7124 212.7516 196.0563 184.191 183.6439 183.1494 182.8703 186.5036 196.4116 192.1215 191.3612 191.0645 190.4496 188.3178 186.7879 170.407 165.9998 166.4937 165.1463 164.0587 163.8647 163.6836 164.2955 172.8769 172.3417 176.7679 181.6457 181.3737 200.0906 211.793 210.7912 208.3576 208.5497 215.9648 195.8451 163.2597 124.7356 88.39066 53.50803 24.4605 0.3487693 -33.94665 -63.84603 -98.47043 -122.5296 -116.915 -72.0421 -68.28284
-9999 -9999 -9999 -9999 -9999 -9999 -9999 -9999 -9999 -9999 -9999 -9999 226.6879 220.2616 226.6396 225.7112 212.2738 192.611 187.719 182.4839 182.257 181.7914 187.298 189.3136 189.3937 189.0546 188.4807 182.0112 178.0612 168.6218 157.994 166.0393 161.4648 155.3616 161.4938 163.848 163.7997 163.955 160.1203 160.0423 163.6888 170.004 197.8687 207.2887 206.4823 204.9555 206.6289 208.5167 193.8822 163.8049 128.0151 86.83627 46.63527 15.38741 -22.72655 -45.08804 -78.10052 -110.901 -131.3176 -124.5804 -86.74605 -81.85818
-9999 -9999 -9999 -9999 -9999 -9999 -9999 -9999 -9999 -9999 -9999 237.001 232.6493 225.807 227.6411 226.0218 218.9349 209.9809 198.1705 182.6048 181.5454 181.0261 180.6981 179.8145 180.1099 179.898 178.8722 172.2033 175.5627 167.9135 156.7387 159.2428 164.2095 158.0974 155.1387 155.0503 155.184 154.7458 156.6003 160.1318 160.4155 174.6309 199.0215 199.6328 198.7582 208.9444 208.3062 200.7374 180.945 151.3354 115.1825 71.16174 28.75897 -9.63075 -50.29437 -69.07804 -102.8514 -122.46 -123.9769 -129.5187 -92.12379 -99.79123
-9999 -9999 -9999 -9999 -9999 -9999 -9999 -9999 -9999 -9999 242.9322 240.3112 232.6584 227.0308 220.7343 220.5676 204.0963 200.6381 197.4645 186.33 180.7903 180.4938 179.9214 170.4468 171.6299 175.8247 169.2284 168.1961 168.2474 158.39 157.3291 163.6761 164.2089 153.4749 146.8799 146.2933 146.7471 152.026 155.7535 164.6543 171.8374 184.8634 194.1939 193.3726 197.8869 210.8219 212.1358 197.615 166.3218 139.6154 97.46463 51.6377 7.251073 -37.9128 -69.37918 -96.15594 -125.8489 -126.2271 -104.3592 -119.563 -103.7805 -104.0733
-9999 -9999 -9999 -9999 -9999 -9999 -9999 -9999 -9999 235.7791 242.7186 233.7533 229.9042 218.4671 211.7605 210.7455 210.4135 198.7379 187.4066 180.1476 179.9812 179.7086 171.6936 169.3957 169.0764 169.547 167.5708 161.6747 159.012 155.9051 155.8829 158.0933 157.6591 149.1688 144.2476 143.1672 148.3834 151.4096 156.0903 167.7761 179.9443 186.4732 189.7169 187.0145 198.8525 211.5568 212.7585 190.9461 155.7938 126.0749 85.68999 45.24185 7.861956 -39.38636 -79.53816 -107.2969 -126.3538 -118.1224 -90.02886 -105.1627 -109.2038 -106.0553
-9999 -9999 -9999 -9999 -9999 -9999 -9999 -9999 240.0204 241.7071 242.7262 242.1956 233.0435 231.5322 224.1113 212.3163 209.2125 198.5623 194.4389 186.4984 181.7143 178.4285 170.2309 168.7666 168.1059 167.5992 163.1747 157.3534 155.8795 155.2205 148.8533 148.8274 151.5936 147.3888 144.0408 142.9172 151.1874 152.5215 158.7892 168.5186 180.221 182.3282 185.9089 181.6039 197.5154 214.6703 206.7877 180.0869 148.1722 107.1799 77.64381 54.00542 33.88541 -17.484 -87.94013 -114.5259 -110.8329 -77.29961 -48.28317 -103.6901 -123.7888 -121.3366
-9999 -9999 -9999 -9999 -9999 -9999 -9999 229.7694 237.2409 240.4724 232.948 233.2864 232.7224 232.8914 230.9721 220.6006 217.3853 206.4196 202.5052 191.2672 185.1665 178.818 174.137 167.8013 167.3025 166.6778 160.5557 155.9053 155.4041 149.6655 144.5118 144.0382 146.9731 142.6374 143.2118 138.8801 143.9309 147.6274 156.5345 163.0531 176.2896 181.0806 180.2338 180.9477 195.0926 210.8966 198.7012 180.707 150.741 122.2586 98.8549 70.44537 23.05783 -7.002587 -80.83028 -41.53982 4.188216 48.63229 52.66945 45.26659 50.19412 49.40766
-9999 -9999 -9999 -9999 -9999 -9999 215.7114 219.103 224.9014 232.4168 231.441 231.8579 232.0059 232.0776 231.7703 228.3366 219.6408 214.1577 206.6734 198.3861 188.6277 178.2146 175.9142 171.242 169.4959 165.7335 159.4805 155.2286 154.9273 144.685 143.4169 140.1736 140.1665 133.0858 139.4024 131.7515 133.4582 136.6137 146.9628 150.304 165.4914 178.0423 179.5794 180.5172 186.008 191.3966 185.9769 148.4996 117.2695 89.45637 67.51454 53.10293 37.0486 26.88889 79.64104 109.9616 138.5399 152.5163 167.8829 171.1081 146.0879 140.7102
-9999 -9999 -9999 -9999 -9999 203.7027 199.2525 205.225 211.1016 221.0153 215.6228 225.4974 228.3138 224.028 224.005 223.8709 213.3065 210.9391 202.1407 199.2732 189.4922 184.8958 184.2931 183.3273 178.4407 166.4478 158.1166 154.3126 154.2779 144.333 141.0887 133.2138 131.57 124.5885 130.2806 131.8191 140.8995 145.6661 152.0756 152.3489 151.7634 170.6793 178.0523 181.0896 183.2126 163.5726 153.6892 146.8968 117.8664 101.2515 91.84461 104.5937 148.8523 149.9554 166.9252 165.9687 171.389 178.7695 198.5834 205.2523 178.2702 158.8472
-9999 -9999 -9999 -9999 206.5459 197.1809 194.9411 197.1868 199.0323 210.3422 202.0417 215.867 221.6906 218.5166 218.434 213.9626 208.1418 210.7963 203.5128 200.3926 195.2566 198.6623 199.6136 198.8545 192.1498 172.2344 159.0164 153.7634 151.7069 143.4832 140.0337 132.1151 125.7865 121.6151 121.7592 131.9779 144.1906 152.322 158.6544 168.9759 177.9753 178.6461 179.2805 185.1519 183.6144 175.6246 171.4396 167.1486 168.2982 165.1312 167.2302 179.091 196.6743 192.0445 191.9529 182.6805 182.0152 188.4338 203.5204 213.3384 194.0423 162.7884
-9999 -9999 -9999 -9999 197.3203 194.2409 197.7673 193.5029 189.2512 195.0622 195.4444 201.6972 213.0446 210.6167 209.6206 203.9882 204.0813 211.8419 211.5148 206.885 206.6738 204.6552 204.8215 203.8578 198.5823 182.6623 166.6061 155.1286 144.0545 142.9114 139.075 127.4477 121.4528 113.4719 121.4922 132.3555 147.7424 166.2162 171.4351 172.9637 174.1698 173.4815 173.3613 180.2835 181.7175 183.8249 182.659 187.851 194.3713 188.0242 197.6952 209.4303 207.8131 204.0738 201.4435 192.2484 191.8347 198.7078 202.9486 212.2477 199.1309 174.7232
-9999 -9999 -9999 192.8318 193.2681 192.0816 192.9289 188.5692 184.1484 180.2697 189.6037 188.5531 199.473 194.9924 192.7018 193.2359 193.1956 195.3915 202.4666 203.7089 203.3888 193.9673 193.2863 190.3519 179.2023 178.4787 175.5697 163.1194 159.8132 142.1175 138.2698 126.2602 121.0856 112.5601 112.8562 125.9373 145.9444 163.9592 173.9193 173.7796 172.8949 172.2892 175.9914 177.8314 177.9613 186.5278 184.3095 193.339 194.7166 188.449 197.1145 207.1123 206.5015 209.8735 208.0405 201.9927 199.718 203.321 193.8838 199.6987 187.1945 179.2617
-9999 -9999 -9999 188.9552 188.6556 184.0166 180.5021 181.1181 181.1542 174.6048 181.2019 181.428 181.6725 181.9828 182.4005 182.8266 183.0782 182.9477 182.8492 189.6064 185.5557 173.3396 171.7755 163.2668 163.3922 158.4216 160.8202 161.2843 151.8564 139.3253 129.2195 121.6347 120.5398 112.2847 110.3998 115.8883 130.2313 144.2838 147.353 150.9987 152.8443 160.7928 174.3282 179.4846 181.0877 185.9958 187.346 192.5993 191.0037 187.8208 193.5599 201.3104 203.9918 208.2993 207.7884 203.6021 197.9605 195.4108 178.7857 185.3338 169.6927 166.2223
-9999 -9999 182.3154 183.3603 181.2264 173.7552 174.1554 174.507 174.1164 174.0235 174.0064 173.4869 173.2319 173.2884 173.5627 173.6363 173.3933 173.2655 173.2858 173.7634 173.3973 172.1075 162.0624 153.3883 154.0008 157.5965 155.1436 146.843 143.2408 132.7831 126.2412 120.0943 120.6183 117.5204 110.1584 112.2919 123.5353 134.6383 139.7187 148.5372 153.9246 163.3893 170.0474 177.5627 184.1945 184.9424 189.8597 194.7767 198.9631 194.9807 196.6668 200.6612 202.0301 201.1539 202.6088 191.3081 180.1933 173.2963 165.8444 173.133 164.4456 159.1039
-9999 -9999 181.6871 182.2528 179.2046 173.3194 173.658 173.9705 173.3357 173.3366 173.5805 173.3319 173.0725 173.0577 173.558 164.6507 164.862 164.8214 168.6031 172.1191 165.3971 164.1665 154.2395 152.0809 155.3182 156.08 151.9767 141.0124 140.3406 134.5979 128.1906 122.0719 120.467 120.353 114.6317 115.9125 123.8417 134.8798 146.9658 162.7559 168.9584 172.3272 168.0433 172.7745 181.8863 186.7789 188.2601 199.8397 214.8849 211.4671 205.385 197.6246 195.0973 193.122 196.9217 179.8032 154.3858 136.4274 143.958 136.2215 135.8123 131.4818
-9999 181.483 181.5127 180.0141 171.7705 171.9574 172.5613 172.247 172.1398 171.6473 166.5447 172.9315 173.0045 172.8301 173.1805 170.6206 163.251 163.1746 164.244 165.2174 162.3662 161.7647 158.2192 157.9864 159.5071 154.4162 150.5004 139.9186 140.0494 138.2599 136.1356 134.1541 128.4143 123.3671 118.9121 118.5221 120.4837 130.186 143.1643 162.1917 167.9163 165.813 166.0563 172.6735 179.1857 188.7505 191.4052 202.9903 217.9471 222.4786 214.7418 202.6889 198.1877 188.0014 174.2994 150.6016 132.1187 118.0642 117.055 116.9703 110.345 91.91394
-9999 189.3813 181.9798 179.8095 171.3153 171.5636 171.087 171.1407 171.4235 169.9116 164.728 168.4181 164.4091 164.7887 165.5784 165.3808 162.4814 162.6026 158.9647 160.42 161.6361 161.4317 161.3812 161.2075 160.9206 153.3667 149.5083 143.2809 143.2145 142.6373 146.6748 153.3673 148.5252 143.1036 125.5804 118.5619 115.2292 120.564 136.5222 151.3607 166.9839 163.6618 159.6658 167.6606 168.0404 175.2683 177.1146 185.8201 219.4817 219.7114 218.7165 210.7096 190.0246 169.1898 156.406 132.1883 107.3919 79.64664 57.6093 80.29731 91.95367 77.08374
-9999 172.1724 171.6382 171.8548 170.5731 170.5313 170.2402 164.3461 163.8021 163.1491 161.7382 162.4454 160.6416 160.8701 161.4384 161.4059 161.6575 161.7949 158.7459 160.1566 160.9953 160.7097 160.6609 160.2053 159.8007 151.974 151.3226 148.4485 148.8753 150.5658 155.5465 166.3532 169.181 172.7884 143.1225 125.4613 120.1448 126.0506 146.3728 165.4972 166.1441 167.2942 166.6125 152.7368 149.3471 157.7927 159.2132 173.1135 197.1691 210.8192 207.9786 208.3016 195.7417 161.3476 154.908 127.3751 96.34106 30.95944 -24.91343 3.527336 32.22036 49.84249
-9999 168.9569 169.7499 170.1262 167.6698 163.6478 163.183 160.2358 159.9009 160.0378 160.0656 157.203 154.9137 155.1841 155.9069 156.2368 158.0903 161.1652 161.107 160.6819 160.1111 159.8571 159.672 158.8819 158.3288 152.2593 156.8963 149.754 151.3871 158.6829 165.611 170.4601 168.5318 138.7838 136.5095 128.1397 128.466 134.6413 156.7682 160.4782 150.6296 150.0322 150.0136 152.8177 154.4398 163.8073 163.8268 171.2315 190.8288 194.5744 199.0478 195.1054 183.2706 162.6544 147.8398 122.5883 80.52917 -2.673617 -80.67628 -54.07346 -27.55754 5.473121
168.0003 168.6048 168.3097 163.3952 159.7828 157.5621 159.2839 159.1869 159.28 158.4851 155.1593 152.2903 149.6291 149.7525 150.2949 153.8578 156.176 159.1842 157.7231 157.3416 157.0396 158.7723 158.4689 157.7131 157.5977 157.5056 158.4864 157.3776 158.1735 163.2958 175.4543 179.5381 151.9628 147.1784 138.3069 136.7997 136.4332 151.2568 160.3749 151.5921 148.5934 147.5658 150.6622 155.2452 161.6562 166.1327 166.575 174.3206 186.2839 192.2461 194.7231 190.6449 171.2257 154.0167 138.9448 114.2204 64.76859 -21.91059 -99.88979 -70.33532 -48.42771 -2.89004
168.5337 163.2045 162.5155 158.6016 156.5678 154.1382 154.8415 158.4984 155.193 153.9151 149.4616 149.4851 149.2072 149.5454 150.2664 158.1459 158.3603 153.5102 149.2173 148.7714 148.853 157.4001 156.9746 157.4894 157.5837 158.0923 168.2518 159.4123 171.1265 178.3723 180.5781 166.3151 149.7435 148.3726 148.7003 160.5532 162.0261 159.0271 153.6881 148.719 148.6719 153.3043 154.7198 156.1732 164.9025 166.3277 174.7705 189.2344 198.5027 201.229 194.2592 186.8731 162.3594 141.6645 131.3735 110.2527 56.55558 -33.43874 -89.64662 -61.69006 -25.50018 36.49947
164.4747 157.4972 157.9461 157.953 158.4016 151.9725 148.8311 155.3605 148.6511 148.8055 148.5616 147.4022 147.4198 147.6989 148.211 148.5607 148.4475 147.9938 147.7226 147.9213 148.609 154.732 150.9351 157.5032 157.7518 165.9544 169.1072 169.0868 178.692 180.8487 181.5908 163.7072 155.2509 155.4645 156.0058 160.6874 161.433 159.2048 149.6043 153.3748 153.3223 156.406 156.3243 160.3334 170.7634 176.7638 189.1123 202.7432 210.1721 207.0872 194.3004 180.8934 156.7557 134.8096 125.4229 111.6726 54.29257 -28.98299 -55.50557 -24.0976 23.98606 69.26411
158.9311 156.5907 157.4635 157.5879 157.1231 150.778 149.9706 148.8665 147.3228 146.8943 142.4154 137.776 137.78 137.9107 138.5208 139.0004 139.5067 139.5286 145.3571 147.6046 147.1783 149.9237 156.28 157.3682 163.5653 168.3283 169.5611 170.7815 173.1792 177.0523 171.005 159.6026 157.344 157.8993 157.5448 157.2464 154.0889 152.8284 152.0701 156.8345 156.222 156.6215 159.1083 168.3259 179.6265 191.2962 200.6248 202.1799 206.4196 204.9153 195.3193 179.3475 155.5316 132.3557 120.0956 109.2496 55.83023 2.825109 1.051625 71.82395 93.59241 97.82835
158.3519 156.8836 156.5127 155.6686 151.9547 148.3885 155.5157 148.0869 138.2156 134.0039 127.8109 128.103 128.3605 128.5946 129.1159 129.4535 130.3385 135.1788 139.2359 146.8423 146.9424 147.838 152.8736 157.3771 165.5275 169.1495 170.5932 170.8054 169.7541 171.5046 162.6186 157.4378 157.1591 157.6569 157.0385 154.5937 151.8305 151.4047 156.0265 156.9447 157.3562 160.2121 166.2666 175.1964 185.288 196.7815 200.6664 193.1338 197.5479 200.5005 201.0392 179.6615 153.9897 130.7094 116.3099 108.3519 73.94501 26.44922 56.48256 72.72993 95.88422 107.7365
158.3473 155.3109 154.1305 147.2271 147.6895 147.9151 139.5918 147.2343 135.9916 128.3137 127.5109 122.1595 119.8479 119.5776 119.6105 120.0255 120.6289 126.9661 135.9676 139.7884 146.892 149.2085 155.5793 161.4389 167.1447 169.934 170.9163 170.0557 168.8579 168.1073 163.1373 161.1214 160.7778 161.1315 160.575 157.1322 158.1699 157.4728 156.5486 157.4958 162.6964 169.4636 175.238 178.5801 185.1482 193.8597 191.3754 188.7507 192.1207 191.5183 197.6544 178.1999 147.0366 135.0592 126.4886 118.4283 118.4442 103.8689 102.5878 102.8642 115.5521 119.7884
