Dropbox/GRP Data/GRP mammal paper/NN_analysis/DATA/2014 input files/la_h_bio_5.asc
ncols         272
nrows         166
xllcorner     -214329.5541171
yllcorner     212687.1820549
cellsize      821.1860311
NODATA_value  -9999
[rows 29 to 57 of 166, columns 130 to 194 of 272]
-9999 -9999 -9999 -9999 -9999 -9999 -9999 -9999 -9999 -9999 -9999 -9999 -9999 -9999 -9999 -9999 2769.818 2744.214 2749.16 2760.23 2769.43 2755.91 2784.293 2791.466 2786.672 2797.631 2800.07 2776.206 2783.335 2815.946 2835.397 2834.837 2809.131 2806.993 2829.85 2820.467 2811.523 2807.408 2797.872 2793.404 2803.941 2803.184 2780.366 2737.394 2703.93 2671.319 2645.862 2622.169 2666.419 2744.091 2806.885 2843.165 2860.271 2835.764 2758.351 2750.387 2807.945 2843.063 2834.623 2792.274 2784.226 2700.219 2724.026 2792.387 2826.975
-9999 -9999 -9999 -9999 -9999 -9999 -9999 -9999 -9999 -9999 -9999 -9999 -9999 2893.177 2864.4 2814.205 2760.566 2733.332 2737.315 2760.651 2779.856 2789.731 2807.434 2815.995 2817.231 2824.685 2835.779 2823.852 2835.751 2859.446 2864.901 2858.06 2840.535 2831.046 2836.534 2829.567 2819.714 2813.791 2803.698 2797.31 2801.729 2799.83 2786.716 2763.181 2739.431 2716.41 2712.772 2685.792 2685.8 2745.554 2791.689 2852.356 2872.45 2870.847 2811.908 2776.765 2810.897 2849.455 2864.616 2844.917 2835.416 2764.357 2782.612 2839.422 2875.778
-9999 -9999 -9999 -9999 -9999 -9999 -9999 -9999 -9999 -9999 -9999 2946.963 2930.067 2904.776 2874.875 2826.577 2769.914 2733.967 2722.789 2750.917 2786.671 2816.186 2840.067 2848.464 2855.36 2859.431 2872.933 2872 2878.407 2890.544 2894.883 2886.028 2874.303 2852.503 2849.876 2838.634 2826.927 2821.558 2816.483 2810.933 2805.696 2796.678 2782.492 2782.45 2781.257 2761.634 2761.467 2760.34 2737.684 2766.513 2798.056 2853.039 2877.536 2882.893 2841.411 2807.461 2811.72 2847.007 2873.096 2882.172 2881.274 2852.675 2821.616 2868.238 2901.358
-9999 -9999 -9999 -9999 -9999 -9999 -9999 -9999 2979.643 2957.726 2941.088 2955.975 2927.318 2907.192 2886.775 2849.329 2798.944 2774.366 2774.094 2787.325 2808.552 2848.562 2876.177 2883.011 2884.796 2889.359 2905.046 2913.498 2906.348 2908.627 2914.459 2912.121 2898.605 2869.039 2868.111 2848.052 2836.291 2830.859 2827.98 2820.164 2812.384 2799.306 2769.955 2763.209 2776.39 2784.397 2795.967 2802.641 2793.396 2796.305 2827.135 2863.082 2872.803 2880.359 2855.636 2835.176 2839.948 2856.713 2870.322 2891.007 2891.954 2872.165 2835.722 2876.359 2915.063
-9999 -9999 -9999 -9999 -9999 -9999 2944.853 2965.329 2981.068 2982.824 2963.846 2962.51 2922.974 2915.901 2914.153 2888.716 2856.626 2844.958 2858.332 2854.303 2854.159 2898.075 2909.256 2915.347 2910.501 2912.088 2924.874 2938.441 2927.738 2918.771 2917.533 2927.342 2912.4 2891.49 2875.192 2856.135 2844.621 2837.004 2829.57 2827.674 2823.739 2808.269 2794.823 2771.381 2762.781 2779.064 2787.629 2803.323 2819.666 2824.795 2825.053 2853.817 2855.458 2865.021 2875.678 2855.123 2872.132 2874.369 2875.334 2885.474 2892.317 2878.948 2827.591 2876.703 2921.146
-9999 -9999 -9999 -9999 2905.141 2907.721 2915.298 2936.04 2957.782 2984.937 2989.114 2961.865 2924.56 2936.529 2949.408 2937.586 2925.12 2913.523 2915.087 2907.145 2912.77 2946.54 2939.555 2945.597 2946.457 2940.153 2935.116 2941.75 2951.427 2914.677 2894.078 2917.853 2909.601 2899.366 2875.444 2859.546 2848.79 2833.986 2830.058 2828.369 2819.604 2818.29 2807.761 2784.359 2794.822 2787.538 2782.788 2800.637 2816.967 2831.994 2834.768 2845.207 2853.37 2883.822 2893.601 2892.925 2893.268 2892.24 2877.803 2871.446 2893.991 2894.024 2811.549 2858.804 2907.564
-9999 2954.911 2938.155 2917.314 2887.765 2878.301 2886.447 2910.14 2929.193 2965.433 2996.07 2964.454 2935.642 2957.284 2968.901 2969.516 2965.04 2962.171 2956.245 2949.909 2960.755 2971.878 2972.849 2972.29 2976.448 2974.451 2964.07 2951.759 2964.943 2907.544 2860.957 2892.731 2900.933 2899.188 2877.23 2862.381 2850.166 2843.227 2839.809 2829.831 2827.294 2818.913 2813.026 2787.191 2781.004 2787.292 2780.925 2792.526 2808.989 2830.308 2827.369 2822.938 2870.153 2889.992 2899.754 2903.007 2902.879 2902.795 2899.501 2890.405 2894.673 2907.687 2832.403 2833.985 2894.824
2930.17 2936.287 2930.15 2901.323 2877.801 2860.056 2858.093 2876.984 2896.073 2932.989 2977.078 2987.663 2964.76 2974.778 2971.384 2971.175 2979.866 2980.389 2981.664 2982.181 2981.094 2980.232 2988.61 2988.899 2989.184 2990.476 2982.911 2961.322 2961.797 2948.131 2912.166 2894.883 2900.848 2864.748 2854.078 2849.333 2847.081 2843.492 2833.273 2837.87 2821.279 2819.471 2809.081 2785.469 2772.817 2789.252 2792.053 2794.587 2815.869 2832.085 2833.299 2826.715 2861.538 2893.698 2903.745 2904.497 2904.463 2904.505 2903.911 2900.912 2900.896 2910.724 2889.324 2846.289 2891.801
2904.957 2911.225 2910.662 2889.664 2867.913 2848.397 2836.528 2845.178 2861.079 2863.592 2911.009 2993.78 2993.158 2974.024 2976.049 2986.591 2987.028 2987.482 2988.662 2989.435 2988.312 2987.487 2988.208 2992.064 2998.48 2988.446 2990.138 2962.365 2962.124 2956.713 2936.513 2914.111 2895.791 2851.778 2822.256 2827.887 2832.23 2829.259 2817.468 2832.352 2820.389 2816.842 2805.083 2784.791 2771.094 2784.558 2809.605 2801.142 2808.554 2826.415 2823.077 2835.159 2858.169 2894.821 2908.515 2906.151 2904.743 2905.095 2910.106 2909.585 2909.077 2911.487 2917.153 2879.334 2884.625
2887.005 2899.139 2894.016 2862.305 2851.271 2839.313 2827.132 2823.062 2831.83 2823.769 2848.328 2933.316 2983.71 2960.703 2973.654 2986.389 2986.393 2986.704 2983.262 2973.734 2978.43 2987.295 2986.795 2986.723 2993.751 2981.179 2977.936 2962.643 2960.863 2951.335 2938.345 2918.352 2894.453 2870.538 2833.908 2813.147 2818.859 2813.285 2799.969 2824.612 2820.588 2815.999 2796.884 2777.189 2770.33 2787.059 2817.773 2809.145 2799.759 2821.11 2816.818 2828.245 2860.063 2897.918 2908.037 2906.174 2909.344 2909.811 2914.101 2913.408 2909.762 2910.629 2915.989 2906.144 2881.539
2869.594 2881.657 2891.69 2852.876 2832.446 2827.204 2820.922 2806.162 2811.553 2802.476 2813.596 2867.955 2917.22 2943.025 2959.824 2978.396 2969.478 2967.174 2970.795 2956.524 2954.594 2966.441 2973.196 2968.055 2967.912 2968.205 2967.363 2956.948 2956.053 2951.736 2947.288 2921.481 2900.008 2885.266 2845.475 2812.856 2786.531 2776.519 2781.458 2795.737 2798.03 2802.975 2788.14 2768.326 2754.623 2784.893 2812.029 2819.079 2804.189 2816.868 2820.307 2828.897 2870.559 2900.411 2907.447 2905.44 2913.283 2913.803 2913.84 2913.081 2898.975 2901.212 2913.902 2917.584 2894.463
2860.03 2871.681 2869.213 2842.542 2813.913 2806.88 2809.056 2807.427 2801.677 2769.381 2773.824 2820.738 2888.619 2930.293 2960.698 2955.958 2946.019 2945.173 2951.125 2946.935 2939.546 2941.117 2949.391 2954.615 2949.994 2953.219 2953.503 2944.019 2948.837 2948.847 2949.077 2925.767 2899.879 2884.694 2845.227 2809.027 2756.39 2738.979 2751.082 2756.372 2762.696 2769.003 2770.086 2764.58 2738.265 2762.884 2804.469 2826.007 2819.766 2820.866 2825.463 2846.232 2884.041 2899.147 2909.522 2908.025 2912.899 2913.622 2913.536 2912.966 2886.503 2885.428 2920.051 2920.423 2915.326
2844.44 2855.959 2855.489 2839.864 2812.214 2791.476 2789.394 2795.015 2780.902 2737.267 2727.635 2787.061 2843.67 2883.916 2934.99 2919.092 2918.299 2899.11 2914.16 2935.57 2931.04 2925.357 2931.085 2945.138 2945.064 2944.897 2940.391 2931.203 2938.207 2935.859 2938.061 2929.39 2898.569 2873.053 2838.514 2798.284 2752.896 2722.682 2716.618 2719.004 2731.87 2714.857 2720.715 2749.777 2739.886 2730.159 2799.602 2827.052 2832.753 2836.913 2828.485 2857.763 2888.055 2898.747 2909.225 2914.286 2913.436 2914.063 2914.164 2913.445 2890.627 2882.042 2918.833 2920.522 2919.201
2820.996 2836.936 2846.053 2834.775 2813.487 2781.705 2766.175 2774.225 2762.986 2727.447 2705.018 2759.127 2798.499 2810.076 2871.647 2883.599 2887.687 2847.185 2869.485 2902.745 2904.849 2904.126 2919.2 2926.572 2938.694 2938.708 2931.535 2918.617 2916.132 2910.252 2913.767 2921.987 2896.879 2853.334 2825.881 2792.719 2767.545 2725.425 2698.855 2683.147 2704.256 2662.032 2642.572 2692.238 2740.71 2720.886 2783.315 2830.069 2835.271 2842.195 2836.859 2859.358 2889.115 2907.583 2913.809 2914.546 2914.466 2914.866 2915.123 2914.07 2913.139 2894.711 2910.295 2919.503 2918.976
2808.795 2827.734 2841.514 2834.851 2817.032 2779.296 2752.889 2756.723 2752.994 2739.867 2712.965 2732.293 2772.929 2757.656 2807.875 2845.926 2861.904 2824.344 2834.212 2852.801 2856.013 2865.314 2899.177 2893.024 2912.1 2918.015 2916.168 2896.511 2878.488 2871.445 2865.985 2888.971 2867.029 2825.801 2801.428 2785.278 2775.459 2740.123 2682.554 2673.514 2684.997 2672.812 2611.282 2609.767 2713.296 2756.665 2778.031 2825.463 2831.637 2835.264 2843.829 2865.223 2889.603 2903.773 2910.581 2913.851 2914.899 2914.552 2914.731 2914.497 2913.72 2880.853 2893.236 2899.774 2902.36
2809.158 2828.152 2838.369 2831.026 2816.836 2779.918 2750.76 2743.087 2743.814 2749.411 2730.723 2715.674 2750.342 2752.696 2774.694 2794.32 2839.925 2829.606 2819.575 2828.213 2821.674 2832.155 2860.888 2851.131 2853.786 2882.617 2879.039 2866.856 2849.799 2842.588 2816.482 2848.927 2822.45 2796.096 2758.917 2762.107 2766.071 2737.341 2673.112 2681.54 2690.078 2679.37 2621.436 2582.586 2687.402 2784.61 2802.638 2825.214 2825.682 2839.246 2849.468 2862.777 2869.506 2876.438 2883.821 2902.519 2906.772 2916.19 2920.399 2914.587 2919.238 2895.309 2877.893 2893.165 2902.346
2805.432 2825.829 2830.076 2811.176 2800.394 2771.019 2743.053 2726.319 2729.016 2731.018 2735.911 2727.96 2729.374 2741.336 2744.417 2765.277 2794.504 2832.662 2847.18 2849.699 2822.555 2794.186 2796.029 2798.013 2812.531 2839.923 2834.229 2828.756 2849.508 2833.623 2791.762 2778.473 2785.427 2755.229 2746.979 2753.495 2742.105 2725.363 2688.879 2670.675 2672.921 2691.248 2635.152 2595.482 2685.913 2775.122 2807.819 2805.225 2797.995 2830.376 2852.018 2830.986 2834.793 2845.167 2860.934 2885.305 2904.396 2919.159 2917.604 2914.919 2916.992 2915.104 2885.561 2888.507 2869.483
2791.229 2815.194 2819.494 2805.738 2778.368 2747.556 2722.741 2698.879 2684.95 2693.527 2700.436 2718.212 2723.403 2739.408 2753.35 2756.62 2786.766 2817.333 2845.124 2859.161 2848.618 2819.082 2769.228 2775.65 2789.091 2806.086 2807.046 2824.52 2843.26 2844.705 2813.63 2777.599 2766.09 2754.471 2729.919 2736.871 2723.676 2676.935 2698.702 2663.801 2674.312 2700.102 2669.896 2605.281 2679.349 2771.24 2796.72 2782.254 2777.29 2802.416 2824.524 2788.748 2794.74 2814.021 2835.976 2865.624 2891.593 2916.223 2919.008 2921.521 2924.087 2923.232 2895.314 2865.758 2850.649
2776.468 2797.426 2793.284 2777.64 2745.127 2711.481 2666.207 2636.547 2622.775 2644.591 2673.392 2696.207 2717.157 2725.05 2744.511 2755.938 2774.608 2793.614 2822.13 2843.007 2850.975 2836.599 2818.494 2811.463 2806.522 2803.46 2802.563 2820.711 2856.893 2868.231 2832.421 2808.696 2775.637 2762.687 2731.635 2722.012 2710.068 2654.766 2695.207 2685.302 2690.571 2717.715 2715.148 2643.615 2700.792 2772.908 2778.562 2761.544 2751.973 2772.011 2788.547 2754.114 2757.113 2786.217 2811.262 2841.821 2873.068 2909.473 2921.171 2923.865 2925.953 2926.227 2888.544 2833.996 2844.187
2763.98 2758.459 2747.42 2719.35 2709.396 2672.042 2615.637 2569.098 2545.431 2572.766 2623.134 2670.182 2700.914 2720.875 2729.325 2750.787 2762.684 2771.75 2793.899 2823.592 2844.639 2840.816 2837.458 2842.01 2834.056 2812.104 2796.272 2807.45 2850.527 2870.812 2857.813 2840.983 2804.215 2778.367 2744.917 2710.518 2686.628 2656.406 2696.583 2695.291 2707.797 2736.784 2744.514 2689.591 2712.784 2752.511 2758.442 2749.769 2739.307 2754.378 2757.798 2729.901 2724.547 2758.571 2789.088 2822.704 2862.198 2901.105 2918.772 2921.141 2922.962 2929.174 2889.429 2808.204 2818.199
2746.097 2744.078 2733.029 2704.898 2668.589 2624.052 2579.243 2521.344 2487.371 2516.517 2577.654 2645.005 2688.768 2714.071 2731.968 2742.329 2751.756 2765.862 2784.684 2817.256 2836.13 2829.306 2830.554 2849.223 2841.132 2810.787 2792.577 2797.264 2827.859 2857.424 2863.508 2844.869 2811.738 2797.292 2760.914 2700.169 2664.668 2675.458 2715.668 2693.356 2721.915 2747.892 2752.575 2718.335 2710.083 2725.511 2744.922 2747.007 2745.446 2750.522 2740.358 2711.318 2706.549 2745.77 2779.07 2821.332 2864.145 2891.758 2911.805 2917.834 2923.656 2920.38 2910.971 2798.494 2764.959
2734.329 2734.086 2730.341 2710.117 2668.389 2614.07 2554.832 2498.657 2458.395 2497.609 2559.373 2637.851 2683.928 2698.263 2722.325 2738.472 2751.723 2762.856 2792.377 2814.784 2817.878 2813.151 2819.988 2840.639 2835.942 2809.154 2800.159 2797.303 2811.344 2831.195 2814.74 2815.88 2794.302 2796.787 2759.457 2693.039 2663.025 2706.409 2737.298 2708.476 2735.297 2749.039 2750.635 2727.534 2717.468 2722.003 2738.785 2747.177 2753.803 2751.991 2741.644 2709.366 2720.704 2767.544 2792.76 2836.933 2870.438 2882.872 2898.568 2905.465 2909.085 2885.376 2890.035 2806.715 2714.563
2725.289 2729.855 2730.306 2720.206 2684.868 2626.02 2551.344 2497.159 2469.182 2510.8 2576.162 2657.619 2691.002 2680.757 2698.333 2733.911 2755.797 2760.208 2795.786 2805.687 2784.898 2788.337 2800.768 2806.878 2818.334 2815.43 2795.808 2789.03 2797.838 2787.645 2742.269 2768.368 2765.746 2761.234 2734.856 2695.595 2685.704 2733.404 2740.135 2744.34 2749.689 2748.435 2748.763 2728.689 2725.272 2723.94 2725.069 2747.391 2760.706 2754.297 2753.582 2755.921 2767.166 2789.129 2815.705 2847.597 2870.186 2872.617 2864.453 2876.827 2862.539 2839.4 2788.172 2770.008 2685.982
2721.093 2729.689 2730.766 2726.9 2701.616 2653.648 2582.555 2534.219 2522.715 2557.516 2619.431 2692.803 2710.199 2681.217 2686.808 2715.137 2747.453 2759.389 2787.63 2791.225 2756.135 2752.083 2763.257 2747.147 2774.008 2813.31 2751.259 2753.012 2763.473 2740.174 2728.352 2714.686 2712.518 2720.238 2722.661 2707.997 2721.557 2737.466 2747.712 2764.225 2768.961 2765.4 2765.933 2736.29 2732.069 2727.833 2718.227 2741.108 2754.005 2769.478 2780.911 2783.994 2794.736 2810.865 2826.952 2856.595 2866.903 2824.052 2788.138 2809.747 2798.512 2759.99 2702.136 2724.314 2643.076
2724.49 2731.009 2731.811 2729.458 2716.371 2691.248 2642.002 2612.133 2605.751 2634.747 2673.687 2726.082 2739.322 2714.396 2701.33 2681.551 2716.212 2748.222 2781.739 2779.743 2763.345 2734.114 2732.595 2719.017 2723.504 2786.008 2718.446 2730.432 2739.291 2721.219 2709.419 2681.58 2672.884 2715.52 2704.306 2710.543 2726.238 2737.236 2746.837 2753.603 2766.236 2786.863 2784.008 2738.706 2732.554 2715.959 2711.884 2719.157 2747.487 2756.163 2767.671 2785.183 2796.225 2817.177 2842.241 2866.38 2876.964 2864.203 2824.03 2795.26 2795.126 2759.619 2697.622 2698.733 2619.85
2733.552 2735.234 2733.523 2731.247 2725.051 2716.647 2698.233 2688.947 2690.881 2711.983 2730.275 2757.688 2779.722 2763.818 2717.025 2660.806 2672.239 2717.269 2751.2 2784.098 2763.996 2734.757 2697.877 2655.756 2643.886 2750.455 2739.365 2720.384 2712.804 2698.673 2696.269 2713.132 2704.237 2695.422 2692.698 2693.373 2718.198 2758.336 2752.467 2749.193 2767.484 2789.606 2779.793 2737.712 2724.962 2700.5 2698.709 2722.629 2741.231 2746.703 2758.58 2780.739 2803.249 2829.41 2847.249 2861.654 2886.14 2880.765 2857.893 2833.1 2819.741 2806.614 2733.186 2665.808 2587.381
2743.397 2744.903 2736.334 2733.988 2727.758 2728.499 2729.064 2747.366 2759.258 2770.676 2782.726 2789.067 2797.228 2789.416 2754.447 2715.822 2701.11 2730.406 2739.636 2763.242 2770.974 2737.211 2684.452 2632.844 2604.146 2672.877 2719.299 2709.435 2693.184 2664.003 2675.788 2709.575 2733.569 2731.705 2713.573 2704.545 2743.561 2769.084 2760.511 2761.396 2777.637 2792.388 2783.645 2763.083 2729.925 2707.949 2699.659 2736.323 2754.316 2745.136 2749.873 2772.97 2802.617 2837.812 2854.792 2876.259 2895.351 2896.485 2885.733 2870.998 2857.438 2834.828 2766.831 2675.142 2586.246
2753.797 2755.296 2745.158 2743.267 2737.164 2737.258 2744.422 2765.269 2776.814 2782.987 2791.047 2812.492 2810.135 2807.071 2799.881 2773.426 2746.96 2747.276 2753.423 2761.792 2776.138 2750.931 2704.147 2654.86 2632.04 2661.932 2710.159 2720.593 2696.65 2669.251 2681.334 2723.588 2771.028 2778.565 2761.666 2744.705 2768.381 2803.079 2787.801 2790.672 2798.039 2795.596 2795.088 2797.118 2783.221 2752.586 2733.678 2767.947 2767.954 2745.3 2741.059 2765.712 2801.153 2838.096 2862.468 2892.938 2909.645 2920.945 2914.618 2896.589 2879.41 2839.704 2768.112 2695.311 2616.644
2762.147 2764.445 2762.788 2752.684 2750.415 2759.943 2770.693 2783.313 2793.541 2797.166 2812.305 2830.921 2839.19 2825.406 2808.31 2790.896 2765.773 2764.319 2776.731 2791.149 2795.717 2779.804 2739.665 2715.145 2696.782 2700.667 2732.063 2756.632 2749.336 2727.545 2735.46 2766.902 2809.478 2827.277 2822.585 2808.935 2820.052 2838.606 2818.128 2818.18 2807.34 2788.115 2803.991 2818.588 2826.587 2809.979 2798.739 2825.492 2786.565 2749.379 2753.06 2776.476 2807.843 2839.713 2867.13 2898.981 2927.349 2941.482 2939.841 2923.834 2890.634 2839.555 2752.375 2701.594 2663.676
