Dropbox/GRP Data/GRP mammal paper/NN_analysis/DATA/2014 input files/la_h_bio_1.asc
ncols         272
nrows         166
xllcorner     -214329.5541171
yllcorner     212687.1820549
cellsize      821.1860311
NODATA_value  -9999
[rows 78 to 116 of 166, columns 176 to 263 of 272]
755 758 762 761 761 760 757 739 734 709 721 768 789 777 784 783 775 778 796 821 830 831 832 821 813 816 817 781 727 728 730 708 710 739 751 786 824 859 872 870 872 872 872 873 872 875 869 866 874 876 882 901 911 902 901 901 902 910 917 916 916 910 897 890 870 849 824 824 820 808 775 753 764 770 -9999 -9999 -9999 -9999 -9999 -9999 -9999 -9999 -9999 -9999 -9999 -9999 -9999 -9999
756 758 761 761 759 759 745 710 724 711 715 752 780 794 802 809 803 792 812 831 834 835 835 830 821 822 824 795 746 742 737 707 683 738 754 794 832 862 875 876 879 877 877 876 881 882 885 883 885 891 898 916 923 920 922 920 920 923 920 918 917 915 907 899 883 863 842 840 839 818 775 735 742 751 -9999 -9999 -9999 -9999 -9999 -9999 -9999 -9999 -9999 -9999 -9999 -9999 -9999 -9999
753 757 758 758 758 757 746 735 699 691 707 724 753 784 801 813 820 821 828 834 836 837 838 837 829 829 831 819 792 765 739 722 715 747 759 802 850 877 881 884 886 882 880 881 885 887 892 897 901 903 907 915 929 930 931 930 931 929 923 920 917 915 913 910 902 882 864 856 851 829 779 743 743 -9999 -9999 -9999 -9999 -9999 -9999 -9999 -9999 -9999 -9999 -9999 -9999 -9999 -9999 -9999
742 753 757 757 754 750 745 724 692 682 704 723 758 766 794 812 824 829 833 834 836 838 839 839 837 837 835 832 805 761 744 733 741 760 777 812 862 890 892 892 890 885 883 886 885 888 894 901 908 911 913 912 932 933 933 934 934 931 925 922 916 913 913 915 911 894 876 866 855 837 794 777 -9999 -9999 -9999 -9999 -9999 -9999 -9999 -9999 -9999 -9999 -9999 -9999 -9999 -9999 -9999 -9999
728 746 750 750 748 750 751 725 684 677 712 752 776 767 790 809 822 829 833 835 837 839 840 841 842 842 840 837 800 751 748 743 751 771 809 837 876 901 903 896 892 886 884 887 886 888 893 899 906 914 919 922 935 934 935 936 934 931 926 922 914 905 903 913 910 896 884 873 860 848 823 -9999 -9999 -9999 -9999 -9999 -9999 -9999 -9999 -9999 -9999 -9999 -9999 -9999 -9999 -9999 -9999 -9999
721 735 742 745 746 752 755 732 689 674 709 746 755 774 795 793 815 828 833 836 838 839 842 844 845 845 845 839 799 753 754 758 764 786 843 870 896 910 909 897 891 884 880 886 889 889 894 899 906 914 924 936 936 935 936 934 933 930 927 921 912 893 886 909 907 895 884 875 864 854 -9999 -9999 -9999 -9999 -9999 -9999 -9999 -9999 -9999 -9999 -9999 -9999 -9999 -9999 -9999 -9999 -9999 -9999
720 725 733 741 747 752 755 742 707 673 693 708 730 772 792 778 799 819 829 835 835 836 843 846 847 847 847 840 800 758 761 774 790 813 861 889 907 913 910 897 888 877 875 885 891 890 897 902 908 917 934 938 936 936 934 932 931 928 924 919 910 894 888 904 901 895 887 877 870 -9999 -9999 -9999 -9999 -9999 -9999 -9999 -9999 -9999 -9999 -9999 -9999 -9999 -9999 -9999 -9999 -9999 -9999 -9999
718 721 727 737 745 751 756 757 722 677 686 701 758 766 768 782 783 796 814 824 821 827 842 847 848 848 849 843 806 763 761 784 820 835 848 885 910 914 912 901 884 872 876 885 890 893 899 905 910 927 938 941 939 937 935 933 929 925 920 917 911 906 898 875 869 893 891 880 870 -9999 -9999 -9999 -9999 -9999 -9999 -9999 -9999 -9999 -9999 -9999 -9999 -9999 -9999 -9999 -9999 -9999 -9999 -9999
716 719 723 732 744 747 752 751 732 696 692 698 731 770 779 781 779 783 786 785 791 814 831 845 847 845 848 845 829 796 773 771 789 804 817 878 911 913 911 899 882 871 875 887 894 896 902 905 918 932 937 939 937 935 933 930 926 922 915 911 906 891 879 871 863 863 868 867 -9999 -9999 -9999 -9999 -9999 -9999 -9999 -9999 -9999 -9999 -9999 -9999 -9999 -9999 -9999 -9999 -9999 -9999 -9999 -9999
709 709 714 725 736 725 732 769 739 738 700 666 694 787 777 780 779 789 777 761 776 772 788 819 833 836 841 842 828 806 782 776 780 806 829 880 908 910 903 899 890 882 886 892 896 900 905 906 916 923 928 934 935 931 928 925 922 916 910 907 901 886 874 867 862 859 859 -9999 -9999 -9999 -9999 -9999 -9999 -9999 -9999 -9999 -9999 -9999 -9999 -9999 -9999 -9999 -9999 -9999 -9999 -9999 -9999 -9999
711 728 733 735 698 703 728 746 733 754 760 732 720 736 810 807 805 800 782 723 732 767 771 788 809 823 840 842 837 822 803 783 780 810 862 896 912 912 910 910 903 891 890 897 900 903 912 915 917 921 924 930 932 929 925 922 918 911 905 902 896 883 874 869 865 859 -9999 -9999 -9999 -9999 -9999 -9999 -9999 -9999 -9999 -9999 -9999 -9999 -9999 -9999 -9999 -9999 -9999 -9999 -9999 -9999 -9999 -9999
675 674 675 686 640 644 661 701 745 781 801 775 732 722 756 786 770 740 733 708 708 748 766 778 788 813 837 842 842 837 832 807 798 851 892 909 915 913 915 920 916 901 895 899 902 911 918 909 910 915 926 928 929 927 924 920 915 908 902 894 888 879 873 869 868 -9999 -9999 -9999 -9999 -9999 -9999 -9999 -9999 -9999 -9999 -9999 -9999 -9999 -9999 -9999 -9999 -9999 -9999 -9999 -9999 -9999 -9999 -9999
620 620 656 646 611 627 648 708 779 798 806 767 730 702 710 729 729 714 715 734 718 720 730 745 773 797 819 818 818 827 843 838 839 879 905 913 916 917 919 926 922 907 901 904 913 913 898 881 881 895 914 916 924 924 921 916 911 906 900 889 883 876 872 869 868 -9999 -9999 -9999 -9999 -9999 -9999 -9999 -9999 -9999 -9999 -9999 -9999 -9999 -9999 -9999 -9999 -9999 -9999 -9999 -9999 -9999 -9999 -9999
589 590 623 616 615 654 698 760 793 784 797 779 754 731 709 713 719 715 726 769 760 746 734 732 760 786 802 795 794 809 833 849 862 881 897 905 913 918 925 928 923 912 910 920 914 873 854 834 832 858 883 896 916 918 916 912 908 904 899 892 886 879 874 870 -9999 -9999 -9999 -9999 -9999 -9999 -9999 -9999 -9999 -9999 -9999 -9999 -9999 -9999 -9999 -9999 -9999 -9999 -9999 -9999 -9999 -9999 -9999 -9999
580 564 597 611 637 695 757 782 782 770 786 790 780 776 754 756 739 726 756 791 813 827 795 759 762 787 799 791 793 806 819 837 851 872 882 894 907 919 931 930 925 921 924 927 887 807 808 784 787 818 840 875 896 905 909 907 906 901 899 895 889 884 877 -9999 -9999 -9999 -9999 -9999 -9999 -9999 -9999 -9999 -9999 -9999 -9999 -9999 -9999 -9999 -9999 -9999 -9999 -9999 -9999 -9999 -9999 -9999 -9999 -9999
581 548 591 624 671 736 775 767 769 773 781 783 784 787 802 807 776 761 793 807 857 904 864 806 787 794 803 793 800 811 816 825 837 861 878 894 909 926 937 935 930 932 941 895 847 795 782 755 773 793 792 841 862 882 895 900 901 898 897 893 888 882 -9999 -9999 -9999 -9999 -9999 -9999 -9999 -9999 -9999 -9999 -9999 -9999 -9999 -9999 -9999 -9999 -9999 -9999 -9999 -9999 -9999 -9999 -9999 -9999 -9999 -9999
600 567 602 645 705 760 758 767 772 775 784 793 792 794 816 824 820 821 817 835 892 939 926 863 814 806 807 798 803 810 816 825 825 856 887 903 924 943 947 945 937 937 934 885 806 793 778 717 716 773 792 814 856 870 885 894 897 898 894 889 881 -9999 -9999 -9999 -9999 -9999 -9999 -9999 -9999 -9999 -9999 -9999 -9999 -9999 -9999 -9999 -9999 -9999 -9999 -9999 -9999 -9999 -9999 -9999 -9999 -9999 -9999 -9999
660 630 648 684 721 740 755 794 785 783 798 820 832 844 875 881 860 843 859 880 921 940 940 915 852 818 810 809 810 810 836 861 850 871 899 917 943 968 964 957 950 949 936 865 804 795 754 730 706 730 796 820 839 860 869 886 889 893 887 877 -9999 -9999 -9999 -9999 -9999 -9999 -9999 -9999 -9999 -9999 -9999 -9999 -9999 -9999 -9999 -9999 -9999 -9999 -9999 -9999 -9999 -9999 -9999 -9999 -9999 -9999 -9999 -9999
750 728 733 729 730 742 769 810 834 839 840 851 847 878 895 910 911 911 911 911 930 939 946 933 892 843 809 808 809 824 856 880 883 894 911 930 944 967 980 978 959 945 937 858 813 766 731 714 706 741 798 801 809 837 864 880 883 883 876 869 -9999 -9999 -9999 -9999 -9999 -9999 -9999 -9999 -9999 -9999 -9999 -9999 -9999 -9999 -9999 -9999 -9999 -9999 -9999 -9999 -9999 -9999 -9999 -9999 -9999 -9999 -9999 -9999
740 742 730 735 745 762 794 829 841 854 865 867 848 882 905 933 941 938 933 935 940 946 950 943 926 889 844 821 825 853 887 892 893 906 934 956 964 977 986 986 971 950 930 877 820 792 757 737 742 777 803 800 803 826 855 875 879 871 861 -9999 -9999 -9999 -9999 -9999 -9999 -9999 -9999 -9999 -9999 -9999 -9999 -9999 -9999 -9999 -9999 -9999 -9999 -9999 -9999 -9999 -9999 -9999 -9999 -9999 -9999 -9999 -9999 -9999
751 756 770 774 773 792 813 831 845 859 873 877 877 889 910 928 947 956 957 957 956 952 953 948 944 929 902 861 863 886 911 898 905 927 952 970 982 987 990 990 982 965 930 891 848 810 788 782 784 798 813 802 807 821 851 871 875 862 -9999 -9999 -9999 -9999 -9999 -9999 -9999 -9999 -9999 -9999 -9999 -9999 -9999 -9999 -9999 -9999 -9999 -9999 -9999 -9999 -9999 -9999 -9999 -9999 -9999 -9999 -9999 -9999 -9999 -9999
780 778 789 794 796 809 822 832 845 856 866 878 895 903 916 934 951 965 968 970 970 964 960 955 953 939 930 907 906 924 932 922 935 959 974 984 994 994 995 994 989 972 921 867 840 812 803 808 809 823 839 826 811 820 851 871 873 -9999 -9999 -9999 -9999 -9999 -9999 -9999 -9999 -9999 -9999 -9999 -9999 -9999 -9999 -9999 -9999 -9999 -9999 -9999 -9999 -9999 -9999 -9999 -9999 -9999 -9999 -9999 -9999 -9999 -9999 -9999
800 808 813 810 806 821 832 838 850 866 879 882 888 899 916 934 955 967 971 972 974 971 966 960 955 942 940 941 941 952 952 954 966 983 990 997 999 999 1000 998 992 971 915 838 812 814 814 808 816 845 868 867 833 840 860 875 -9999 -9999 -9999 -9999 -9999 -9999 -9999 -9999 -9999 -9999 -9999 -9999 -9999 -9999 -9999 -9999 -9999 -9999 -9999 -9999 -9999 -9999 -9999 -9999 -9999 -9999 -9999 -9999 -9999 -9999 -9999 -9999
803 816 829 824 821 839 846 852 850 865 879 881 878 886 914 931 956 967 970 971 973 971 970 965 957 952 953 958 960 963 967 974 980 987 993 998 1000 1002 1002 1000 994 974 929 851 827 823 836 810 812 842 877 893 880 883 884 -9999 -9999 -9999 -9999 -9999 -9999 -9999 -9999 -9999 -9999 -9999 -9999 -9999 -9999 -9999 -9999 -9999 -9999 -9999 -9999 -9999 -9999 -9999 -9999 -9999 -9999 -9999 -9999 -9999 -9999 -9999 -9999 -9999
793 808 829 835 840 851 852 862 844 849 856 870 871 882 913 935 953 964 968 969 971 972 973 970 965 960 963 964 964 968 973 980 985 988 992 996 998 1001 1003 1000 997 985 941 887 872 844 867 838 814 852 890 910 913 912 -9999 -9999 -9999 -9999 -9999 -9999 -9999 -9999 -9999 -9999 -9999 -9999 -9999 -9999 -9999 -9999 -9999 -9999 -9999 -9999 -9999 -9999 -9999 -9999 -9999 -9999 -9999 -9999 -9999 -9999 -9999 -9999 -9999 -9999
785 807 826 837 840 839 838 849 842 839 846 848 854 877 901 932 944 958 966 967 970 971 972 971 970 969 967 969 970 973 976 982 985 987 989 992 996 999 1001 1001 998 993 983 965 943 878 891 884 840 883 920 926 930 -9999 -9999 -9999 -9999 -9999 -9999 -9999 -9999 -9999 -9999 -9999 -9999 -9999 -9999 -9999 -9999 -9999 -9999 -9999 -9999 -9999 -9999 -9999 -9999 -9999 -9999 -9999 -9999 -9999 -9999 -9999 -9999 -9999 -9999 -9999
792 810 822 826 825 814 816 816 837 812 814 809 831 862 892 923 940 955 960 964 968 968 969 968 968 968 967 969 972 976 978 982 983 984 984 986 989 993 998 999 998 995 990 984 976 958 946 937 936 942 951 948 -9999 -9999 -9999 -9999 -9999 -9999 -9999 -9999 -9999 -9999 -9999 -9999 -9999 -9999 -9999 -9999 -9999 -9999 -9999 -9999 -9999 -9999 -9999 -9999 -9999 -9999 -9999 -9999 -9999 -9999 -9999 -9999 -9999 -9999 -9999 -9999
794 811 815 814 819 781 764 807 822 785 786 804 810 825 885 915 942 954 955 960 963 963 962 961 962 964 966 970 974 976 978 979 980 980 978 978 983 986 992 993 994 992 989 986 983 976 973 967 966 963 959 -9999 -9999 -9999 -9999 -9999 -9999 -9999 -9999 -9999 -9999 -9999 -9999 -9999 -9999 -9999 -9999 -9999 -9999 -9999 -9999 -9999 -9999 -9999 -9999 -9999 -9999 -9999 -9999 -9999 -9999 -9999 -9999 -9999 -9999 -9999 -9999 -9999
781 802 801 801 811 776 765 819 788 774 781 794 837 868 908 930 944 949 947 946 946 949 953 953 957 962 966 969 973 975 977 977 978 977 976 975 977 980 985 990 991 990 986 983 981 978 977 975 971 -9999 -9999 -9999 -9999 -9999 -9999 -9999 -9999 -9999 -9999 -9999 -9999 -9999 -9999 -9999 -9999 -9999 -9999 -9999 -9999 -9999 -9999 -9999 -9999 -9999 -9999 -9999 -9999 -9999 -9999 -9999 -9999 -9999 -9999 -9999 -9999 -9999 -9999 -9999
783 793 796 788 797 766 779 815 801 785 797 832 875 897 913 926 927 931 936 940 940 939 942 934 933 954 964 967 973 974 974 975 976 976 974 972 972 974 975 983 988 988 985 981 979 978 976 -9999 -9999 -9999 -9999 -9999 -9999 -9999 -9999 -9999 -9999 -9999 -9999 -9999 -9999 -9999 -9999 -9999 -9999 -9999 -9999 -9999 -9999 -9999 -9999 -9999 -9999 -9999 -9999 -9999 -9999 -9999 -9999 -9999 -9999 -9999 -9999 -9999 -9999 -9999 -9999 -9999
781 787 784 764 775 765 789 810 799 785 814 845 865 876 884 896 895 912 928 934 933 930 933 922 920 936 957 964 970 969 970 974 974 973 969 961 956 946 944 968 983 987 985 982 979 -9999 -9999 -9999 -9999 -9999 -9999 -9999 -9999 -9999 -9999 -9999 -9999 -9999 -9999 -9999 -9999 -9999 -9999 -9999 -9999 -9999 -9999 -9999 -9999 -9999 -9999 -9999 -9999 -9999 -9999 -9999 -9999 -9999 -9999 -9999 -9999 -9999 -9999 -9999 -9999 -9999 -9999 -9999
775 777 759 744 741 760 791 779 770 767 792 805 817 821 833 855 864 886 898 904 914 918 925 915 917 923 944 952 954 946 943 963 968 966 955 942 925 890 888 938 975 986 -9999 -9999 -9999 -9999 -9999 -9999 -9999 -9999 -9999 -9999 -9999 -9999 -9999 -9999 -9999 -9999 -9999 -9999 -9999 -9999 -9999 -9999 -9999 -9999 -9999 -9999 -9999 -9999 -9999 -9999 -9999 -9999 -9999 -9999 -9999 -9999 -9999 -9999 -9999 -9999 -9999 -9999 -9999 -9999 -9999 -9999
734 766 743 727 722 740 760 745 746 750 763 756 749 748 786 816 834 845 844 860 879 887 899 897 905 922 938 941 936 916 905 934 946 944 934 924 886 837 -9999 -9999 -9999 -9999 -9999 -9999 -9999 -9999 -9999 -9999 -9999 -9999 -9999 -9999 -9999 -9999 -9999 -9999 -9999 -9999 -9999 -9999 -9999 -9999 -9999 -9999 -9999 -9999 -9999 -9999 -9999 -9999 -9999 -9999 -9999 -9999 -9999 -9999 -9999 -9999 -9999 -9999 -9999 -9999 -9999 -9999 -9999 -9999 -9999 -9999
691 743 736 715 718 715 709 709 721 733 742 721 685 688 754 786 802 799 794 825 835 841 854 860 877 918 941 951 944 921 911 911 915 911 922 -9999 -9999 -9999 -9999 -9999 -9999 -9999 -9999 -9999 -9999 -9999 -9999 -9999 -9999 -9999 -9999 -9999 -9999 -9999 -9999 -9999 -9999 -9999 -9999 -9999 -9999 -9999 -9999 -9999 -9999 -9999 -9999 -9999 -9999 -9999 -9999 -9999 -9999 -9999 -9999 -9999 -9999 -9999 -9999 -9999 -9999 -9999 -9999 -9999 -9999 -9999 -9999 -9999
689 711 727 709 701 697 679 660 670 696 692 679 658 670 714 752 773 754 759 795 799 822 839 822 863 914 937 954 963 964 966 964 -9999 -9999 -9999 -9999 -9999 -9999 -9999 -9999 -9999 -9999 -9999 -9999 -9999 -9999 -9999 -9999 -9999 -9999 -9999 -9999 -9999 -9999 -9999 -9999 -9999 -9999 -9999 -9999 -9999 -9999 -9999 -9999 -9999 -9999 -9999 -9999 -9999 -9999 -9999 -9999 -9999 -9999 -9999 -9999 -9999 -9999 -9999 -9999 -9999 -9999 -9999 -9999 -9999 -9999 -9999 -9999
689 702 713 701 676 666 660 663 662 660 663 654 621 618 666 674 679 683 735 789 790 814 835 863 891 907 928 951 -9999 -9999 -9999 -9999 -9999 -9999 -9999 -9999 -9999 -9999 -9999 -9999 -9999 -9999 -9999 -9999 -9999 -9999 -9999 -9999 -9999 -9999 -9999 -9999 -9999 -9999 -9999 -9999 -9999 -9999 -9999 -9999 -9999 -9999 -9999 -9999 -9999 -9999 -9999 -9999 -9999 -9999 -9999 -9999 -9999 -9999 -9999 -9999 -9999 -9999 -9999 -9999 -9999 -9999 -9999 -9999 -9999 -9999 -9999 -9999
662 700 709 699 678 673 672 674 669 665 662 653 607 610 624 618 616 652 688 706 731 770 817 882 923 -9999 -9999 -9999 -9999 -9999 -9999 -9999 -9999 -9999 -9999 -9999 -9999 -9999 -9999 -9999 -9999 -9999 -9999 -9999 -9999 -9999 -9999 -9999 -9999 -9999 -9999 -9999 -9999 -9999 -9999 -9999 -9999 -9999 -9999 -9999 -9999 -9999 -9999 -9999 -9999 -9999 -9999 -9999 -9999 -9999 -9999 -9999 -9999 -9999 -9999 -9999 -9999 -9999 -9999 -9999 -9999 -9999 -9999 -9999 -9999 -9999 -9999 -9999
648 689 706 685 662 681 716 697 673 673 654 625 633 645 650 640 624 634 664 668 690 703 -9999 -9999 -9999 -9999 -9999 -9999 -9999 -9999 -9999 -9999 -9999 -9999 -9999 -9999 -9999 -9999 -9999 -9999 -9999 -9999 -9999 -9999 -9999 -9999 -9999 -9999 -9999 -9999 -9999 -9999 -9999 -9999 -9999 -9999 -9999 -9999 -9999 -9999 -9999 -9999 -9999 -9999 -9999 -9999 -9999 -9999 -9999 -9999 -9999 -9999 -9999 -9999 -9999 -9999 -9999 -9999 -9999 -9999 -9999 -9999 -9999 -9999 -9999 -9999 -9999 -9999
646 675 674 670 681 710 734 723 697 681 663 630 652 668 675 671 649 639 643 -9999 -9999 -9999 -9999 -9999 -9999 -9999 -9999 -9999 -9999 -9999 -9999 -9999 -9999 -9999 -9999 -9999 -9999 -9999 -9999 -9999 -9999 -9999 -9999 -9999 -9999 -9999 -9999 -9999 -9999 -9999 -9999 -9999 -9999 -9999 -9999 -9999 -9999 -9999 -9999 -9999 -9999 -9999 -9999 -9999 -9999 -9999 -9999 -9999 -9999 -9999 -9999 -9999 -9999 -9999 -9999 -9999 -9999 -9999 -9999 -9999 -9999 -9999 -9999 -9999 -9999 -9999 -9999 -9999
