Dropbox/GRP Data/GRP mammal paper/NN_analysis/DATA/2014 input files/la_h_bio_5.asc
ncols         272
nrows         166
xllcorner     -214329.5541171
yllcorner     212687.1820549
cellsize      821.1860311
NODATA_value  -9999
[rows 0 to 28 of 166, columns 195 to 259 of 272]
-9999 -9999 -9999 -9999 -9999 -9999 -9999 -9999 -9999 -9999 -9999 -9999 -9999 -9999 -9999 -9999 -9999 -9999 -9999 -9999 -9999 -9999 -9999 -9999 -9999 -9999 -9999 -9999 -9999 -9999 -9999 -9999 -9999 -9999 -9999 -9999 -9999 -9999 -9999 -9999 -9999 -9999 -9999 -9999 -9999 -9999 -9999 -9999 -9999 -9999 -9999 -9999 -9999 -9999 -9999 -9999 -9999 -9999 -9999 -9999 -9999 -9999 -9999 -9999 -9999
-9999 -9999 -9999 -9999 -9999 -9999 -9999 -9999 -9999 -9999 -9999 -9999 -9999 -9999 -9999 -9999 -9999 -9999 -9999 -9999 -9999 -9999 -9999 -9999 -9999 -9999 -9999 -9999 -9999 -9999 -9999 -9999 -9999 -9999 -9999 -9999 -9999 -9999 -9999 -9999 -9999 -9999 -9999 -9999 -9999 -9999 2319.166 2278.648 2293.195 2289.818 2315.616 2350.282 2260.466 2325.239 2482.219 2585.701 2709.674 2864.125 2914.507 -9999 -9999 -9999 -9999 -9999 -9999
-9999 -9999 -9999 -9999 -9999 -9999 -9999 -9999 -9999 -9999 -9999 -9999 -9999 -9999 -9999 -9999 -9999 -9999 -9999 -9999 -9999 -9999 -9999 -9999 -9999 -9999 -9999 -9999 -9999 -9999 -9999 -9999 -9999 -9999 -9999 -9999 -9999 -9999 -9999 -9999 -9999 -9999 2414.586 2337.769 2310.738 2300.002 2273.713 2226.397 2259.421 2279.432 2303.849 2262.059 2237.942 2377.87 2515.749 2589.191 2688.461 2863.31 2902.07 2923.935 2975.558 2970.976 -9999 -9999 -9999
-9999 -9999 -9999 -9999 -9999 -9999 -9999 -9999 -9999 -9999 -9999 -9999 -9999 -9999 -9999 -9999 -9999 -9999 -9999 -9999 -9999 -9999 -9999 -9999 -9999 -9999 -9999 -9999 -9999 -9999 -9999 -9999 -9999 -9999 -9999 -9999 -9999 -9999 2573.576 2548.003 2491.975 2477.31 2433.171 2367.131 2328.308 2308.78 2270.335 2232.85 2264.653 2263.134 2269.935 2219.648 2311.103 2469.675 2563.219 2631.498 2763.257 2859.846 2854.899 2889.218 2919.605 2885.1 2836.568 2855.978 -9999
-9999 -9999 -9999 -9999 -9999 -9999 -9999 -9999 -9999 -9999 -9999 -9999 -9999 -9999 -9999 -9999 -9999 -9999 -9999 -9999 -9999 -9999 -9999 -9999 -9999 -9999 -9999 -9999 -9999 -9999 -9999 -9999 -9999 -9999 2537.975 2478.906 2486.933 2534.296 2533.061 2531.711 2505.126 2497.473 2455.853 2387.225 2373.081 2374.227 2338.631 2281.539 2274.836 2249.041 2246.58 2223.727 2388.513 2496.234 2512.861 2596.775 2806.275 2849.574 2807.453 2821.377 2858.508 2835.484 2784.759 2792.57 2844.878
-9999 -9999 -9999 -9999 -9999 -9999 -9999 -9999 -9999 -9999 -9999 -9999 -9999 -9999 -9999 -9999 -9999 -9999 -9999 -9999 -9999 -9999 -9999 -9999 -9999 -9999 -9999 -9999 -9999 -9999 2811.765 2755.713 2669.439 2587.077 2557.036 2512.262 2479.552 2526.674 2539.305 2548.641 2547.214 2521.466 2481.531 2422.575 2422.186 2419.749 2388.675 2306.325 2295.347 2288.937 2253.892 2276.486 2473.817 2504.154 2504.239 2629.888 2797.036 2832.045 2792.959 2790.31 2748.928 2734.044 2742.977 2753.542 2762.384
-9999 -9999 -9999 -9999 -9999 -9999 -9999 -9999 -9999 -9999 -9999 -9999 -9999 -9999 -9999 -9999 -9999 -9999 -9999 -9999 -9999 -9999 -9999 -9999 -9999 -9999 2844.444 2840.855 2851.551 2848.366 2808.045 2760.952 2686.638 2604.27 2585.498 2571.779 2533.597 2554.643 2580.792 2568.114 2575.481 2564.863 2525.255 2471.316 2475.579 2454.949 2365.864 2300.147 2316.924 2312.481 2271.63 2329.275 2528.957 2515.141 2472.575 2524.282 2706.898 2841.438 2811.258 2770.542 2728.668 2661.678 2685.293 2709.412 2718.027
-9999 -9999 -9999 -9999 -9999 -9999 -9999 -9999 -9999 -9999 -9999 -9999 -9999 -9999 -9999 -9999 -9999 -9999 -9999 -9999 -9999 -9999 2838.262 2854.196 2861.519 2865.544 2852.115 2839.629 2855.449 2826.186 2792.59 2774.367 2705.908 2628.701 2642.842 2623.729 2575.787 2575.345 2623.45 2609.526 2609.849 2605.693 2573.43 2529.616 2484.346 2437.6 2370.988 2321.225 2337.202 2321.489 2280.489 2412.14 2564.436 2531.378 2497.03 2524.19 2685.653 2794.581 2806.589 2752.011 2706.479 2645.536 2669.841 2679.295 2688.034
-9999 -9999 -9999 -9999 -9999 -9999 -9999 -9999 -9999 -9999 -9999 -9999 -9999 -9999 -9999 -9999 -9999 -9999 2842.206 2837.644 2833.582 2836.74 2855.772 2859.893 2866.658 2868.226 2863.826 2847.257 2857.061 2826.357 2800.432 2797.625 2759.996 2725.474 2731.133 2701.403 2637.275 2612.024 2661.182 2678.105 2651.92 2643.52 2608.227 2561.774 2500.396 2450.426 2406.196 2360.412 2360.412 2344.931 2328.457 2513.382 2596.298 2557.316 2548.159 2583.057 2723.655 2787.269 2756.997 2695.067 2683.227 2654.16 2679.948 2675.482 2663.999
-9999 -9999 -9999 -9999 -9999 -9999 -9999 -9999 -9999 -9999 -9999 -9999 -9999 -9999 2655.464 2730.346 2783.513 2844.054 2852.454 2845.823 2852.896 2854.778 2858.547 2859.295 2864.544 2868.032 2867.959 2855.536 2857.282 2839.873 2829.821 2827.043 2806.154 2802.267 2800.993 2775.388 2708.068 2660.344 2693.984 2729.526 2693.857 2664.552 2628.054 2578.749 2523.855 2476.665 2424.802 2403.497 2393.698 2378.085 2393.397 2582.888 2610.205 2578.273 2584.86 2624.33 2713.139 2733.748 2722.614 2681.275 2691.639 2674.292 2692.555 2683.449 2665.594
-9999 -9999 -9999 -9999 -9999 -9999 -9999 -9999 -9999 -9999 2606.369 2554.711 2546.689 2597.238 2665.472 2737.273 2798.753 2853.102 2868.751 2858.787 2855.46 2853.93 2853.604 2847.98 2847.668 2858.997 2866.606 2863.168 2852.562 2837.771 2826.99 2813.324 2816.417 2807.144 2801.339 2795.413 2764.935 2711.795 2721.27 2756.152 2727.309 2681.553 2639.379 2591.41 2541.642 2489.564 2448.319 2453.887 2446.467 2421.992 2458.964 2609.892 2605.794 2580.882 2594.411 2604.489 2650.783 2689.034 2718.922 2712.782 2722.057 2692.696 2701.5 2700.613 2690.1
-9999 -9999 -9999 -9999 -9999 -9999 2773.642 2724.423 2718.767 2722.68 2644.698 2612.744 2619.458 2625.899 2658.112 2738.838 2803.052 2857.93 2882.519 2877.487 2861.512 2846.553 2840.858 2829.932 2828.509 2843.519 2858.137 2860.995 2847.271 2827.062 2797.838 2780.081 2803.727 2777.685 2761.724 2772.649 2784.906 2751.178 2738.274 2767.289 2751.031 2707.514 2651.317 2602.637 2556.12 2504.166 2494.071 2501.823 2505.902 2473.975 2505.111 2614.582 2602.048 2571.252 2555.099 2527.461 2612.853 2723.37 2740.388 2753.325 2751.216 2705.784 2710.25 2718.778 2715.642
-9999 2832.374 2809.683 2812.351 2824.407 2806.632 2780.184 2766.422 2770.666 2785.35 2727.973 2734.878 2732.888 2682.08 2681.089 2764.494 2820.846 2868.859 2888.559 2883.442 2868.08 2844.252 2835.862 2818.553 2812.003 2825.124 2840.087 2843.781 2840.838 2823.745 2790.956 2782.165 2787.532 2763.482 2739.885 2752.274 2762.982 2754.31 2738.403 2764.747 2763.764 2732.184 2677.37 2628.481 2595.875 2556.009 2537.744 2530.639 2547.684 2521.895 2522.697 2609.413 2604.132 2556.113 2466.634 2462.05 2637.584 2765.854 2788.772 2802.157 2780.31 2725.403 2719.606 2718.952 2728.747
2846.657 2819.159 2788.813 2790.865 2799.572 2767.711 2756.65 2777.302 2810.563 2833.34 2823.43 2826.754 2837.013 2801.472 2789.917 2832.942 2858.089 2883.904 2889.6 2882.424 2855.046 2837.571 2848.939 2823.234 2786.105 2795.164 2814.431 2821.818 2812.839 2802.622 2791.602 2774.816 2760.431 2738.747 2712.347 2720.847 2723.887 2708.295 2719.858 2751.874 2754.812 2737.477 2728.282 2702.561 2692.857 2638.113 2603.387 2575.401 2586.629 2569.546 2580.099 2592.215 2573.503 2508.782 2467.349 2542.522 2680.538 2765.604 2807.958 2825.696 2807.602 2755.516 2731.417 2721.682 2737.259
2846.49 2807.07 2756.599 2765.973 2754.715 2724.929 2734.842 2779.845 2825.08 2848.139 2879.297 2882.127 2886.661 2880.411 2886.614 2897.612 2899.26 2898.96 2894.989 2878.826 2842.107 2778.993 2803.024 2852.001 2808.54 2766.187 2757.293 2775.298 2777.688 2777.833 2773.712 2762.143 2758.02 2730.228 2743.944 2702.633 2679.507 2680.212 2687.908 2707.452 2746.619 2732.104 2727.18 2742.031 2751.715 2743.711 2722.098 2645.366 2621.981 2611.481 2631.119 2611.64 2561.526 2539.522 2561.517 2645.202 2716.173 2756.922 2809.689 2833.852 2831.615 2803.016 2759.908 2756.709 2774.156
2835.092 2789.092 2745.607 2765.09 2711.718 2682.122 2715.374 2783.866 2833.331 2855.93 2888.681 2898.715 2898.481 2898.258 2898.586 2899.282 2898.731 2898.79 2898.556 2892.451 2865.851 2828.587 2836.627 2845.095 2794.623 2730.787 2708.838 2714.138 2733.479 2735.687 2745.974 2755.068 2737.904 2711.958 2730.092 2705.592 2647.634 2642.859 2629.625 2662.173 2713.53 2719.167 2714.68 2712.462 2727.454 2754.254 2746.787 2696.871 2675.778 2688.975 2712.85 2688.223 2632.126 2635.46 2662.316 2719.262 2769.098 2797.042 2836.822 2852.706 2829.725 2799.261 2820.35 2817.475 2838.712
2823.633 2779.012 2773.65 2795.544 2711.863 2649.022 2711.512 2801.353 2847.899 2881.16 2898.109 2899.511 2899.452 2899.437 2899.455 2899.122 2898.863 2898.702 2898.772 2897.791 2881.583 2848.883 2830.446 2821.851 2776.7 2697.409 2675.594 2654.84 2683.775 2715.326 2730.315 2741.688 2731.582 2723.937 2737.572 2739.435 2690.376 2634.525 2592.37 2610.762 2656.644 2676.574 2682.344 2672.229 2668.178 2689.587 2742.809 2737.603 2728.907 2730.012 2736.334 2729.517 2714.799 2712.479 2726.472 2805.918 2865.849 2874.989 2863.502 2866.44 2828.87 2857.592 2917.509 2912.245 2900.762
2817.414 2832.986 2828.138 2825.695 2758.839 2658.47 2714.162 2823.23 2875.549 2889.555 2899.927 2899.802 2899.538 2903.455 2906.923 2906.504 2898.672 2884.668 2890.026 2898.827 2889.607 2865.648 2841.095 2806.168 2765.473 2687.664 2634.231 2618.702 2644.701 2685.678 2709.612 2728.829 2733.61 2734.181 2751.89 2751.375 2717.526 2665.635 2601.682 2584.163 2612.3 2626.932 2646.725 2645.982 2646.807 2654.413 2703.546 2720.547 2715.68 2735.211 2740.231 2713.097 2706.728 2724.711 2766.495 2866.006 2917.74 2938.39 2918.32 2895.646 2879.453 2922.542 2975.27 2980.769 2968.422
2833.699 2849.273 2854.551 2851.634 2811.774 2720.886 2751.38 2836.126 2887.991 2897.61 2900.417 2906.656 2906.221 2908.133 2909.68 2914.728 2903.403 2856.2 2873.261 2883.096 2859.379 2840.988 2834.609 2788.421 2744.677 2685.714 2608.34 2591.098 2608.65 2651.945 2686.344 2715.979 2729.51 2736.961 2756.52 2744.581 2729.168 2703.585 2655.055 2620.1 2623.426 2632.892 2658.313 2660.099 2670.291 2688.175 2691.445 2679.196 2661.182 2701.831 2736.938 2691.471 2669.385 2679.302 2755.342 2879.558 2915.903 2922.838 2947.517 2945.222 2953.292 2976.622 3002.174 3009.306 3011.326
2853.203 2845.201 2849.468 2844.797 2830.708 2792.958 2799.56 2853.823 2892.367 2904.989 2905.736 2915.656 2915.564 2918.108 2919.927 2919.537 2912.471 2871.989 2868.089 2849.665 2783.595 2736.07 2776.854 2771.716 2733.634 2686.896 2610.676 2574.439 2585.071 2615.896 2656.147 2706.722 2732.593 2741.229 2761.21 2753.888 2747.953 2738.234 2713.03 2694.789 2695.777 2695.231 2710.639 2704.716 2717.068 2726.546 2695.203 2650.672 2642.231 2690.318 2724.272 2697.657 2664.007 2649.337 2723.359 2839.796 2876.455 2871.182 2901.465 2936.93 2964.416 2982.847 2996.916 3002.739 3016.345
2859.958 2825.266 2810.481 2789.448 2803.813 2827.237 2822.743 2866.022 2898.315 2912.556 2914.373 2920.233 2920.445 2925.673 2929.763 2924.241 2918.997 2906.599 2872.232 2825.875 2734.841 2652.156 2711.99 2758.951 2740.587 2701.908 2647.66 2591.075 2570.417 2577.767 2618.025 2694.296 2741.04 2750.197 2768.413 2773.274 2770.574 2770.055 2755.796 2761.975 2791.308 2773.99 2772.334 2765.136 2768.246 2735.8 2687.865 2644.532 2678.223 2725.524 2711.096 2729.761 2693.456 2665.795 2705.939 2775.36 2810.156 2822.351 2811.84 2829.324 2874.147 2914.405 2950.986 2973.202 2993.791
2858.083 2813.9 2758.45 2699.11 2741.764 2827.615 2835.48 2873.263 2907.265 2918.86 2920.253 2920.294 2921.3 2926.909 2929.902 2931.943 2921.909 2912.522 2872.145 2819.178 2750.948 2690.931 2712.495 2756.254 2749.465 2726.026 2691.124 2628.454 2557.092 2541.407 2577.682 2667.189 2724.581 2748.146 2762.011 2771.064 2779.289 2791.974 2792.74 2797.31 2858.142 2837.153 2828.943 2833.098 2815.215 2767.315 2694.474 2655.779 2706.806 2751.422 2719.556 2771.236 2728.154 2678.475 2693.986 2739.251 2730.745 2744.955 2758.835 2715.122 2753.296 2809.395 2876.413 2929.45 2952.148
2848.813 2826.576 2737.295 2650.233 2704.223 2839.338 2871.708 2889.886 2914.681 2919.929 2920.674 2922.471 2924.971 2929.976 2930.002 2938.183 2928.614 2914.094 2872.524 2805.888 2762.763 2772.933 2772.909 2769.84 2746.378 2721.463 2666.859 2611.174 2564.278 2521.534 2546.694 2632.61 2669.168 2709.058 2738.756 2771.71 2786.544 2799.705 2808.851 2801.517 2877.853 2872.475 2868.576 2869.957 2849.056 2816.85 2729.25 2688.938 2709.042 2768.332 2755.039 2797.115 2745.639 2696.387 2709.556 2726.435 2674.453 2708.121 2721.349 2694.325 2698.613 2745.521 2771.123 2852.033 2890.217
2806.854 2826.928 2778.214 2746.677 2785.512 2881.249 2900.039 2903.57 2917.454 2920.1 2921.543 2930.104 2929.924 2930.259 2930.446 2938.921 2929.221 2922.888 2892.076 2846.7 2814.306 2807.536 2793.099 2749.116 2726.873 2690.828 2581.566 2547.199 2586.881 2581.132 2580.144 2603.166 2623.745 2647.664 2713.245 2756.643 2781.66 2799.418 2830.486 2845.381 2889.541 2907.611 2908.541 2890.504 2866.487 2824.096 2757.181 2730.56 2748.365 2795.112 2820.435 2823.021 2778.645 2743.298 2709.511 2695.654 2669.346 2650.549 2642.243 2626.202 2636.03 2703.351 2750.905 2809.709 2856.694
2726.771 2823.713 2852.741 2843.817 2872.839 2912.762 2920.472 2919.999 2920.265 2920.395 2930.259 2929.869 2933.651 2938.833 2938.598 2947.738 2926.943 2898.217 2885.077 2876.181 2838.579 2792.533 2749.31 2713.548 2687.726 2645.938 2543.638 2545.5 2607.762 2635.62 2632.003 2621.649 2620.448 2604.05 2678.018 2727.149 2772.584 2799.452 2830.892 2872.623 2897.318 2906.296 2906.009 2897.197 2869.104 2798.607 2736.343 2724.481 2746.614 2784.889 2799.543 2817.724 2800.34 2748.371 2723.07 2688.631 2653.92 2597.633 2566.324 2579.601 2619.522 2673.582 2726.472 2773.9 2835.462
2681.295 2811.009 2868.37 2893.219 2907.116 2919.807 2920.595 2920.39 2926.536 2928.771 2930.437 2931.967 2938.805 2939.571 2938.973 2947.835 2908.948 2865.195 2838.448 2832.667 2797.679 2772.897 2711.921 2665.452 2641.535 2655.484 2596.792 2578.328 2627.141 2670.448 2691.225 2683.547 2655.292 2628.987 2668.139 2730.697 2782.846 2829.771 2869.001 2899.083 2910.807 2905.864 2908.996 2905.62 2858.356 2786.027 2698.254 2703.368 2723.43 2748.55 2764.819 2779.417 2775.903 2737.184 2716.458 2666.484 2647.549 2615.388 2577.709 2563.521 2609.617 2660.828 2717.303 2764.926 2806.092
2720.795 2796.257 2855.481 2905.054 2918.801 2920.557 2920.348 2924.391 2929.323 2929.91 2930.655 2937.549 2939.349 2943.652 2941.263 2935.11 2896.013 2827.864 2789.861 2779.975 2761.365 2734.598 2674.45 2610.978 2583.132 2628.605 2607.686 2593.789 2639.386 2692.015 2720.514 2718.967 2711.926 2690.615 2705.321 2729.23 2780.115 2839.866 2886.965 2900.32 2902.164 2889.075 2888.404 2906.488 2871.133 2807.676 2715.867 2714.167 2724.345 2752.359 2766.985 2782.839 2744.933 2729.024 2722.51 2684.586 2655.031 2643.756 2611.017 2574.671 2606.283 2653.261 2704.766 2747.247 2800.195
2779.684 2825.132 2852.871 2905.91 2920.847 2920.387 2922.486 2928.07 2929.55 2929.656 2936.157 2939.072 2941.576 2947.473 2941.922 2918.392 2894.704 2845.672 2790.513 2747.687 2722.137 2679.454 2607.017 2523.734 2516.14 2584.589 2611.762 2624.521 2671.126 2721.351 2740.832 2740.767 2746.924 2750.061 2762.747 2755.676 2795.285 2852.353 2887.437 2875.769 2885.198 2875.912 2870.58 2902.226 2902.778 2843.164 2763.371 2741.449 2730.08 2748.714 2772.619 2806.328 2734.219 2749.646 2764.922 2731.784 2680.89 2655.202 2637.332 2595.317 2600.159 2650.729 2701.405 2731.772 2783.394
2806.099 2863.753 2870.438 2906.642 2920.658 2921.592 2926.814 2929.319 2933.246 2934.624 2939.221 2940.198 2945.987 2948.835 2930.157 2891.045 2855.64 2813.595 2753.637 2704.188 2674.886 2626.633 2542.062 2441.545 2453.88 2546.462 2616.571 2662.951 2698.37 2725.673 2757.521 2768.094 2776.11 2793.769 2806.165 2812.672 2834.656 2874.219 2886.39 2864.908 2876.383 2872.793 2867.896 2903.046 2926.841 2878.463 2810.643 2777.196 2749.543 2741.392 2780.888 2823.54 2759.399 2797.436 2797.738 2755.478 2703.855 2665.46 2650.301 2615.93 2600.786 2649.334 2694.269 2724.901 2755.957
