Dropbox/GRP Data/GRP mammal paper/NN_analysis/DATA/2014 input files/la_h_bio_6.asc
ncols         272
nrows         166
xllcorner     -214329.5541171
yllcorner     212687.1820549
cellsize      821.1860311
NODATA_value  -9999
[rows 84 to 111 of 166, columns 186 to 247 of 272]
-673.6911 -692.7344 -670.3008 -644.1003 -633.7015 -761.1791 -805.968 -836.2525 -841.0193 -837.8851 -835.011 -833.3011 -830.4272 -830.4354 -828.7593 -829.1146 -824.1163 -828.4938 -795.6006 -773.7833 -780.4137 -787.9209 -785.7562 -819.8676 -825.1528 -810.799 -804.73 -803.5659 -803.7963 -810.1337 -820.3583 -825.976 -831.6153 -824.4291 -812.9089 -821.1882 -815.1765 -815.0685 -816.7488 -814.3482 -806.2994 -806.6802 -809.0489 -810.5941 -812.2971 -814.7034 -826.2272 -831.201 -843.3218 -846.0031 -852.5023 -863.9137 -867.4404 -854.4219 -854.8931 -855.468 -855.3862 -859.1543 -864.6165 -9999 -9999 -9999
-691.5463 -706.8498 -636.5901 -704.9857 -750.2773 -700.0295 -739.2094 -815.1904 -825.9014 -822.2335 -827.6536 -825.8325 -824.1946 -825.2802 -821.2259 -821.6675 -820.5646 -819.4493 -795.9209 -766.008 -768.3843 -796.8246 -796.8829 -807.8826 -814.2246 -812.6173 -799.0356 -795.6791 -801.8135 -810.8508 -820.7916 -826.0349 -826.6046 -821.208 -811.3179 -811.1331 -811.4726 -812.7112 -810.9288 -805.1064 -803.4827 -805.762 -807.4838 -809.3915 -811.3188 -814.3243 -826.1796 -830.7362 -842.7915 -845.8181 -848.6557 -850.9112 -859.3037 -867.5634 -870.2926 -846.0154 -850.3412 -857.7281 -861.1395 -9999 -9999 -9999
-711.9539 -705.2135 -680.3962 -686.9947 -770.6617 -792.1616 -798.8098 -789.9443 -773.9395 -750.7191 -791.61 -795.4386 -816.9327 -817.863 -817.3004 -818.596 -812.0178 -812.7969 -806.5059 -784.3298 -730.7778 -736.0098 -771.3063 -773.5917 -788.9974 -807.9367 -798.309 -794.0682 -799.9102 -810.7469 -820.7756 -822.3664 -822.8098 -814.2881 -809.2593 -809.2617 -802.5602 -804.5674 -803.2308 -802.3208 -803.0503 -804.6135 -806.941 -808.7946 -810.6995 -814.1622 -826.3206 -830.5023 -842.2896 -845.5556 -848.4209 -859.5383 -861.5836 -861.906 -856.9716 -864.7528 -861.3658 -861.3412 -9999 -9999 -9999 -9999
-684.8241 -697.5556 -701.3221 -634.7053 -744.0529 -792.2324 -794.2921 -728.5641 -669.2314 -678.3465 -702.7444 -749.3857 -782.5588 -799.6396 -801.1495 -803.4608 -810.1529 -808.035 -796.3422 -779.9188 -753.2927 -714.0479 -708.1024 -764.6794 -793.5589 -805.1208 -795.5182 -795.5529 -804.3344 -807.8176 -811.1589 -812.6249 -812.7435 -809.8408 -802.4143 -802.6061 -797.3967 -803.6854 -805.1744 -806.578 -802.5186 -803.8947 -806.6946 -808.3451 -810.7083 -814.0861 -819.8816 -830.4938 -837.2067 -845.59 -848.7328 -861.0099 -866.1917 -866.6743 -859.6219 -865.9601 -866.2631 -9999 -9999 -9999 -9999 -9999
-626.6122 -665.0103 -687.0476 -679.5905 -599.5352 -672.972 -646.7983 -651.9907 -677.3074 -721.154 -705.5481 -719.6732 -750.1245 -781.9294 -796.2426 -793.7003 -787.2167 -801.8572 -789.5095 -787.0785 -786.29 -759.0301 -699.9028 -761.0854 -785.1216 -796.316 -790.0093 -789.4528 -797.2847 -792.076 -795.3962 -804.9268 -805.4448 -802.2545 -800.8104 -801.6415 -796.2983 -800.047 -801.1938 -802.4832 -802.2377 -803.6742 -806.4907 -808.3054 -810.7123 -818.9491 -824.6469 -831.5261 -840.2614 -846.3339 -851.2618 -862.046 -867.712 -864.5649 -861.6571 -865.6662 -9999 -9999 -9999 -9999 -9999 -9999
-584.6832 -625.9031 -680.9966 -689.878 -647.5283 -648.8541 -665.942 -702.8622 -716.2787 -738.0944 -686.3726 -710.7601 -710.3282 -727.3468 -764.4144 -789.0015 -782.1965 -788.6397 -785.1458 -785.6619 -784.0211 -779.4137 -732.5897 -761.6284 -778.4933 -786.6613 -784.2675 -785.4865 -788.3921 -780.2535 -783.7503 -796.1066 -800.0749 -799.2576 -797.4685 -795.7771 -795.3754 -800.7666 -798.6394 -799.8364 -798.5352 -799.7888 -806.7216 -809.1479 -811.613 -818.478 -827.5679 -832.4955 -843.2526 -850.4608 -856.5703 -864.577 -868.2183 -866.9549 -862.2935 -9999 -9999 -9999 -9999 -9999 -9999 -9999
-579.1981 -632.036 -679.9584 -688.9242 -676.082 -661.5756 -675.4072 -703.2802 -727.759 -718.4246 -705.7617 -702.9999 -677.2628 -705.5707 -722.0225 -752.8536 -787.5591 -772.9922 -784.0067 -782.9388 -777.4276 -772.8344 -755.5164 -766.4633 -769.4108 -773.6678 -776.8636 -779.4579 -779.3556 -771.996 -779.5486 -789.9546 -793.7953 -795.5004 -792.863 -792.585 -802.7606 -799.1302 -796.9827 -805.4111 -803.1505 -803.5742 -807.728 -810.0269 -815.0057 -820.5768 -828.3033 -835.3793 -844.3011 -854.0733 -858.4794 -865.4784 -866.2125 -867.5792 -862.4497 -9999 -9999 -9999 -9999 -9999 -9999 -9999
-635.5408 -634.6728 -667.8457 -679.235 -682.0941 -680.2372 -677.8877 -680.971 -715.8203 -704.9004 -733.4301 -715.545 -683.6387 -712.3289 -705.3231 -711.7811 -747.8753 -752.5223 -775.6036 -779.4258 -777.839 -767.4984 -759.7993 -763.7289 -758.4224 -764.4952 -771.4091 -773.8491 -770.3491 -766.9009 -777.4271 -784.9677 -787.1748 -787.4559 -792.8715 -791.4373 -801.106 -787.3416 -782.1779 -806.0446 -809.4709 -814.0134 -808.589 -810.6099 -817.0254 -825.1523 -829.4597 -839.1506 -844.3698 -852.962 -856.4781 -862.5579 -862.4707 -863.1873 -9999 -9999 -9999 -9999 -9999 -9999 -9999 -9999
-696.4738 -672.2545 -675.0816 -685.3875 -685.0082 -687.8447 -686.8669 -682.921 -699.0979 -721.0144 -749.3957 -744.041 -725.0567 -718.4412 -704.7804 -689.7085 -691.9701 -736.7645 -763.7075 -773.3802 -776.2132 -770.9036 -761.9012 -755.5922 -752.1212 -760.8903 -770.2345 -770.5615 -761.9825 -765.3931 -771.9406 -776.6844 -778.8723 -784.3032 -796.3485 -771.7196 -760.8695 -755.3715 -743.6989 -774.3893 -801.423 -816.951 -813.4789 -813.8732 -816.2331 -825.1353 -830.9169 -840.3177 -843.2662 -848.3986 -855.2316 -858.4763 -860.9631 -9999 -9999 -9999 -9999 -9999 -9999 -9999 -9999 -9999
-736.88 -745.7238 -724.1237 -728.5192 -710.9796 -705.8299 -693.1736 -688.5117 -699.8339 -747.5613 -760.1452 -753.5767 -755.4329 -727.4421 -706.8497 -685.4496 -681.9846 -731.8514 -760.4716 -766.3596 -766.1643 -767.8448 -765.3098 -758.5068 -751.6808 -755.8806 -768.9949 -763.9993 -755.6438 -763.5363 -765.8044 -767.1552 -767.1493 -793.5605 -790.0341 -724.7535 -695.4633 -703.3904 -699.6284 -708.3724 -781.2862 -808.8297 -828.1558 -823.2933 -822.5216 -829.4443 -835.1051 -840.0151 -842.7144 -845.2681 -851.745 -858.1111 -9999 -9999 -9999 -9999 -9999 -9999 -9999 -9999 -9999 -9999
-773.8024 -778.1612 -777.7876 -778.3747 -764.0863 -752.7244 -704.6238 -678.7505 -731.1896 -752.7982 -758.1176 -729.3193 -739.9722 -758.9462 -749.2598 -695.7965 -672.6514 -710.8554 -750.7759 -756.8744 -752.85 -760.5063 -756.054 -763.0941 -748.8766 -757.1841 -763.5662 -756.4979 -754.9176 -757.9103 -765.8452 -766.1035 -770.2963 -781.0353 -767.9149 -718.3601 -702.3682 -703.2008 -702.5412 -700.5808 -731.7527 -798.9747 -815.6035 -825.3931 -826.8751 -826.4683 -828.8349 -840.1053 -842.5368 -844.3923 -850.4263 -9999 -9999 -9999 -9999 -9999 -9999 -9999 -9999 -9999 -9999 -9999
-769.1232 -767.7043 -761.2514 -758.9708 -728.9702 -730.8389 -735.7293 -750.1917 -744.3276 -750.4688 -741.3257 -722.6055 -725.9185 -742.5549 -759.3997 -677.9112 -668.8972 -672.4656 -695.5743 -741.0949 -759.2229 -761.3022 -757.7919 -750.3385 -751.4267 -751.2649 -750.737 -749.6276 -749.5627 -753.1475 -761.7529 -763.7881 -770.0407 -776.167 -762.0775 -695.1821 -711.6163 -673.3287 -625.6943 -698.4569 -699.5402 -795.2885 -818.3229 -814.0555 -821.9603 -825.897 -833.889 -835.173 -842.7859 -844.285 -9999 -9999 -9999 -9999 -9999 -9999 -9999 -9999 -9999 -9999 -9999 -9999
-745.7341 -743.4755 -749.1186 -740.724 -742.7321 -736.6275 -738.0043 -740.4818 -743.1249 -742.8903 -733.2099 -723.0356 -719.9277 -732.353 -753.0068 -750.7936 -730.1551 -724.0649 -725.7084 -749.1104 -758.3864 -761.3005 -749.6261 -748.5117 -748.379 -743.7393 -751.2386 -749.8413 -743.8627 -746.9546 -757.3842 -763.3567 -766.77 -774.5406 -700.4971 -695.35 -708.0737 -658.7171 -624.5891 -695.0024 -695.7303 -764.0035 -785.1033 -800.394 -814.6743 -824.4628 -829.1674 -838.059 -841.9034 -843.7689 -9999 -9999 -9999 -9999 -9999 -9999 -9999 -9999 -9999 -9999 -9999 -9999
-764.2509 -749.2183 -752.6393 -731.0159 -742.647 -726.6136 -715.7221 -721.3377 -727.878 -726.7141 -717.9074 -715.6425 -715.1086 -727.0073 -739.9337 -755.622 -745.3959 -731.705 -741.0941 -760.8943 -756.5051 -755.3759 -750.3654 -749.1191 -741.3286 -734.2104 -734.5277 -738.3624 -737.5521 -740.2379 -750.0134 -758.5748 -770.6005 -771.9473 -727.4754 -690.1123 -698.6033 -692.1473 -681.7808 -690.719 -692.3238 -717.4849 -776.653 -800.2804 -816.2296 -824.6132 -827.8436 -834.8028 -835.3181 -9999 -9999 -9999 -9999 -9999 -9999 -9999 -9999 -9999 -9999 -9999 -9999 -9999
-766.1702 -759.5965 -757.574 -743.8099 -738.0439 -728.3925 -710.8673 -703.3257 -704.8124 -703.97 -702.3212 -709.1575 -710.4821 -719.2328 -722.1345 -732.3457 -742.3544 -738.5666 -743.5979 -751.0935 -747.8397 -751.0963 -745.2493 -738.1132 -731.319 -729.0465 -725.1794 -730.248 -732.0097 -737.1886 -743.0322 -752.4025 -772.0087 -777.8141 -760.3342 -721.6154 -714.9035 -696.3512 -715.0309 -740.7826 -748.0523 -746.484 -743.7272 -802.9341 -813.0312 -822.6444 -828.8516 -827.016 -9999 -9999 -9999 -9999 -9999 -9999 -9999 -9999 -9999 -9999 -9999 -9999 -9999 -9999
-766.1745 -762.2106 -754.3527 -748.0947 -734.5505 -721.1014 -705.358 -692.1876 -691.5632 -691.1462 -691.8392 -698.4935 -703.6667 -710.9151 -713.2584 -724.7029 -735.0696 -738.2604 -740.8904 -736.9879 -737.8197 -737.7674 -733.3782 -723.7021 -718.1266 -718.8855 -720.4268 -724.4969 -725.3995 -732.7872 -736.4394 -747.8774 -766.2937 -765.4467 -758.2337 -745.8289 -728.5774 -692.4877 -749.2659 -794.2668 -801.3951 -796.5268 -753.9302 -804.3363 -814.7776 -823.8635 -829.4578 -9999 -9999 -9999 -9999 -9999 -9999 -9999 -9999 -9999 -9999 -9999 -9999 -9999 -9999 -9999
-762.171 -759.6024 -745.7048 -740.6323 -734.9868 -722.0068 -701.9465 -691.1318 -688.6521 -687.9191 -688.6877 -691.9095 -698.3305 -706.8453 -711.7378 -721.1081 -727.1721 -727.9888 -733.5883 -729.1463 -728.0609 -723.8483 -722.7674 -714.0579 -709.264 -707.5166 -714.8713 -718.455 -720.7328 -725.9725 -729.5213 -744.8916 -760.9308 -746.4993 -744.0523 -747.2124 -743.4064 -709.9598 -779.5239 -810.8796 -813.14 -814.1207 -805.9291 -810.1993 -821.6334 -825.3315 -9999 -9999 -9999 -9999 -9999 -9999 -9999 -9999 -9999 -9999 -9999 -9999 -9999 -9999 -9999 -9999
-754.5473 -758.6724 -743.4744 -740.1102 -736.5693 -723.2606 -700.7948 -694.2582 -691.8397 -691.1808 -689.6852 -691.7802 -695.7328 -704.7417 -711.1252 -712.9832 -719.3281 -717.7589 -725.7252 -725.1192 -720.2195 -717.4222 -718.9125 -713.333 -710.8306 -704.4306 -710.4654 -714.3203 -718.7468 -721.4225 -723.9218 -738.8486 -759.8801 -749.1163 -747.0943 -758.4929 -779.3841 -746.2184 -780.8429 -811.348 -814.7206 -814.791 -817.6481 -818.9337 -818.7806 -9999 -9999 -9999 -9999 -9999 -9999 -9999 -9999 -9999 -9999 -9999 -9999 -9999 -9999 -9999 -9999 -9999
-748.8506 -755.6814 -747.7093 -748.1575 -738.4734 -716.3411 -701.7044 -695.2328 -694.9328 -696.8953 -690.635 -692.3666 -693.8747 -699.6041 -708.4319 -712.2979 -713.7006 -715.4852 -722.6912 -720.5067 -716.8243 -713.2207 -719.4865 -720.444 -718.995 -709.9966 -711.435 -714.5598 -715.8242 -721.1145 -722.6088 -727.7222 -752.2942 -755.4084 -756.8354 -785.7872 -802.3132 -799.8174 -810.2953 -810.3389 -813.9099 -808.4201 -810.5171 -811.8561 -9999 -9999 -9999 -9999 -9999 -9999 -9999 -9999 -9999 -9999 -9999 -9999 -9999 -9999 -9999 -9999 -9999 -9999
-750.6981 -745.0079 -748.1409 -744.5721 -744.1371 -719.7894 -709.9305 -696.608 -691.3626 -696.4235 -691.5047 -692.2587 -693.1398 -695.2632 -702.4791 -711.2271 -712.4969 -713.2379 -715.7722 -717.2216 -711.8406 -716.5756 -719.3734 -722.7919 -727.1506 -723.2894 -717.4987 -716.0132 -722.8043 -717.5888 -724.1963 -730.1288 -740.7875 -751.436 -755.7398 -808.2283 -809.9954 -813.3516 -822.5143 -810.4098 -809.0596 -802.0682 -798.1444 -9999 -9999 -9999 -9999 -9999 -9999 -9999 -9999 -9999 -9999 -9999 -9999 -9999 -9999 -9999 -9999 -9999 -9999 -9999
-761.0539 -744.7236 -756.1591 -740.5433 -744.7479 -727.9965 -714.6506 -701.5966 -693.8704 -690.777 -690.4602 -691.6003 -692.5905 -697.6912 -702.3186 -709.9663 -711.4253 -712.3958 -714.7054 -716.2155 -710.9661 -709.6531 -719.6154 -723.4861 -730.8535 -731.4365 -725.9614 -724.673 -725.0645 -726.3677 -733.0193 -734.0874 -736.9425 -745.6996 -750.0438 -761.3793 -771.7999 -789.2576 -791.7591 -792.2098 -788.0002 -789.5667 -9999 -9999 -9999 -9999 -9999 -9999 -9999 -9999 -9999 -9999 -9999 -9999 -9999 -9999 -9999 -9999 -9999 -9999 -9999 -9999
-749.249 -757.0943 -765.5156 -756.6456 -729.1982 -732.3688 -714.8291 -702.1267 -698.9727 -690.903 -689.9335 -693.7277 -698.6448 -703.3069 -706.4619 -708.447 -709.7458 -711.5931 -710.7228 -708.1474 -713.7696 -716.4734 -720.2031 -729.3788 -731.7814 -732.5245 -732.3762 -733.0572 -733.0044 -727.1174 -734.2656 -735.5522 -741.6678 -746.823 -749.3316 -751.5887 -758.0588 -769.6152 -772.2109 -780.95 -784.2734 -9999 -9999 -9999 -9999 -9999 -9999 -9999 -9999 -9999 -9999 -9999 -9999 -9999 -9999 -9999 -9999 -9999 -9999 -9999 -9999 -9999
-719.9163 -757.4689 -748.9304 -754.9417 -730.078 -718.2941 -706.9562 -700.2251 -704.2612 -703.4849 -702.9164 -702.9716 -702.4983 -709.8315 -707.8788 -707.2739 -701.0141 -702.9927 -701.7221 -703.4034 -709.1166 -717.182 -720.8262 -732.0848 -738.5195 -739.5932 -740.5214 -741.3572 -742.1864 -734.3135 -741.2433 -741.8604 -748.7386 -752.7711 -754.4218 -755.9593 -759.5757 -764.9814 -767.7482 -9999 -9999 -9999 -9999 -9999 -9999 -9999 -9999 -9999 -9999 -9999 -9999 -9999 -9999 -9999 -9999 -9999 -9999 -9999 -9999 -9999 -9999 -9999
-751.3972 -764.4735 -748.6387 -740.6845 -731.3911 -724.1546 -721.1392 -714.847 -709.02 -706.9813 -703.0927 -708.4141 -709.3412 -716.6622 -717.9243 -697.0283 -692.77 -691.4236 -688.291 -695.0515 -705.3317 -716.8311 -720.3486 -727.0641 -737.5394 -742.6044 -743.8503 -745.7043 -751.2513 -743.3911 -750.4965 -747.8714 -751.8688 -755.8327 -757.7025 -759.2424 -761.886 -9999 -9999 -9999 -9999 -9999 -9999 -9999 -9999 -9999 -9999 -9999 -9999 -9999 -9999 -9999 -9999 -9999 -9999 -9999 -9999 -9999 -9999 -9999 -9999 -9999
-766.3342 -767.8557 -755.3762 -732.2751 -731.926 -737.1812 -736.0585 -728.1007 -715.8251 -707.9522 -707.2068 -713.674 -711.92 -713.8443 -714.5929 -694.8432 -689.0988 -681.5894 -677.1988 -686.1166 -691.2482 -706.2686 -715.6032 -722.5941 -729.132 -733.6508 -739.024 -750.0688 -759.1389 -748.331 -755.5392 -751.3055 -750.3862 -756.0135 -758.7158 -9999 -9999 -9999 -9999 -9999 -9999 -9999 -9999 -9999 -9999 -9999 -9999 -9999 -9999 -9999 -9999 -9999 -9999 -9999 -9999 -9999 -9999 -9999 -9999 -9999 -9999 -9999
-741.7525 -752.7078 -720.3857 -708.0568 -730.4911 -745.8429 -740.7791 -733.8824 -727.8792 -726.9429 -722.3679 -720.507 -715.4206 -711.1203 -708.5316 -698.418 -691.6255 -681.5131 -679.41 -691.3022 -693.6931 -695.0697 -703.0992 -711.8446 -720.8331 -726.0844 -739.8854 -751.3473 -757.2652 -751.0558 -754.0131 -751.3907 -9999 -9999 -9999 -9999 -9999 -9999 -9999 -9999 -9999 -9999 -9999 -9999 -9999 -9999 -9999 -9999 -9999 -9999 -9999 -9999 -9999 -9999 -9999 -9999 -9999 -9999 -9999 -9999 -9999 -9999
-715.5895 -724.4526 -698.4895 -681.7446 -717.6445 -740.3621 -738.0593 -734.6469 -736.0275 -748.7103 -737.3247 -731.3461 -723.2709 -719.9844 -715.7812 -702.256 -693.5166 -685.0815 -687.6033 -705.1567 -713.9693 -697.5232 -701.119 -705.6759 -720.1663 -732.4828 -752.0926 -747.6221 -9999 -9999 -9999 -9999 -9999 -9999 -9999 -9999 -9999 -9999 -9999 -9999 -9999 -9999 -9999 -9999 -9999 -9999 -9999 -9999 -9999 -9999 -9999 -9999 -9999 -9999 -9999 -9999 -9999 -9999 -9999 -9999 -9999 -9999
-716.2247 -712.6913 -695.7147 -664.3646 -701.8189 -714.775 -720.2899 -724.0866 -724.6028 -747.249 -740.4048 -742.1491 -730.9289 -732.1104 -726.9913 -708.452 -688.4363 -678.6971 -682.5526 -700.6342 -705.1142 -705.4933 -723.8564 -726.7972 -726.8719 -9999 -9999 -9999 -9999 -9999 -9999 -9999 -9999 -9999 -9999 -9999 -9999 -9999 -9999 -9999 -9999 -9999 -9999 -9999 -9999 -9999 -9999 -9999 -9999 -9999 -9999 -9999 -9999 -9999 -9999 -9999 -9999 -9999 -9999 -9999 -9999 -9999
