Dropbox/GRP Data/GRP mammal paper/NN_analysis/DATA/2014 input files/la_h_bio_1.asc
ncols         272
nrows         166
xllcorner     -214329.5541171
yllcorner     212687.1820549
cellsize      821.1860311
NODATA_value  -9999
[rows 39 to 77 of 166, columns 176 to 263 of 272]
670 669 672 675 678 676 671 682 685 687 688 687 686 686 682 680 687 688 685 687 691 691 691 693 693 693 692 691 687 687 689 686 684 682 676 680 680 678 676 675 675 678 682 685 687 691 694 694 686 695 689 701 704 704 704 703 702 700 699 700 702 706 710 716 722 727 731 734 735 733 733 728 721 732 736 730 715 694 675 640 616 595 580 577 583 592 590 595
668 666 669 671 679 673 674 684 687 689 690 690 690 690 682 677 689 690 688 682 690 692 692 693 694 694 694 693 680 683 688 687 685 683 679 683 682 681 680 679 680 681 685 688 692 695 697 701 694 690 700 707 707 707 705 704 702 701 701 701 704 708 712 717 724 728 731 734 736 734 733 726 726 732 733 733 714 706 678 645 619 594 578 571 580 595 589 590
664 665 663 664 678 670 680 686 691 692 693 693 694 693 684 678 691 691 693 691 692 694 694 695 697 697 697 698 697 695 690 687 686 686 685 686 685 684 683 683 683 686 689 692 695 698 702 705 708 712 712 711 710 707 706 704 703 703 703 704 707 710 715 719 725 729 732 734 735 735 733 729 736 733 732 719 713 708 688 665 642 609 574 572 584 602 591 586
655 665 662 665 677 675 683 693 696 696 698 698 697 696 693 680 689 692 694 696 694 695 696 698 700 701 702 701 701 698 694 687 686 687 688 690 689 688 686 686 687 689 692 696 700 704 706 709 713 716 716 715 712 707 706 705 705 705 706 707 709 713 717 723 727 730 733 735 736 734 734 726 728 707 701 705 717 717 708 688 661 631 597 605 605 608 600 591
651 668 668 669 678 684 691 699 702 701 702 701 700 699 697 686 684 686 691 700 697 700 701 703 707 708 707 705 705 702 697 686 681 684 688 692 692 690 689 689 689 693 696 700 704 709 710 713 717 719 719 717 713 710 708 707 707 708 708 711 713 717 720 725 729 731 733 733 733 733 733 721 723 695 689 704 729 727 716 706 692 660 638 633 626 623 617 610
667 669 672 676 681 688 694 699 698 699 701 703 703 704 705 693 692 687 691 697 702 703 693 708 710 711 712 709 708 705 699 690 685 686 688 692 694 692 690 689 684 689 694 703 707 712 714 718 721 723 722 721 716 696 700 710 710 711 712 715 718 721 723 727 729 728 729 725 724 724 723 719 722 712 711 716 726 730 720 712 707 692 680 664 645 642 642 626
670 670 672 681 687 690 694 700 704 701 702 707 707 709 710 707 696 694 698 697 704 704 699 703 706 711 715 713 711 709 703 696 700 702 696 696 695 695 696 700 697 701 699 701 710 716 719 722 725 727 726 725 720 703 705 713 714 716 718 720 722 725 727 729 729 726 724 725 722 721 717 717 719 721 720 722 717 713 707 704 711 713 706 693 671 672 664 647
667 662 662 672 682 667 672 686 698 705 703 708 711 714 715 716 700 700 703 698 701 705 703 701 701 704 708 713 708 709 711 709 703 702 708 708 704 708 709 699 699 705 707 705 711 719 724 727 730 731 731 730 726 719 718 718 718 721 723 724 726 727 729 730 725 722 721 718 711 713 717 718 718 719 715 718 703 691 687 693 715 723 720 714 703 704 682 669
658 647 641 653 664 637 641 664 684 701 704 707 715 717 719 721 706 695 700 698 699 704 702 696 696 701 704 709 697 693 703 702 688 680 705 711 706 717 717 682 681 689 705 714 712 720 727 731 734 735 735 733 730 724 722 722 723 726 728 728 729 730 730 725 718 711 698 675 666 677 709 719 723 725 721 707 686 684 687 698 723 732 732 729 729 725 704 685
643 634 626 638 641 616 620 643 667 694 704 705 716 719 721 723 712 682 684 687 688 692 694 681 685 698 703 698 674 659 668 659 660 653 682 694 690 707 705 670 662 668 691 716 717 720 730 734 738 740 740 738 733 729 726 726 728 731 733 732 733 733 729 714 717 685 633 610 604 618 676 714 731 727 721 687 681 687 700 720 734 738 740 739 738 739 734 710
629 628 626 633 623 609 615 636 661 693 705 704 714 719 722 723 714 674 652 660 658 664 678 665 666 678 681 675 642 631 629 616 624 634 660 676 683 692 672 659 627 643 684 718 733 722 734 737 742 744 744 743 734 738 736 731 731 734 738 736 735 732 721 712 703 640 598 596 597 595 626 684 735 732 731 702 677 686 721 739 742 743 747 750 750 749 748 738
623 627 632 632 622 617 624 652 675 699 707 705 714 719 721 715 705 676 618 633 632 637 653 648 655 660 650 654 640 629 611 578 587 637 661 666 661 656 641 636 619 641 675 716 734 735 739 743 747 749 749 748 732 723 737 730 728 726 733 731 730 727 726 717 672 608 604 610 611 597 618 686 740 736 732 695 665 681 727 746 751 750 750 752 752 752 753 746
614 628 635 635 636 638 648 668 688 706 709 705 716 718 714 705 672 659 616 619 618 618 631 645 647 657 647 646 644 641 641 637 641 674 693 680 652 646 616 594 592 608 652 705 733 741 743 748 752 754 754 754 750 743 741 736 726 706 701 699 696 699 714 710 652 603 560 522 588 598 617 694 742 742 734 712 694 702 733 751 752 751 751 754 754 755 752 746
615 621 631 645 657 662 673 686 696 709 711 696 671 686 679 651 635 631 592 576 582 582 611 637 647 655 655 648 653 657 664 665 665 680 717 708 685 656 622 591 591 610 646 703 735 745 747 755 757 758 758 757 758 754 738 712 688 661 636 637 630 631 656 657 616 608 591 546 594 596 624 701 743 744 732 702 698 707 732 750 752 751 751 753 754 755 754 750
628 633 632 633 651 667 678 691 704 711 714 715 697 676 672 650 633 619 564 530 527 536 572 623 634 637 643 645 657 670 678 681 673 694 732 728 710 675 643 605 603 622 658 706 731 748 751 760 761 762 762 761 762 758 735 692 648 617 600 603 603 607 618 619 603 611 613 590 608 630 687 732 748 744 717 685 687 698 720 743 750 750 750 752 752 752 752 750
616 638 631 629 638 663 683 699 708 713 714 718 716 701 691 681 641 594 536 507 505 513 564 618 625 603 619 645 663 682 688 694 686 708 738 741 734 705 674 640 627 640 675 708 730 749 755 763 765 766 766 765 764 759 733 677 622 604 605 601 597 607 607 609 620 637 649 654 662 688 744 756 754 748 707 679 679 687 708 735 746 748 748 750 749 746 747 746
618 638 637 629 635 658 682 706 712 712 714 722 723 720 714 701 654 599 529 500 499 523 575 620 628 594 617 650 670 695 703 711 707 720 742 750 751 735 708 677 650 654 684 705 731 752 760 766 769 769 769 768 766 759 731 668 613 611 619 595 580 599 609 612 639 674 700 718 730 739 761 761 759 757 725 707 705 698 709 731 741 744 743 742 741 736 737 738
633 655 649 632 639 655 682 709 716 714 721 734 733 728 725 705 658 616 551 513 499 533 584 627 637 618 636 656 669 704 719 727 727 733 748 753 756 753 732 697 662 657 677 690 721 754 763 769 772 773 773 771 767 759 730 671 620 611 618 588 571 594 611 616 641 686 716 739 754 763 767 767 765 767 763 760 755 726 713 726 733 732 732 725 726 720 724 726
669 686 663 638 651 664 688 710 719 718 733 747 748 737 728 706 653 627 594 547 506 528 586 632 646 653 657 664 670 704 726 738 742 745 753 755 756 751 728 694 662 654 657 668 703 749 767 773 777 779 776 773 770 761 732 687 638 607 613 619 609 611 615 622 634 666 687 723 749 764 772 772 770 772 773 773 768 723 697 711 716 707 708 701 704 701 713 721
704 709 684 658 674 686 698 714 722 721 742 753 755 751 737 712 657 642 634 589 519 524 581 618 648 676 673 686 695 708 727 740 753 759 761 762 759 728 690 664 649 646 651 673 723 750 771 777 780 781 777 775 771 765 740 702 657 626 604 607 613 611 620 629 636 639 647 692 721 758 777 779 777 778 781 783 776 746 718 718 710 698 687 685 687 683 692 712
709 712 709 694 696 705 710 720 725 723 745 755 757 757 755 734 676 650 643 625 534 508 535 555 621 668 706 712 719 720 739 746 755 779 782 769 750 710 657 615 590 616 680 704 741 768 777 781 783 781 778 777 773 766 749 715 683 656 638 632 636 639 637 630 655 661 662 659 694 753 783 786 785 786 788 789 789 779 762 746 732 705 679 677 680 685 691 703
712 719 713 716 707 713 718 724 721 729 750 756 757 758 757 746 715 685 655 628 540 519 516 524 564 628 691 731 743 747 754 761 765 786 786 766 742 696 646 615 562 609 676 730 761 777 784 788 788 783 780 778 774 769 755 730 710 695 690 682 661 658 660 654 661 644 672 666 680 744 787 793 791 793 795 796 794 787 773 760 750 717 685 682 685 689 694 699
711 722 731 734 713 717 721 727 723 739 754 757 759 760 759 757 729 706 682 652 565 519 529 526 531 596 671 716 744 753 764 780 778 790 792 771 738 705 674 639 596 644 692 743 767 783 788 792 788 783 781 782 780 777 769 755 738 739 717 687 670 677 668 663 638 658 683 665 683 747 789 797 799 801 803 803 804 797 781 769 756 727 702 696 697 697 699 701
714 721 734 739 735 730 727 725 733 738 757 759 761 762 762 762 740 711 690 661 613 552 522 516 526 586 666 709 746 758 767 789 796 800 796 773 750 725 703 674 657 697 736 762 775 788 791 790 787 783 781 783 786 785 783 782 775 761 723 682 683 680 634 633 648 680 686 666 698 759 794 803 805 808 811 813 812 805 791 780 764 748 726 711 707 707 704 -9999
713 726 739 743 743 742 738 733 745 749 758 761 763 765 764 766 755 722 696 671 642 564 526 520 530 583 665 707 747 763 777 800 806 807 800 779 765 749 732 711 713 743 769 779 787 794 796 790 785 782 781 784 788 792 794 795 795 772 727 684 692 669 638 627 669 692 682 673 703 762 798 810 811 815 818 821 818 813 803 790 775 751 731 717 714 716 717 -9999
716 731 739 743 745 748 745 737 750 755 756 763 763 767 767 769 764 736 705 681 653 565 535 531 542 597 672 707 747 771 793 809 812 811 804 785 777 767 757 750 756 773 786 792 798 798 799 791 784 781 781 783 787 795 800 799 797 778 737 694 697 678 686 652 687 699 682 691 717 771 803 814 817 822 825 827 826 823 815 802 794 751 723 719 723 731 -9999 -9999
719 734 739 742 745 749 749 745 753 758 758 765 762 767 770 771 769 747 714 687 656 568 548 543 560 615 679 715 745 777 802 814 817 816 808 792 786 781 779 782 787 793 798 802 803 797 795 787 780 772 770 776 783 795 802 805 800 776 748 711 702 709 712 676 710 703 689 716 760 799 812 819 824 828 832 835 836 835 828 820 825 789 743 737 737 -9999 -9999 -9999
725 734 739 742 746 750 753 754 757 761 763 767 764 767 773 774 772 751 717 689 652 571 579 574 585 624 679 727 746 777 802 817 819 819 814 803 793 795 799 797 803 807 805 802 797 784 773 765 755 740 739 751 770 792 805 811 806 785 761 736 713 707 715 721 715 701 696 729 784 812 822 828 831 835 839 841 842 843 843 842 845 842 799 775 -9999 -9999 -9999 -9999
728 733 738 742 747 750 755 758 761 763 765 769 771 767 774 775 773 745 713 693 650 583 627 632 623 644 680 727 762 776 801 818 821 820 818 812 802 797 802 804 806 809 803 795 786 753 712 707 704 699 692 709 738 771 809 816 811 811 801 782 776 749 722 715 704 703 716 749 783 800 825 830 833 836 840 845 846 848 850 857 863 860 845 -9999 -9999 -9999 -9999 -9999
725 731 736 744 748 752 756 758 761 764 767 771 773 766 772 777 772 739 713 705 692 619 672 690 675 696 710 734 764 791 807 812 814 822 820 814 807 804 807 809 811 809 802 788 760 726 677 666 652 666 678 690 719 767 810 819 822 824 823 821 814 784 765 764 746 706 705 726 772 812 824 828 834 840 843 846 847 848 851 859 867 874 872 -9999 -9999 -9999 -9999 -9999
724 730 737 745 749 753 758 758 762 765 767 773 768 763 770 778 766 749 734 729 708 694 702 713 709 727 747 754 763 791 807 814 813 815 821 816 809 812 812 819 818 806 804 773 726 691 666 620 604 625 649 662 690 740 791 819 827 838 841 836 832 826 817 808 759 713 708 717 744 762 782 807 831 837 841 843 843 835 823 832 862 876 -9999 -9999 -9999 -9999 -9999 -9999
724 732 738 743 751 755 758 760 763 764 768 773 769 763 775 769 756 747 742 736 718 709 723 730 735 742 749 739 764 785 798 803 814 816 819 814 806 809 805 817 823 811 807 784 732 695 655 610 609 631 670 703 704 733 771 809 831 842 853 849 843 843 842 834 787 742 731 736 729 730 736 760 790 804 811 823 823 796 774 800 829 -9999 -9999 -9999 -9999 -9999 -9999 -9999
726 733 739 743 751 755 758 760 762 763 764 765 766 766 771 750 741 747 744 738 721 729 729 722 727 731 747 733 751 780 793 792 803 814 820 813 802 799 797 813 827 807 789 781 750 705 672 660 666 685 721 739 742 750 771 812 834 842 853 865 859 853 850 845 814 774 749 753 754 751 740 736 741 753 757 769 784 768 752 771 -9999 -9999 -9999 -9999 -9999 -9999 -9999 -9999
730 735 741 747 753 755 758 759 762 761 760 762 765 767 767 752 723 730 739 739 725 725 725 729 737 734 746 752 756 763 783 779 794 812 816 800 785 776 783 818 836 816 784 786 767 739 716 722 724 736 771 777 784 789 793 820 829 844 852 874 873 860 857 851 838 805 762 765 782 784 776 752 724 727 725 735 758 764 752 -9999 -9999 -9999 -9999 -9999 -9999 -9999 -9999 -9999
736 741 746 751 755 757 760 760 760 755 751 761 770 770 763 756 719 727 732 741 728 723 729 745 754 752 752 756 763 745 767 775 787 807 803 776 756 758 783 822 845 831 801 802 790 782 763 765 761 776 808 817 818 825 821 829 828 846 858 880 883 868 865 858 853 828 780 781 796 803 807 782 736 729 733 751 765 768 -9999 -9999 -9999 -9999 -9999 -9999 -9999 -9999 -9999 -9999
742 746 750 754 757 758 759 759 756 737 737 757 776 774 759 757 729 735 736 752 744 746 752 760 768 772 765 744 754 732 750 765 775 795 792 766 749 760 795 825 850 842 823 821 813 810 802 792 791 818 833 839 841 839 840 843 841 847 870 889 890 877 870 865 858 838 811 808 815 822 823 801 760 746 762 791 790 771 -9999 -9999 -9999 -9999 -9999 -9999 -9999 -9999 -9999 -9999
748 751 754 757 759 758 758 758 743 719 724 753 776 770 745 747 746 739 752 772 775 779 783 777 781 787 777 739 738 722 736 736 754 776 793 789 791 784 799 840 855 852 844 841 826 825 830 816 826 841 844 844 855 846 850 854 848 855 877 901 885 874 872 870 865 860 853 841 839 841 837 824 799 802 806 814 809 -9999 -9999 -9999 -9999 -9999 -9999 -9999 -9999 -9999 -9999 -9999
752 754 758 760 760 759 759 758 730 714 719 755 777 760 726 734 764 749 768 791 796 799 804 796 794 801 785 737 724 719 722 723 722 755 791 809 830 834 833 853 861 864 862 861 854 838 827 823 856 859 854 853 870 859 860 863 863 880 893 910 896 890 886 882 873 864 859 854 852 850 826 823 808 805 805 813 -9999 -9999 -9999 -9999 -9999 -9999 -9999 -9999 -9999 -9999 -9999 -9999
753 756 760 760 760 760 760 756 742 709 732 768 784 761 746 763 775 776 784 808 818 821 825 814 806 810 804 769 727 723 716 715 719 735 785 817 846 860 865 864 865 868 870 868 866 859 838 843 864 870 868 883 894 882 872 879 886 894 910 913 907 897 893 886 876 865 860 845 838 842 806 796 790 787 797 -9999 -9999 -9999 -9999 -9999 -9999 -9999 -9999 -9999 -9999 -9999 -9999 -9999
