Dropbox/GRP Data/GRP mammal paper/NN_analysis/DATA/2014 input files/la_h_bio_12.asc
ncols         272
nrows         166
xllcorner     -214329.5541171
yllcorner     212687.1820549
cellsize      821.1860311
NODATA_value  -9999
[rows 116 to 144 of 166, columns 65 to 129 of 272]
76589.43 77764.48 78808.6 80180.85 81052.19 81677.07 82174.5 82683 82901.33 82936.73 82738.68 82651.91 83031.94 83034.88 83311.77 83934.73 86654.47 89012.52 92325.09 96644.73 102589.3 109200.7 115389.3 120627.5 125232 129105 132617.4 135850.7 139747.1 142740 136420.3 129686.8 121572 117232.5 117718.8 120231.9 122747.8 126508.4 128365 127619.2 124934.1 123736 124396.7 124576.7 124710.5 123099.9 122666.4 119348.3 115578.8 114871.8 116091.8 113192.9 110162.8 106758.2 103684.9 99935.25 96638.02 93712.45 92363.38 91914.03 91210.69 88172.55 82759.44 78340.41 74815.67
77210.24 78094.62 79203.27 79937.46 80629.35 81377.21 81903.27 82401.09 82645.23 83206.36 83489.53 84080.63 84355.7 84836.13 85249.02 85820.07 87945.81 90290.97 93261.5 96881.09 101893.1 107738.9 113590.7 117969.9 122327.9 125807.8 128818.4 130834 131569.5 135227.6 134589.2 131863 123902.7 117476.7 116151 119886.8 122638 125339.5 128236.9 128434.7 127144.4 126266.6 127984.2 128398.1 128591.4 126862.3 126538.5 122613.4 119312.8 118433.9 119246.9 116574 113193.4 109601.5 105577.1 101979.9 98653.19 95161.13 93095.85 91901.14 90723.62 88551.23 84018.59 79697.66 75627.25
77970.12 78431.31 78895.99 79526.05 79895.34 80115.63 80882.67 82128.37 82896.16 83812.63 84431.3 85479.21 85808.18 86370.36 86986.5 88144.41 89679.96 91634.38 94217.6 97278.31 101373.1 106246.1 111153.3 115431.8 118924.4 122440.9 125276.3 126627.2 124838.6 129420.9 132310.4 132355.6 125135.4 117767.6 113985.3 117922.5 121299.8 124469 127226.5 128043.6 129626 129333 130277.7 131423.7 131121.8 130445.7 129747.7 125644.1 122901.2 122442.3 122779.8 119736 115730.1 111979.2 107865.1 103722.4 100341.5 96838.86 93415.61 91004.69 88946.21 87016.98 83769.65 80121.05 76303.91
77278.73 77658.2 78025.08 78190.12 78566.9 78775.22 79751.52 81417.77 83078.32 84227.37 85308.27 86871.84 87193.06 87672.85 88123.87 89759.16 90461.57 92932.28 95086.85 97641.11 100825 104527 108642.5 112605.9 115914.6 119334.4 122109.3 123118.9 121347.9 124813.4 128768.9 129164.3 123915.9 117181.9 113041.4 115993 120335.7 124266.7 127075.9 128454.9 131856.3 131599.5 131363.3 134205.1 134039.9 133525 132665.6 129527 126474.9 126160.7 124568.2 120130.8 116568.2 112582.5 108228.8 104594.8 100538.6 96654.52 93192.4 89972.3 87466.32 84665.33 82017.97 79218.57 76619.26
76174.56 76485.76 76592.28 76434.27 76780.57 77527.96 79015.2 80944.99 83268.08 84797.3 86532.86 88037.98 88770.5 89282.95 89679.88 91016.85 91617.99 94068.88 95887.59 97948.46 100409.6 103136 106731.1 110123.3 113653.4 116757.2 119454.4 120091.8 119208.1 119998.8 123238.1 123496.6 120466.2 115836.4 113420.8 116685.7 121428.5 124694.9 127469.1 130535.2 133415.4 133845.2 135026.3 137071.3 136886.3 136513.9 136829.6 136292.4 134534 129664.4 125487.1 121176.4 116725.3 111328.1 107946 103968 100597.4 96424.34 92010.98 88331.78 85740.74 83144.3 80446.9 77890.72 76330.86
74881.57 74937.48 74737.3 74643.33 75370.41 76820.84 78345.71 80320.61 83218.7 85285.73 87788.28 89605.41 90637.25 91122.15 91964.3 92682.68 93344.21 94747.77 96534 98203.66 100374.1 102710.5 105665.3 108939.4 112115.7 114990.1 117358.7 117822.8 117925.6 118104.8 119037.6 119802.9 116394.1 114399.3 115056.1 118879.6 122797.6 125083.5 129814.1 132798.1 136218.9 138037.2 138550.5 138799 139065.1 139393.3 141630.6 145560.8 144656.7 138881.7 133576.5 128306.5 123157.8 117736.8 113435.4 108617.5 103502.1 98078.63 92729.63 88051.95 84747.23 81929.53 79414.34 77540.15 76034.95
73396.81 73335.74 73093.67 73343.11 74857.1 76539.12 78041.39 79792.56 82960.66 86007.82 89039.62 91338.02 92813.03 93372.45 94428.46 94676.77 95018.38 95454.88 97001.29 98557.8 100870.4 103137.1 105462.3 108767.8 111513.9 113792 114768.5 115947.8 117625.8 117369.7 116909 116214.7 114255.2 115039.5 117286 121115.5 127474.9 128959.5 133752.3 136168.5 138845.8 139512 139896.5 140121.9 140533.4 141107.9 142714.3 145267 147735.3 146189.8 141882.3 137296.7 132694.1 126550.9 120862.4 114942.4 106531.7 97730.76 91229.81 86675.57 83447.53 81184.24 79725.1 78504.31 77143.52
72851.71 73016.31 73073.72 73558.27 75287.07 76852.32 78463.76 80033.35 83261.82 87319.25 90339.89 92729.95 95228.93 96133.06 96754.29 96481.62 96966.88 97328.2 97695.7 99685.31 102156.2 104107.7 106316.5 108897.7 110911.4 112235.5 112962.9 113930.7 114511.3 115268.7 115463.6 116157.8 116409.2 118600.3 122175.8 125581.3 130092 133121.5 137202.8 139857.1 140680.8 141022.7 141424.2 141933.1 142701.7 143165.7 143672.7 145361.8 149762.8 149010.3 144473.9 140025.5 135018.8 129229.1 123071 115844.2 106938.7 96993.73 89967.31 86013.29 83161.76 82013.77 81189.72 80226.9 79106.78
74048.71 74696.71 75175.32 75566.98 76670.52 78129.01 79670.07 81402.63 84897.96 88774.27 91512.23 94457.37 97179.32 98013.17 99734.66 99723.98 98529.87 98346.69 99404.23 101557.3 103423.3 104926.8 106543.4 108285.3 109530.3 110042.6 110164.9 111449.1 113151.6 114554.9 115671.9 117850.6 120371.5 123105.6 127597.5 130153.4 134096.1 136636.5 139352.3 141873 142287.8 142450.3 143277.1 144362.8 145043.6 145392.5 146264.4 149160.3 152781.9 150203.1 145880.5 141488 135839.5 130470.3 123164 113812.5 106122.9 98105.35 91739.57 87988.63 85122.7 84126.13 83079.69 82074.1 81143.88
76447.03 77453.53 77958.66 78129.16 79004.73 80209.66 81786.1 83828.91 86470.85 90603.32 93005.04 95336.56 98108.45 100199.7 102548.9 102807.8 101473.1 102355.7 102394.3 102975.8 104358.7 105611.3 106828 107462.1 108141.4 108556 108990.5 111087.6 113545.4 115971.2 118188.4 120198.8 122006.5 125759.1 129795.5 132765.2 137071.8 139796.4 142493.7 144358.3 143864.3 144143.5 145485.4 146840.7 147441.3 148005.8 149947.7 153595.1 155289.4 152252.6 148449.2 144089.9 138171.8 132834.4 123316.3 112077.6 105729.9 100674 95697.08 91561.83 88538.7 86606.72 85014.59 83808.44 82894.91
79120.96 80261.13 80224.52 80441.9 81334.48 82751.51 83991.68 85925.66 88037.34 91965.77 93037.87 95932.47 98306.95 101047.9 103949.3 104037.5 103404.5 103929.9 104085.7 104318.6 104969 105794.1 106471.4 106024.5 107241.6 109105 110293.1 112704.8 115752.6 118646.5 120962.7 122356.6 124096.8 127505.8 130583.6 134258.4 138112.1 140263.8 143023.5 145447.6 145774.3 146922.2 148807.2 149617.8 150614 151665.8 153897.6 156355.3 156154.7 154531 150398.6 145986.3 139873.5 134027.2 122600.5 110872.9 105799.2 102645.1 98862.32 94324.46 91497.28 89073.06 87068.51 85414.25 84044.47
81481.91 81608.22 82657.71 83516.04 83824.02 85416.84 86343.55 87536.89 88659.63 90316.47 92123.24 95885.2 98667.59 101359.6 103239.3 104319.3 105959.3 105963.3 105017.1 105225.3 105509.1 105671.7 105473.5 106126.4 107762.6 110986.7 112822.4 115468.7 118646.9 121382.6 123301.6 124628.4 126369.4 128625.4 131951.3 134894.9 138011.7 138334 139623.2 142557.8 147396.6 149982.7 152802.2 153790.8 155375.5 157206.1 158097 157954.9 156022.8 154472.9 149377.3 145135.7 139077.2 131661.8 120083.9 109730.6 106208.1 103734.3 100899.6 96951.72 93836.47 90937.83 88550.63 86595.25 85215.57
82040.33 82975.8 84316.89 86347.97 86753.3 88271.73 88654.42 88345.41 88684.05 89353.7 90701.27 93518.05 97868.95 101080.3 102234.9 103566.9 105392.7 105923.1 105422.6 105204.8 105309.3 105460.4 104940.8 107060.9 109786.5 113563.9 115187.5 117587.9 120416.1 122606.7 124401.9 125959 127345.9 128961.3 132272.9 134072.9 137089.4 136588.3 136672.6 138427.5 147236.2 150955.2 156043.6 159037.9 160956.7 163646.3 162287.4 158790.9 155733.3 151266 146122.1 140638.4 135274.4 124152.5 111841.7 107582.1 107205.3 105129.1 101187.7 97849.88 94654.57 91705.85 89306.48 87650.51 86385.09
83909.56 84117.37 85558.91 87361.32 87979.7 88779.44 88957.66 88144.48 87943.89 87791.92 88858.56 91272.38 95573.84 99030.43 100501.6 101618.8 103238.9 104874 105587.3 105269.1 105562.2 106000.3 106064.4 108462.5 112605.1 116119.5 117271.2 118191 120428 122192 124011.7 125508.3 127068 128547.1 129548.9 131470.3 134384.1 136426.9 138917.5 141207 145508.5 149561.5 158149.3 161173.6 163366.2 164750.3 163301.1 158563.9 154803.1 149333.5 144076.7 138443.2 132941.7 121625.8 111516.5 109080.4 108244 103689.9 99730.91 96674.81 93857.77 91806.37 90172.05 88786.99 87694.23
85021.38 85317.55 86314.77 87277.7 87624.27 88070.21 88400.69 87187.96 87888.12 87516.45 88848.19 90916.21 94314.47 97369.02 99093.27 99764.7 101784.1 104253.7 106361.1 106617.8 107709.1 108752.6 109234 111272.7 115135.1 117850.7 119326.3 118683.9 120384.9 122210.8 123896.5 124979.3 126281.2 127441.4 127801.2 127960.6 131415.1 136780.6 141796.7 147034.9 149918.6 151567.7 153703.4 159354.6 164234.1 164449.6 161802 157260.6 152473.3 147158.3 142605.6 137487.7 131621.2 122718.1 113272 110685.7 108160.8 103802.3 98588.45 95134.02 92969.58 91650.73 90626.66 89639.05 88802.41
86141.23 86466.72 87261.16 87585.84 87549.48 87834.94 88266.6 87165.86 88074.69 88572.47 90630.14 92516.01 95862.54 98422.95 99745.97 100437.3 102715.5 105079.3 108368.7 109602 111631.8 114181 113598 115403.2 116689 118490.7 119779.3 121295.1 122573.2 123844.9 124907.4 124088.8 124338.3 125453.5 126402.1 127974.3 131465.9 138390.9 145790.5 151719.7 156275.4 156474.5 156966.1 158909 163800 166405.4 163289.5 159074.3 153196.3 147603.2 142730.3 136850.8 131599.2 124412.1 114775.1 110846.4 108432.8 104076 98042.63 94422.18 92170.63 91005.48 90533.6 89918.59 89412.48
87380.45 87508.88 88122.16 88216.92 88017.47 88011 88417.13 88275.44 88029.52 89653.05 92627.24 95075.28 98823.73 101651 102970.8 105112.6 107783.3 108816.3 111209.2 114408 116673.7 119139.1 117452 117188.4 117716.4 118478.8 120083.6 122332.3 123548.6 124767.5 125644 126564 127133.4 127454 128662.3 130114.6 134885.5 139881 150505.3 157655.9 161157.9 162841 161726.2 161779.8 164335.3 165944.8 167901.8 163146.3 157189.8 151297.3 145432.3 138643.6 132285.9 124783.3 116176.4 112182 109549 104961.9 99238.6 94745.05 91753.5 89973.45 89598.76 89531.21 89458.36
88151.38 88464.83 88393.45 88225.02 87803.68 87658.92 88338.83 88848.88 89821.84 91817.53 95188.84 97863.31 101230.8 105916.9 108679.4 110768.7 112002.5 113059.1 115736.7 120334.7 120870.8 122737.1 122326.5 120119.8 119396.3 119743.5 122065.7 124431.9 125996 126778.4 127855.4 128536.3 128730.1 129746.7 130965.1 135374.8 140607.2 145625.1 155542.8 161491.9 165080.7 166610.3 165537.7 165838.8 167342.5 168273 170783.9 167879.7 164412.5 157425.6 150067.1 141206.5 131994.4 123213.2 117279.4 114425.5 111791.6 107332.3 101656.3 96276.4 92258.38 89457.52 88345.93 88479.32 88766.63
88609.17 89087.09 88666.35 88197.67 87404.42 87809.17 89656.28 91739.84 93288.8 95287.05 97037.41 101345.9 105324.3 108532 111551 114251.2 117157.9 118147.3 120701.1 122569.4 123226.9 124498 124265.9 121248.3 120540 122057.7 125372.1 126865.5 128742.9 129473.3 129889.7 130323.3 131235.1 134153.1 137020.2 142100.1 146714.1 151509.5 156894.9 163027.8 166622.9 167472.9 167953.8 169205.7 170922 171939.4 172701 172639.9 170818.1 163869.3 155423 144129.7 132200.3 122269.6 118805 116916.1 115361.7 112129.9 105544.5 98818.29 94109.57 90334.52 87982.06 87698.13 87897.96
89375.29 89388.59 88867.52 89563.77 88894.77 89882.52 93243.88 96532.84 96018.63 100273.4 102887.4 106539.2 109233.7 111512.5 115029.4 118047.3 121183.6 123140.1 124392.5 124775.1 124718.6 125502.1 124217.5 122374.3 122073.6 124138.6 127739.7 129285.2 131038.1 132378.5 133566.7 134908.5 136535.4 139665 143887.8 148043.5 151966.5 156186.8 157824.3 161713.8 165898.8 167420 169522.3 171449 173318.6 174454.4 175043.3 175973.9 174102.3 168272.3 160146.4 148543.9 135523.6 124813.3 122436.3 121454.1 121624.4 120307 112857.2 102830 97825.4 93103.09 89789.85 89048.01 88623.57
89469.5 89420.72 89771.43 89340.38 90462.03 92648.53 97147.43 97942.66 102201.6 105540.7 108633.1 110469.7 112274.5 114649.9 117780.4 120828.8 123876.8 126448.7 127322.2 126282.6 124864 124561.4 123853.8 123424.6 123694.2 125652.3 129082.8 131630.9 133046.8 135079.5 137493.5 140327.2 142571.3 145164.3 148762.4 152016.2 155406.7 158930.5 160265.7 160114.8 164478.8 167648.8 170479.4 172740.3 174577.3 175913.4 176828.7 176756.2 175154.3 169330.7 162577.5 153598 141669.3 131268.3 130168 131453.9 133063.7 131477.8 123425.3 111271.5 104625.1 99375.32 94665.67 91659.37 -9999
92052.79 89300 88813.14 90376.36 92216.87 94970.91 99889.64 101170.8 105312.4 107891.6 110825.9 113084.3 114217.2 116187.6 118860.7 122145.7 125387.4 127816.7 128604.2 126798.9 124655.8 123712.1 123364.9 123793.2 124696.3 127012.4 129983.9 133320.5 135190.2 137572.9 140775.2 144104 146646.2 149077.1 151103.7 153934.3 156843.6 159734.5 162246.6 161834.4 163877.1 167493.1 170580.3 173120.3 175450.8 177212.6 177517.6 176434.8 174242.4 168230.5 161752.4 154840.7 148535.2 143663.2 145516.4 145010.7 143761.5 139479.8 131228.8 118226.2 108219.1 -9999 -9999 -9999 -9999
89798.74 88973.64 88924.36 91335.82 93670.05 96655.69 101209.7 104309.4 105830.9 108448.6 111116.1 113574.6 115180 117173.1 119382.5 122967.6 126061.9 127948.9 128685.2 126773.3 124765 123042 122777.9 123779.1 125208.9 128624.4 131229.5 134704.7 137201.7 139689.9 143515.2 146155.1 148397.7 150285.5 151869.4 154351.4 157410.1 160485.9 163263.3 164095.8 164525.9 166595.3 170636.8 173243.1 175411.4 177416.4 178133.7 177589.3 176004.3 172760.8 168937 166736.7 163209.8 158277 157948.4 153962.7 150307.7 -9999 -9999 -9999 -9999 -9999 -9999 -9999 -9999
87327.81 87460.48 89591.59 92824.95 95087.58 97611.95 101104.5 104598.6 106339.2 108955.9 111232.5 113157.3 115728.5 118093 120673.3 123917.2 126901.5 128178.8 128650.4 126911.8 124981.8 122190.5 122157.2 123863.6 125901.8 130397 133209.4 136793.5 138382 140929.4 144682.5 147331.8 149178.1 150824.5 152621.9 154637.1 157608.8 160527.4 163419.3 165236 166068.9 168082.9 171219.1 173409 175716.9 177407.4 178714.9 178664.5 177073.8 175043.5 173614.1 171822.2 168088.1 165524.4 -9999 -9999 -9999 -9999 -9999 -9999 -9999 -9999 -9999 -9999 -9999
87726.11 87136.8 91271.37 94814.3 96285.6 98083.45 100477.6 103301.5 106382.7 109292.9 111624.9 113601 116789.5 119293.1 122188.5 124994.1 128042.8 128925.1 128585.6 127253.6 125096.7 122590.5 121153.4 123611.1 126937 132227.4 134807 137970 139600.6 143205.1 146713.8 148320.5 149841.7 151443.5 153163.6 155118.8 157758.4 160623 163289.2 165679.9 167260.5 168841 171627.4 174471.5 176512.7 178177.7 179329.9 179358.6 177774.6 176730.9 176059.7 -9999 -9999 -9999 -9999 -9999 -9999 -9999 -9999 -9999 -9999 -9999 -9999 -9999 -9999
89835.67 89384.23 93552.88 96512.55 97511.93 98565.32 100334.4 102874 105610.3 109519.8 112564.7 115222.1 118778.8 121265.4 122008.1 125708.6 127344.8 128760.3 127499.3 126388.2 125297 122662.4 120673.5 125055.7 130140.4 135384.1 137626.3 139230.8 141492.6 145131.1 148179.4 149523.7 150848.1 152211.2 154004.8 156175.3 158450.1 161033.5 163676.5 166064.2 168144.8 169970.8 172430.5 175439.5 177752.3 178684.7 179424.3 178833.2 -9999 -9999 -9999 -9999 -9999 -9999 -9999 -9999 -9999 -9999 -9999 -9999 -9999 -9999 -9999 -9999 -9999
91201.91 92553.63 95236.77 97274.2 99042.63 99299.43 100943.5 103562.2 107220.7 111869.4 114994.4 117108.5 119793.5 121180.9 120580.8 123726.3 125938.1 128356.2 126979.9 125600.3 124698.4 121643.1 122204.2 128194.7 133451.6 137869.3 140103.7 142370.1 146060.6 148099.9 149774.8 151062.7 151891.4 153524.3 155618.9 157661.2 159620.3 161870.6 164257.6 166751 169034.4 170816.5 173303.3 176328.1 -9999 -9999 -9999 -9999 -9999 -9999 -9999 -9999 -9999 -9999 -9999 -9999 -9999 -9999 -9999 -9999 -9999 -9999 -9999 -9999 -9999
91510.41 94092.13 96058.66 97451.24 99338.26 100228.5 102264.4 105163.6 108738.7 112626.5 116246.4 118975.4 120101.4 121277 118755.3 121615.2 124218.3 125753.3 125707.4 121951.2 122386 122774.1 125469.1 130305 136065.6 139897.6 142084.6 146124.4 149065.3 150330.1 151600.4 152597.5 153923.4 155996.9 158077.9 159945.9 161701.3 163442.1 165508.1 167741.3 169548.4 -9999 -9999 -9999 -9999 -9999 -9999 -9999 -9999 -9999 -9999 -9999 -9999 -9999 -9999 -9999 -9999 -9999 -9999 -9999 -9999 -9999 -9999 -9999 -9999
92358.81 94683.86 96516.07 97918.09 99853.45 101164.7 103578.1 105759 108478.8 111200.6 113088.1 114430.4 115251.5 116570.7 115725.2 117587.6 122060.4 124327.5 124251 121996.8 123478.5 125373.3 129423.1 133273 138501.8 142014.7 144306.3 147708.3 150134.2 151747.5 153370.6 154774.3 157062.5 159489.5 161455.8 163078.3 164548.2 165444.5 -9999 -9999 -9999 -9999 -9999 -9999 -9999 -9999 -9999 -9999 -9999 -9999 -9999 -9999 -9999 -9999 -9999 -9999 -9999 -9999 -9999 -9999 -9999 -9999 -9999 -9999 -9999
