Dropbox/GRP Data/GRP mammal paper/NN_analysis/DATA/2014 input files/la_h_bio_6.asc
ncols         272
nrows         166
xllcorner     -214329.5541171
yllcorner     212687.1820549
cellsize      821.1860311
NODATA_value  -9999
[rows 56 to 83 of 166, columns 124 to 185 of 272]
-673.0282 -721.1409 -728.3777 -741.3931 -751.5325 -755.5446 -755.4005 -762.3264 -743.721 -753.2903 -765.1314 -771.5024 -780.0174 -808.8788 -836.1635 -837.9192 -843.4426 -849.6896 -848.3073 -856.9242 -841.5009 -820.0833 -776.9461 -778.3445 -789.2231 -836.4827 -857.1337 -739.0511 -660.5987 -692.8307 -741.4561 -709.6063 -718.9862 -733.9445 -661.4692 -651.3723 -663.202 -752.5819 -844.8912 -852.1158 -822.3934 -809.5184 -829.7667 -880.8154 -855.2145 -852.2751 -855.9939 -834.0942 -838.1403 -850.6738 -856.4944 -833.8458 -836.6525 -837.7012 -844.5032 -841.6283 -829.2148 -838.8061 -832.4763 -846.2993 -889.9326 -965.4201
-679.9905 -694.2466 -728.6932 -749.2108 -756.1126 -766.3936 -770.8671 -776.5662 -772.0815 -765.5342 -771.2913 -786.1047 -812.2126 -829.4141 -859.6897 -855.9885 -865.2415 -874.6841 -897.5881 -868.7564 -865.5542 -852.1475 -816.7014 -799.7991 -851.7267 -907.0349 -912.7745 -845.6368 -763.7109 -752.4391 -760.8792 -756.8866 -777.157 -824.5505 -785.2928 -770.6226 -779.929 -823.8434 -931.0538 -948.5699 -952.5182 -948.5743 -938.3994 -958.1899 -890.5897 -890.0167 -873.8862 -837.2617 -847.2653 -862.3498 -868.2729 -855.4533 -862.4849 -878.5952 -850.2338 -839.3849 -827.0154 -839.2704 -833.3607 -847.6348 -891.1669 -962.7368
-686.7662 -700.5908 -728.7838 -749.9081 -760.456 -774.7912 -784.4415 -792.8249 -802.7428 -796.0019 -801.4545 -820.338 -849.5004 -873.5853 -900.1279 -902.7002 -913.3091 -921.282 -926.6785 -884.5661 -862.5023 -857.1878 -839.0156 -844.8949 -932.9057 -1013.424 -1003.842 -974.6027 -914.0137 -864.0916 -840.1141 -844.9431 -869.1634 -920.6213 -940.2816 -944.7003 -949.5069 -948.4206 -1016.628 -1036.288 -1041.39 -1035.958 -1030.577 -1011.868 -955.4976 -946.1036 -895.2518 -856.3215 -861.2224 -864.304 -882.2869 -894.7067 -903.4481 -937.6492 -868.8637 -841.2567 -837.6803 -843.2558 -837.9304 -855.3572 -895.546 -960.4606
-697.8922 -707.9384 -741.243 -762.3912 -770.8265 -783.2001 -793.6934 -802.8195 -833.4372 -836.3853 -841.3819 -862.3737 -897.9706 -921.3788 -943.8097 -937.3797 -944.0989 -947.6008 -939.2798 -896.384 -869.6104 -866.5857 -856.7023 -877.2247 -978.7583 -1084.636 -1089.786 -1086.344 -1051.654 -999.2828 -966.7675 -958.6557 -976.567 -1015.605 -1054.95 -1068.849 -1065.094 -1054.494 -1060.493 -1056.711 -1042.468 -1034.834 -1031.005 -1019.261 -1010.712 -991.3471 -927.8701 -881.932 -864.2047 -857.4144 -877.7407 -923.6568 -945.6553 -959.9883 -904.9428 -864.7671 -845.4728 -856.0016 -850.6699 -864.1248 -911.9667 -954.9496
-715.6524 -717.815 -746.479 -776.3306 -791.4189 -796.6579 -806.7059 -816.4592 -847.2764 -864.0012 -877.2943 -895.4715 -929.575 -949.0706 -965.0031 -954.7662 -959.2176 -959.011 -952.9686 -904.6191 -878.6539 -878.3353 -866.3109 -888.4711 -992.971 -1113.396 -1145.066 -1156.565 -1140.973 -1119.665 -1095.544 -1061.54 -1072.907 -1085.708 -1108.45 -1117.24 -1102.902 -1090.282 -1071.95 -1059.931 -1050.189 -1039.504 -1033.365 -1022.031 -1017.905 -999.3915 -928.0842 -856.2118 -838.4531 -842.3717 -859.4717 -922.1649 -951.5519 -951.41 -957.6161 -957.635 -862.1078 -885.7197 -905.3129 -901.7758 -964.6328 -966.8076
-735.861 -734.3547 -750.0046 -776.9079 -800.0704 -805.0987 -817.6416 -834.0708 -853.4656 -878.0552 -901.6868 -918.6289 -938.5063 -960.2474 -970.8052 -966.2969 -971.8666 -974.0482 -978.1879 -912.3192 -879.1863 -884.8265 -875.4355 -902.9078 -1013.46 -1133.38 -1172.486 -1182.502 -1178.594 -1179.338 -1174.339 -1127.365 -1134.293 -1116.858 -1115.795 -1120.581 -1105.802 -1099.351 -1074.726 -1061.662 -1050.809 -1044.022 -1035.069 -1023.664 -1019.117 -976.7631 -884.1453 -852.2906 -825.4964 -849.4567 -846.5273 -888.6602 -935.7844 -952.4247 -948.2143 -949.9326 -945.5565 -883.1559 -924.5095 -928.9315 -968.0868 -961.5967
-751.2112 -752.2554 -756.8682 -771.1572 -794.1685 -803.7336 -820.1256 -846.6419 -863.467 -887.1281 -911.2933 -929.7925 -942.0015 -970.5505 -981.0347 -978.3668 -981.2816 -993.1761 -1009.103 -927.7913 -898.1425 -897.1825 -903.0317 -925.744 -1033.036 -1143.614 -1183.161 -1196.063 -1203.269 -1196.176 -1193.369 -1180.965 -1167.194 -1156.742 -1143.913 -1123.398 -1107.52 -1093.482 -1085.773 -1068.933 -1054.413 -1045.781 -1035.64 -1032.559 -1030.893 -1010.606 -955.7474 -914.0856 -915.932 -853.7775 -852.4791 -867.4096 -922.3234 -950.2918 -946.8307 -948.8141 -946.9865 -938.7471 -959.1688 -969.3204 -971.5231 -968.8253
-764.0198 -768.7762 -769.5803 -777.5064 -792.7106 -801.7054 -820.1806 -849.3318 -871.8025 -891.559 -906.4948 -921.0277 -947.2981 -979.8304 -989.7504 -988.7833 -977.202 -1002.151 -1017.662 -984.5563 -978.757 -950.5222 -954.8781 -978.3115 -1050.008 -1166.053 -1201.164 -1206.503 -1213.31 -1213.263 -1204.891 -1191.488 -1175.59 -1158.01 -1149.912 -1133.631 -1117.241 -1094.046 -1087.544 -1077.161 -1053.644 -1038.169 -1048.967 -1032.354 -1028.598 -1006.302 -1002.777 -987.5373 -986.0338 -968.2107 -856.6393 -858.264 -921.6241 -953.3354 -942.0505 -948.2029 -946.9785 -949.7524 -962.7482 -970.4388 -959.2419 -956.5785
-781.2576 -787.386 -788.8782 -795.2831 -803.6886 -809.2451 -829.3936 -852.0097 -873.4117 -887.0131 -900.1616 -918.0389 -947.2913 -990.6279 -999.5201 -959.8365 -880.0457 -918.336 -1019.167 -1109.977 -1117.424 -1114.58 -1138.505 -1156.77 -1169.327 -1214.412 -1211.572 -1212.339 -1213.161 -1213.7 -1206.287 -1192.228 -1177.625 -1166.09 -1157.422 -1141.342 -1086.235 -1100.256 -1090.16 -1085.771 -1058.209 -1008.241 -1025.462 -1039.694 -1030.424 -1011.375 -1009.186 -1006.212 -1005.479 -973.8285 -935.3032 -903.4902 -942.3883 -951.8501 -944.1912 -947.6295 -947.0794 -950.1806 -958.3813 -969.5024 -954.4487 -951.2242
-790.071 -795.6846 -795.3118 -800.5424 -809.4236 -817.2699 -831.2872 -855.0597 -875.6177 -889.1391 -905.5186 -904.4798 -955.2483 -1006.997 -1007.635 -972.1728 -884.5189 -888.2063 -1026.382 -1134.407 -1135.78 -1143.164 -1157.859 -1169.604 -1182.387 -1192.871 -1217.369 -1216.116 -1219.197 -1218 -1213.526 -1198.772 -1184.97 -1172.359 -1157.707 -1142.743 -1111.941 -1109.863 -1091.447 -1058.611 -965.7864 -926.636 -966.7946 -1019.003 -1027.514 -999.3231 -995.7841 -934.0969 -916.9497 -946.9931 -952.4525 -954.838 -961.4194 -950.4618 -946.5621 -947.7174 -951.5287 -953.314 -954.7929 -963.3537 -953.2507 -950.4705
-798.5751 -803.6905 -803.4854 -805.7347 -814.4267 -820.3727 -833.2898 -849.4744 -867.4707 -895.683 -924.2413 -945.9067 -988.2446 -1008.869 -1022.679 -1028.084 -985.9644 -1020.724 -1101.731 -1133.723 -1135.58 -1144.806 -1156.027 -1163.668 -1176.185 -1183.696 -1220.068 -1222.009 -1210.865 -1190.145 -1183.608 -1184.822 -1185.284 -1172.204 -1155.491 -1141.372 -1127.346 -1117.661 -1073.237 -988.9564 -871.6333 -850.0195 -885.8983 -955.042 -995.8057 -945.0519 -945.3968 -871.101 -855.4729 -934.8605 -940.9111 -973.7969 -965.5021 -954.1093 -947.9266 -948.269 -953.3976 -956.5515 -955.0202 -954.3719 -950.5751 -945.8707
-798.8713 -809.6092 -808.9899 -812.1002 -818.8715 -827.9354 -842.8367 -857.8344 -872.7482 -893.1102 -924.6765 -948.6436 -986.9673 -1003.389 -1036.088 -1056.029 -1065.097 -1090.488 -1121.764 -1127.278 -1133.932 -1140.481 -1153.011 -1160.215 -1173.763 -1173.183 -1179.582 -1146.643 -1083.119 -1009.642 -1009.654 -1039.552 -1112.01 -1154.632 -1156.872 -1142.643 -1129.402 -1087.099 -967.8909 -856.4898 -774.1817 -755.6332 -810.2255 -875.7148 -924.4093 -888.2911 -886.5892 -855.7984 -872.6559 -938.8277 -947.4694 -970.6752 -963.5117 -959.48 -952.4625 -948.5113 -950.3179 -957.2045 -957.9359 -951.9133 -946.9858 -940.1269
-799.8733 -818.465 -817.509 -820.5057 -826.9041 -836.7166 -852.1611 -867.1088 -881.6166 -893.8071 -914.9376 -932.5622 -964.7035 -959.0385 -996.0967 -1056.355 -1101.379 -1107.715 -1121.022 -1129.522 -1135.7 -1143.02 -1153.125 -1158.509 -1165.107 -1078.201 -1049.541 -1010.4 -900.1583 -822.6698 -819.5597 -858.8433 -985.9935 -1089.204 -1145.457 -1145.98 -1133.592 -1036.846 -856.7554 -743.5428 -692.2626 -674.2316 -741.6331 -829.2457 -856.2296 -872.6357 -857.7369 -832.1837 -865.2424 -919.6085 -950.621 -972.8823 -967.8303 -960.8936 -959.4831 -948.4594 -950.6013 -957.2476 -957.023 -951.8776 -942.6915 -939.9744
-806.7795 -823.1088 -827.2651 -828.7833 -834.5789 -845.7766 -860.4038 -870.7794 -885.8421 -897.8577 -921.1038 -934.5456 -963.6409 -938.7726 -945.1132 -1049.684 -1113.31 -1114.338 -1126.588 -1135.033 -1141.678 -1150.217 -1155.318 -1158.489 -1162.853 -967.0725 -921.7705 -887.9355 -776.8649 -765.8937 -755.5769 -763.9708 -894.6171 -999.5067 -1122.136 -1147.098 -1135.427 -1042.45 -887.4493 -762.9207 -691.9899 -682.7809 -664.545 -832.3625 -847.8857 -873.3564 -833.8802 -773.3064 -757.0112 -829.606 -944.9109 -971.79 -970.2039 -962.4233 -959.1981 -948.8926 -950.0525 -954.4844 -950.2568 -949.7696 -941.83 -939.4087
-810.847 -824.8552 -832.1957 -834.0662 -840.7887 -852.7206 -866.5483 -877.0696 -891.51 -905.9493 -932.2792 -947.2937 -976.135 -951.6323 -928.5463 -1025.355 -1110.897 -1125.297 -1134.605 -1137.317 -1148.505 -1155.213 -1158.939 -1162.74 -1178.982 -988.8394 -918.054 -817.3271 -727.7849 -745.0606 -752.7929 -715.1058 -881.2056 -979.1052 -1123.738 -1145.261 -1134.271 -1115.127 -976.9325 -822.2586 -700.6257 -662.8318 -657.2288 -825.1869 -838.3834 -854.959 -783.2874 -725.2896 -668.9851 -774.485 -948.5973 -969.618 -963.6194 -958.5843 -956.9572 -955.3728 -948.0659 -949.0618 -949.222 -943.8962 -940.1164 -939.3664
-789.5902 -810.9492 -825.0931 -832.1489 -843.5283 -861.1354 -875.8989 -891.0205 -906.001 -920.1429 -935.4033 -951.2362 -972.9276 -958.4724 -932.6357 -978.2842 -1089.645 -1125.876 -1138.149 -1140.458 -1152.301 -1160.476 -1165.858 -1171.127 -1178.569 -1097.097 -955.6363 -795.4535 -695.9106 -692.4512 -713.6135 -726.7403 -883.489 -995.5924 -1122.557 -1141.187 -1132.507 -1111.099 -1010 -880.226 -832.9576 -824.2489 -823.6603 -830.2018 -828.4309 -832.4128 -788.9659 -690.9817 -726.3749 -855.1448 -952.2578 -970.0834 -961.1627 -956.4228 -955.5818 -948.653 -947.603 -948.0288 -944.2873 -939.8945 -945.9328 -939.6481
-743.5645 -782.0573 -813.2297 -828.5941 -843.4988 -876.1216 -890.2261 -899.9179 -915.0974 -926.3336 -942.2825 -952.7397 -963.0753 -964.0283 -919.6464 -956.7244 -1044.523 -1061.594 -1109.461 -1125.721 -1143.933 -1161.454 -1169.418 -1175.9 -1177.289 -1137.305 -1000.929 -821.4956 -701.4231 -681.0419 -695.989 -867.6124 -943.4796 -1077.617 -1134.732 -1135.391 -1124.782 -1107.566 -1041.361 -927.6797 -878.7168 -839.4758 -832.5489 -832.3647 -831.669 -832.313 -823.4761 -796.6503 -801.081 -952.4117 -964.8468 -963.3926 -956.9514 -955.0083 -948.9829 -946.9725 -941.8807 -941.6167 -944.2 -945.6043 -948.0191 -945.2212
-708.5643 -764.0004 -812.2816 -837.9175 -844.9958 -884.4461 -889.7059 -879.1546 -879.6481 -878.0239 -914.9908 -934.8665 -934.7788 -930.5908 -895.2975 -870.9673 -909.9501 -915.0383 -885.8512 -910.0323 -927.2542 -1044.301 -1160.996 -1176.026 -1177.754 -1160.45 -1027.101 -889.2272 -801.3276 -778.7332 -833.1526 -921.5886 -1070.102 -1126.406 -1132.953 -1133.22 -1121.627 -1106.387 -1063.086 -982.184 -904.4003 -783.3011 -719.313 -720.6953 -708.5885 -734.9839 -797.8491 -843.398 -889.7888 -976.1086 -964.0903 -959.6835 -954.7747 -950.2264 -946.3407 -941.9859 -939.6738 -939.2357 -944.2666 -948.1296 -949.2956 -952.5109
-701.0865 -746.2797 -794.3647 -832.2715 -833.6066 -836.5183 -855.1735 -820.8706 -826.3497 -830.2162 -836.3759 -859.2816 -867.7681 -871.777 -854.1219 -837.8669 -831.7578 -679.5238 -652.9869 -659.783 -731.3893 -948.2736 -1135.99 -1177.404 -1180.705 -1174.805 -1108.28 -960.0745 -865.1273 -886.1876 -958.3957 -1026.788 -1124.088 -1131.897 -1130.099 -1126.061 -1113.64 -1105.418 -1081.94 -1023.368 -895.6852 -727.4871 -695.519 -721.2751 -709.6198 -715.4948 -711.2301 -807.4587 -931.4193 -965.7125 -956.6186 -955.468 -951.0419 -946.5491 -942.3392 -939.225 -939.6253 -941.1446 -945.8459 -947.9296 -953.6595 -885.9418
-689.7673 -747.8578 -792.4276 -822.1094 -830.895 -826.6098 -830.3331 -827.5081 -831.7286 -833.5709 -832.9338 -849.4042 -844.8184 -852.7009 -850.3112 -840.1964 -827.2752 -640.9622 -642.1016 -627.4047 -697.9266 -907.4531 -1110.634 -1177.466 -1179.303 -1171.944 -1154.09 -1094.906 -1044.27 -1051.256 -1071.313 -1102.914 -1130.748 -1127.753 -1125.252 -1116.58 -1108.626 -1099.42 -1088.728 -1029.466 -884.067 -705.6171 -719.2743 -748.5876 -735.0291 -729.0156 -667.1957 -776.6671 -942.413 -957.3578 -951.3588 -949.5157 -947.3665 -943.401 -938.7095 -938.7749 -937.2944 -943.0751 -947.4169 -947.26 -940.7133 -776.3967
-732.3956 -718.5527 -791.711 -824.2267 -846.7957 -836.9486 -828.4469 -836.718 -839.3992 -825.8586 -830.2227 -827.0082 -838.2422 -853.4248 -853.8998 -848.0543 -848.639 -775.6856 -724.0975 -767.1086 -809.2921 -949.8929 -1119.488 -1172.522 -1173.121 -1163.582 -1161.568 -1155.904 -1142.268 -1132.774 -1124.251 -1127.559 -1125.849 -1123.335 -1119.896 -1110.375 -1101.919 -1088.41 -1077.843 -1016.747 -894.5381 -716.3922 -734.65 -746.2858 -724.4649 -729.1822 -690.4811 -736.7484 -928.6945 -957.3752 -948.5532 -945.4697 -946.5543 -940.4032 -936.1345 -937.9838 -933.7025 -942.0019 -944.9033 -945.5334 -918.7929 -741.4993
-776.7493 -738.3168 -819.269 -829.7711 -840.5607 -837.2216 -853.1072 -849.53 -822.8189 -821.064 -835.5397 -830.7753 -835.8649 -828.2957 -860.7782 -859.7913 -835.439 -846.3457 -783.0923 -867.7814 -917.9836 -1039.951 -1143.135 -1164.706 -1164.909 -1157.741 -1153.832 -1148.964 -1142.589 -1131.897 -1128.126 -1125.984 -1122.446 -1119.564 -1107.525 -1079.288 -1072.419 -1065.254 -1051.343 -999.7606 -917.5371 -766.7939 -737.9865 -732.7482 -712.3605 -723.2734 -712.79 -679.0311 -907.3188 -956.6091 -944.7501 -944.5141 -945.8331 -938.9916 -930.0519 -936.7038 -933.6173 -939.1451 -939.9087 -944.4783 -931.1985 -792.9012
-793.0694 -752.7045 -839.3223 -841.9408 -840.9623 -862.2753 -865.9925 -859.4908 -827.9897 -860.0895 -857.1764 -844.3218 -843.0471 -817.5894 -862.9486 -871.2745 -814.1235 -814.4226 -828.9742 -883.5547 -951.3394 -1080.492 -1141.166 -1149.514 -1153.041 -1150.27 -1145.882 -1142.408 -1135.736 -1127.589 -1125.05 -1121.342 -1110.177 -1091.819 -1064.879 -994.9637 -992.8193 -1003.467 -1011.779 -975.8214 -925.6293 -851.1207 -741.5424 -712.9919 -687.5074 -709.723 -704.5249 -751.3627 -957.5312 -951.0749 -942.7621 -939.0497 -939.4153 -932.0273 -929.5527 -930.0877 -933.6646 -938.542 -944.4603 -946.8639 -851.631 -733.6109
-812.0354 -779.4418 -848.8307 -852.9816 -849.3063 -872.2196 -865.6909 -868.2189 -851.7938 -907.631 -878.0402 -851.5552 -848.7877 -834.0514 -862.9486 -878.5506 -830.3272 -800.69 -876.3471 -884.5405 -943.514 -1036.688 -1100.579 -1116.428 -1125.609 -1137.243 -1137.235 -1135.611 -1127.577 -1124.363 -1121.932 -1113.825 -1080.486 -1012.015 -982.0799 -900.7375 -871.6493 -887.5713 -961.0014 -962.882 -916.3783 -856.6023 -793.4998 -777.0397 -711.6871 -742.3541 -719.5948 -753.3947 -964.8548 -949.9128 -941.8083 -935.1295 -931.691 -930.7904 -928.4528 -929.9486 -936.9912 -936.6407 -952.9172 -826.9698 -670.1449 -686.3553
-821.6887 -819.1112 -856.2562 -862.2305 -866.2111 -855.3535 -865.2869 -870.2806 -863.7712 -914.012 -882.3902 -853.9929 -842.3262 -843.8259 -864.9437 -882.7898 -869.9094 -859.6999 -877.5209 -888.3581 -952.3685 -1003.141 -1042.328 -1065.962 -1072.203 -1122.124 -1128.003 -1122.423 -1117.145 -1115.803 -1114.106 -1110.4 -1077.819 -1026.438 -947.6489 -883.1446 -879.416 -886.9752 -913.4299 -944.2126 -915.9216 -854.8531 -826.7615 -781.9996 -737.9941 -686.9745 -674.3957 -777.725 -972.3096 -950.7782 -949.7729 -940.351 -930.8424 -929.5503 -927.2212 -933.9933 -935.7068 -936.8715 -930.9869 -696.3167 -698.398 -713.0092
-817.3275 -842.5405 -860.9228 -872.4358 -890.7226 -860.1245 -863.4712 -858.9298 -871.6367 -909.4169 -890.8074 -848.2919 -847.568 -843.3295 -857.6604 -883.4821 -882.9706 -882.4482 -876.2979 -895.1754 -968.6995 -1005.852 -966.6733 -1019.826 -1032.097 -1062.792 -1117.485 -1117.692 -1110.718 -1106.971 -1106.271 -1104.887 -1077.984 -1048.65 -1003.145 -916.0682 -876.9218 -875.2237 -901.5612 -916.7958 -903.9999 -887.8286 -844.5198 -808.5349 -749.5884 -728.0567 -721.7718 -829.4025 -960.2054 -954.5092 -943.7466 -940.6902 -938.4722 -929.301 -931.1085 -933.9023 -941.051 -945.3962 -942.1964 -758.7617 -710.7587 -724.6334
-840.1676 -842.9359 -858.587 -874.4146 -890.0626 -879.8655 -858.5249 -859.0895 -897.2975 -965.9388 -946.1308 -855.3767 -856.5442 -863.0765 -875.8007 -879.6028 -881.0652 -881.2866 -876.2516 -889.7784 -928.0076 -939.3948 -953.7992 -1013.841 -1007.73 -1033.721 -1085.038 -1116.109 -1108.684 -1106.111 -1097.635 -1095.634 -1088.599 -1070.882 -1055.332 -1019.544 -975.2487 -888.2726 -867.5909 -888.3589 -897.7175 -890.6636 -862.4052 -808.5612 -751.7036 -739.9893 -765.7277 -848.2127 -951.3246 -951.4846 -945.309 -941.9334 -947.7436 -936.6196 -934.6916 -937.8278 -945.8192 -933.4277 -920.8906 -792.252 -718.4208 -705.3654
-840.4722 -849.5836 -868.068 -884.3226 -888.0546 -887.0511 -852.09 -862.3634 -869.1094 -909.8893 -902.2182 -863.4269 -875.8995 -875.6332 -878.6448 -879.4064 -875.1453 -874.2645 -870.771 -882.4507 -874.6937 -882.5729 -908.1332 -980.2089 -993.0064 -958.4983 -985.0977 -1082.415 -1097.768 -1098.37 -1095.25 -1093.91 -1088.26 -1077.591 -1069.78 -1061.787 -1019.681 -907.6219 -856.2034 -880.3896 -900.0767 -894.055 -879.5376 -837.5828 -759.9977 -752.496 -797.7156 -832.3606 -952.8624 -953.7426 -949.5861 -943.4865 -953.8961 -946.071 -937.1433 -936.6456 -933.249 -914.4586 -900.4675 -782.5644 -713.5231 -685.405
