Dropbox/GRP Data/GRP mammal paper/NN_analysis/DATA/2014 input files/ss_c_bio_12.asc
ncols         211
nrows         307
xllcorner     27099.1390263
yllcorner     -314514.2499113
cellsize      821.1860311
NODATA_value  -9999
[rows 261 to 289 of 307, columns 128 to 191 of 211]
31095.88 28060.22 27734.81 27174.5 26695.43 26866.93 26984.25 27289.37 29223.69 31592.34 32724.69 33522.8 35215.21 37242.15 38059.45 37039.37 36910.39 35644.3 35790.34 36350.61 36988.83 37605.68 37238.14 36910.58 36586.62 36088.35 34683.92 33263.57 31953.33 31208.75 29654.72 28951.68 28210.16 27727.61 26938.85 26143.72 25605.93 25335.69 25797.7 26619.12 27584.43 28049.51 28415.23 29092.89 29444.79 29333.03 28363.87 27432.83 25750.34 23929.94 22911.47 22064.07 21598.64 20850.9 19793.99 18892.06 18180.96 17700.92 17241.63 16846.69 16633.79 16407.6 16080.95 15698.71
31431.7 27609.91 27459.35 26819.21 26678.45 26821.6 26985.44 27688.24 30425.59 33704.38 34286.59 34492.27 35381.57 36830.09 37545.83 37197.02 36902.28 35578.42 35953.89 37275.09 38542.98 38735.54 37330.82 36212.53 35434.51 34498.42 33990.42 32412.96 31789.41 31565.25 30371.46 29487.16 28951.38 28391.23 27284.79 26178.05 25529.68 25303.05 25902.31 26893.09 27994.39 28724.48 28886.08 29348.39 29387.2 29020.86 28182.97 27323.56 25759.09 23831.62 22804.11 21759.1 21216.02 20506.31 19757.25 19038.16 18274.26 17828.23 17453.96 17072.72 16754.37 16556.01 16332.67 16016.8
31804.54 27425.07 27243.71 26880.02 26988.54 27712.93 28078.85 29302.59 32084.7 35417.28 35664.11 35591.25 35824.55 36818.76 37461.05 37542.04 37345.25 36587.61 36907.39 38492.84 39605.51 38886.95 36613.47 34757.29 33872.84 33005.57 32765.43 31948.65 31270.81 31314.15 30599.2 29802.24 29231.17 28590.86 27342.88 26140.03 25395.5 25323.64 26042.35 27057.65 28135.29 28894.2 29239.99 29517.56 29351.09 28731.76 28224.21 27396.55 25896.72 24212.25 22723.11 21812.85 21140.99 20402.76 19718.67 19118.65 18436.25 18091.46 17706.6 17240.63 16923.44 16692.39 16439.8 16306.86
31392.57 27706.04 27800.38 27923.13 27902.89 30455.3 30876.13 31600.75 32952.56 34635.61 35114.05 35361.82 35828.73 36934.07 37759.17 38238.63 38280.51 38331.32 38791.65 39794.21 39711.71 38006.61 35398.2 33302.28 32566.55 32069.26 31721.83 31552.02 30982.78 31035.06 30471.35 29842.69 29237.62 28483.4 27256.01 26140.77 25436.77 25555.74 26256.39 27009.76 28088.92 28905.49 29313.94 29577.35 29190.61 28531.09 28118.44 27285.69 25921.38 24451.05 23115.1 22231.36 21278.28 20667.01 20044.22 19329.68 18731.34 18178.86 17827.62 17417.3 17154.13 16790.05 16662.88 16400.87
30506.34 28144.81 27896.07 27903.39 27852.81 29605.03 30159.12 30765.77 31998.49 33885.79 34743.49 35031.47 35796.95 37289.63 38659.14 39638.95 39519.8 39987.27 40609.62 40896.89 39630.7 36799.45 34314.46 32453.78 31720.98 31542.92 31303.86 31220.59 30881.55 31032.79 30548.68 29856.19 29237.33 28394.18 27223.75 26186.63 25814.48 26070.73 26600.99 27266.88 28128.05 28947.75 29274.88 29456.37 29015.76 28577.41 28102.73 27203.7 25974.47 24722.6 23642.38 22536.24 21756.06 20844.32 20262.57 19549.91 18893.48 18346.29 17988.23 17623.76 17321.6 17248.98 16829.01 16678.62
30186.7 28253.49 27984.59 27712.18 27654.04 29256.65 29739.06 30533.1 31200.65 31836.14 32598.53 33527.15 35050.18 36917.32 38314.11 39676.52 40148.92 40312.49 40910.07 41178.57 39590.35 35670.91 33805.26 32113.23 31302.33 31458.77 31302.18 31306.59 30973.36 31282.28 31089.21 30290.8 29475.15 28575.53 27470.31 26522.61 26410.08 26786.48 27282.57 27888.24 28491.11 29113.35 29349.25 29328.03 28953.34 28514.51 27842.81 26894.71 25941.17 24849.87 23854.61 22790.73 21999.72 21155.63 20384.51 19786.59 19218.42 18675.09 18213.08 17833.83 17594.67 17275.2 -9999 -9999
29849.33 28363.38 28004.46 27707.02 27938.78 28927.61 28925.15 28416.08 28690.95 29627.9 31168.62 32326.45 33830.51 35928.82 37421.89 38784.55 40383.35 41119.98 41030 40877.04 39421.89 34979.58 33705.53 32300.81 31435.54 31594.12 31781.23 31622.13 32133.26 31916.14 31802.49 31121.05 30003.25 28979.27 27950.86 27181.01 27026.91 27427.17 28079.48 28533.64 29022.25 29439.58 29620.18 29352.32 28890.27 28271.47 27399.22 26549.7 25849.97 24940.49 23895.77 22944.29 22189.31 21379.64 20584.88 20054.6 19437.93 18895.81 18474.64 -9999 -9999 -9999 -9999 -9999
29260.68 28275.61 27991.37 27676.79 27325.07 27377.66 27075.31 26560.41 26670.31 27617.63 29295.34 30864.3 33172.27 34484.66 36582.33 38125.63 40309.67 41706.81 41066.54 40837.77 40204.95 35295.06 33529.27 32315.24 31594.67 31840.65 32143.81 32594.47 32459.8 32653.49 32085.71 31409.46 30358.6 29205.99 28163.39 27547.55 27495.12 27795.21 28464.03 28921.26 29387.49 29833.05 29922.2 29484.06 28804.13 28082.6 27143.91 26405.24 25834.05 25040.66 23951.86 23058.46 22325.71 21562.47 20720.52 20258.04 -9999 -9999 -9999 -9999 -9999 -9999 -9999 -9999
28469.93 28054.58 27901.57 27608.24 27084.65 26852.41 26145.81 25971.79 25993.1 26366.69 27301.59 29026.43 30987.53 33594.93 35710.47 37284.89 38797.46 40028.79 39684.28 39712.13 39600.04 35871.44 33933.4 32518.68 31790.86 32069.01 32403.91 33312.43 33433.44 32922.07 32317.26 30954.44 29631.72 28804.28 27960.63 27376.16 27512.49 28135.08 28689.8 29185.93 29640.17 30042.43 29940.76 29477.5 28854.46 28157.77 27270.76 26524.92 25959.29 25173.83 24098.24 23221.51 22350.39 21671.94 -9999 -9999 -9999 -9999 -9999 -9999 -9999 -9999 -9999 -9999
27297.47 27216.29 27225.42 27104.01 26846.01 26721.37 26185.56 26103.41 25940.33 25961.05 26196.82 27511.74 29357.3 32059.03 35134.91 37223.09 38099.21 39027.52 39400.08 39614.32 39921.65 37031.89 34871.38 33031.17 32445.97 32230.26 32710.7 33621.06 33171.36 32748.52 31741.87 29606.89 28403.7 27661.38 27334.97 27278.35 27524.33 28152.65 28781.79 29420.8 29669.98 30033.25 29589.75 29183.21 28853.56 28278.57 27570.35 26860.68 26182.31 25418.68 24364.13 -9999 -9999 -9999 -9999 -9999 -9999 -9999 -9999 -9999 -9999 -9999 -9999 -9999
26206.5 26186 26343.5 26434.85 26403.31 26378.52 26377.89 26269.65 26054.74 26058.04 26006.52 26795.7 28704.15 30957.26 35023.84 37062.73 37793.51 38682.16 39406.19 40064.41 40081.31 38628.3 36770.68 34577.95 33263.47 32879.92 33234.35 33623.58 32967.14 32138.12 30631.39 28757.32 27443.79 26771.34 26584.61 26790.07 27246.62 28099.17 28815.01 29459.97 29759.09 29555.5 29309.72 28886.35 28575.34 28227.84 27756.99 27104.43 -9999 -9999 -9999 -9999 -9999 -9999 -9999 -9999 -9999 -9999 -9999 -9999 -9999 -9999 -9999 -9999
26258.51 26315.75 26359.71 26356.6 26365.32 26368.09 26316.57 26253.07 26250.71 26257.11 26145.95 26679.45 28395.03 30387.34 34419.96 36677.6 37507.81 38237.07 38561.67 39414.25 39513.02 39442.04 38465.33 36428.26 34373.44 33774.05 33935.68 33838.49 33022.24 31845.63 29956.77 28194.32 26775.36 26017.2 25867.54 26155.55 26702.01 27527.42 28546.49 29374.63 29649.2 29165.49 28820.36 28341.43 27986.82 -9999 -9999 -9999 -9999 -9999 -9999 -9999 -9999 -9999 -9999 -9999 -9999 -9999 -9999 -9999 -9999 -9999 -9999 -9999
26254.3 26298.7 26284.4 26262.79 26210.88 26273.83 26132.5 26125.12 26218.76 26316.02 26335.76 26595.95 27966.88 29375.29 32183.19 35044.98 35906.06 36139.02 35894.02 36929.36 38138.84 38814.62 38720.78 37302.73 35392.82 34502.38 34533.61 34104.24 33180.68 31666.55 29745.66 27888.75 26516.95 25574 25425.02 25616.05 26103.45 26915.49 27939.61 28860.06 29201.66 29033.22 28425.64 -9999 -9999 -9999 -9999 -9999 -9999 -9999 -9999 -9999 -9999 -9999 -9999 -9999 -9999 -9999 -9999 -9999 -9999 -9999 -9999 -9999
26332.47 26367.47 26290.9 26257.79 26147.44 26116.09 26143.21 26133.05 26154.51 26272.24 26422.54 26457.59 27042.99 28272.48 29217.08 30231.45 31112.66 31390.97 31529.38 33380.86 35639.35 37032.57 37205.3 36622.57 35440 34467.89 34400.33 34078.54 33411.84 31736.33 29771.59 27973.84 26510.8 25394.69 25125.27 25155.58 25573.25 26274.36 27183.7 28039.09 -9999 -9999 -9999 -9999 -9999 -9999 -9999 -9999 -9999 -9999 -9999 -9999 -9999 -9999 -9999 -9999 -9999 -9999 -9999 -9999 -9999 -9999 -9999 -9999
26505.49 26403.04 26357.6 26295.16 26138.04 26114.64 26082.54 26145.05 26177.89 26281.37 26379.43 26338.92 26199.08 26673.55 27530.13 28050.38 28037.92 28155.98 28891.43 29673.46 32067.6 34260.76 34578.4 34893.53 34168.29 33500.35 33425 33675.92 33570.73 32222.5 30037.4 28452.42 26701.91 25407 24924.49 24807.76 25143.79 -9999 -9999 -9999 -9999 -9999 -9999 -9999 -9999 -9999 -9999 -9999 -9999 -9999 -9999 -9999 -9999 -9999 -9999 -9999 -9999 -9999 -9999 -9999 -9999 -9999 -9999 -9999
26639.04 26435.3 26362.19 26306.31 26189.94 26188.77 26129.43 26139.2 26181.32 26245.91 26377.9 26368.2 26312.26 26253.14 26253.52 26398.34 26711.69 27014.66 27390.73 27832.42 29661.75 30538.04 32365.7 33012.37 32822.97 32983.75 33063.78 33064.15 33040.64 32302.46 30436.57 28939.29 27163.13 25596.36 -9999 -9999 -9999 -9999 -9999 -9999 -9999 -9999 -9999 -9999 -9999 -9999 -9999 -9999 -9999 -9999 -9999 -9999 -9999 -9999 -9999 -9999 -9999 -9999 -9999 -9999 -9999 -9999 -9999 -9999
26906.64 26587.88 26429.64 26327.54 26262.97 26277.49 26204.67 26156.21 26196.66 26179.41 26357.04 26459.06 26446.24 26234.61 26066.04 26107.77 26180.8 26256.79 26265.68 26321.73 27249.73 28650.59 30387.83 32291.13 32559.46 32240.79 32280.4 32403.99 31901.07 31270.87 30007.17 28850.32 -9999 -9999 -9999 -9999 -9999 -9999 -9999 -9999 -9999 -9999 -9999 -9999 -9999 -9999 -9999 -9999 -9999 -9999 -9999 -9999 -9999 -9999 -9999 -9999 -9999 -9999 -9999 -9999 -9999 -9999 -9999 -9999
27653.38 27017.52 26695.76 26469.85 26335.87 26297.72 26280.29 26281.98 26316.24 26175.02 26212.21 26245.69 26251.05 26217.31 26132.98 26118.35 26110.93 26043.11 26047.87 26135.62 26347.46 26998.93 29221.58 32061.47 32462.71 32090.15 31546.74 31672.89 31352.79 -9999 -9999 -9999 -9999 -9999 -9999 -9999 -9999 -9999 -9999 -9999 -9999 -9999 -9999 -9999 -9999 -9999 -9999 -9999 -9999 -9999 -9999 -9999 -9999 -9999 -9999 -9999 -9999 -9999 -9999 -9999 -9999 -9999 -9999 -9999
28833.07 27935.68 27409.21 26973.09 26652.54 26419.33 26337 26352.05 26415.27 26244.04 26180.66 26175.16 26153.06 26130.15 26113.19 26139.7 26159.66 26071.33 26131.94 26072.45 25996.97 26370.28 27174.48 29484.83 31986.86 31443.72 -9999 -9999 -9999 -9999 -9999 -9999 -9999 -9999 -9999 -9999 -9999 -9999 -9999 -9999 -9999 -9999 -9999 -9999 -9999 -9999 -9999 -9999 -9999 -9999 -9999 -9999 -9999 -9999 -9999 -9999 -9999 -9999 -9999 -9999 -9999 -9999 -9999 -9999
30264.86 29264.58 28488.19 27742.9 27159.26 26739.56 26405.72 26339.81 26340.8 26280 26234.09 26227.74 26159.18 26079.95 26031.73 26026.53 26032.26 25984.26 26107.27 26062.72 25946.4 26072.02 26003.65 27079.27 -9999 -9999 -9999 -9999 -9999 -9999 -9999 -9999 -9999 -9999 -9999 -9999 -9999 -9999 -9999 -9999 -9999 -9999 -9999 -9999 -9999 -9999 -9999 -9999 -9999 -9999 -9999 -9999 -9999 -9999 -9999 -9999 -9999 -9999 -9999 -9999 -9999 -9999 -9999 -9999
31801.53 30444.85 29327.66 28358.38 27491.96 27054.06 26493.35 26319.65 26154.4 26193.76 26250.2 26178.5 26181.38 26110.42 26004.62 25950.29 25899.08 25880.22 25925.05 25991.46 25932.68 -9999 -9999 -9999 -9999 -9999 -9999 -9999 -9999 -9999 -9999 -9999 -9999 -9999 -9999 -9999 -9999 -9999 -9999 -9999 -9999 -9999 -9999 -9999 -9999 -9999 -9999 -9999 -9999 -9999 -9999 -9999 -9999 -9999 -9999 -9999 -9999 -9999 -9999 -9999 -9999 -9999 -9999 -9999
31913.37 30762.22 29739.15 28834.75 27853.26 27164 26551.26 26239.21 26110.03 26095.99 26315.29 26167.08 26410.96 26290.57 26172.78 26190.57 26096.86 26036.32 -9999 -9999 -9999 -9999 -9999 -9999 -9999 -9999 -9999 -9999 -9999 -9999 -9999 -9999 -9999 -9999 -9999 -9999 -9999 -9999 -9999 -9999 -9999 -9999 -9999 -9999 -9999 -9999 -9999 -9999 -9999 -9999 -9999 -9999 -9999 -9999 -9999 -9999 -9999 -9999 -9999 -9999 -9999 -9999 -9999 -9999
32597.71 31377.05 30422.34 29337.94 28354.93 27635.14 26968.96 26448.89 26215.6 26376.41 26497.87 26482.37 26895.54 26835.17 26740.53 -9999 -9999 -9999 -9999 -9999 -9999 -9999 -9999 -9999 -9999 -9999 -9999 -9999 -9999 -9999 -9999 -9999 -9999 -9999 -9999 -9999 -9999 -9999 -9999 -9999 -9999 -9999 -9999 -9999 -9999 -9999 -9999 -9999 -9999 -9999 -9999 -9999 -9999 -9999 -9999 -9999 -9999 -9999 -9999 -9999 -9999 -9999 -9999 -9999
32946.02 31776.52 30709.15 29698.9 28713.91 27940.61 27233.13 26940.43 26836.2 26689.57 27061.38 27100.46 27505.28 -9999 -9999 -9999 -9999 -9999 -9999 -9999 -9999 -9999 -9999 -9999 -9999 -9999 -9999 -9999 -9999 -9999 -9999 -9999 -9999 -9999 -9999 -9999 -9999 -9999 -9999 -9999 -9999 -9999 -9999 -9999 -9999 -9999 -9999 -9999 -9999 -9999 -9999 -9999 -9999 -9999 -9999 -9999 -9999 -9999 -9999 -9999 -9999 -9999 -9999 -9999
33782.07 32608.85 31516.04 30558.55 29606.21 28497.4 27814.73 27505.91 27573.13 27403.57 -9999 -9999 -9999 -9999 -9999 -9999 -9999 -9999 -9999 -9999 -9999 -9999 -9999 -9999 -9999 -9999 -9999 -9999 -9999 -9999 -9999 -9999 -9999 -9999 -9999 -9999 -9999 -9999 -9999 -9999 -9999 -9999 -9999 -9999 -9999 -9999 -9999 -9999 -9999 -9999 -9999 -9999 -9999 -9999 -9999 -9999 -9999 -9999 -9999 -9999 -9999 -9999 -9999 -9999
33904.6 33148.98 32003.54 30904.95 30142.04 29327.25 28575.44 -9999 -9999 -9999 -9999 -9999 -9999 -9999 -9999 -9999 -9999 -9999 -9999 -9999 -9999 -9999 -9999 -9999 -9999 -9999 -9999 -9999 -9999 -9999 -9999 -9999 -9999 -9999 -9999 -9999 -9999 -9999 -9999 -9999 -9999 -9999 -9999 -9999 -9999 -9999 -9999 -9999 -9999 -9999 -9999 -9999 -9999 -9999 -9999 -9999 -9999 -9999 -9999 -9999 -9999 -9999 -9999 -9999
32695.62 32467.42 32072.4 31235.98 -9999 -9999 -9999 -9999 -9999 -9999 -9999 -9999 -9999 -9999 -9999 -9999 -9999 -9999 -9999 -9999 -9999 -9999 -9999 -9999 -9999 -9999 -9999 -9999 -9999 -9999 -9999 -9999 -9999 -9999 -9999 -9999 -9999 -9999 -9999 -9999 -9999 -9999 -9999 -9999 -9999 -9999 -9999 -9999 -9999 -9999 -9999 -9999 -9999 -9999 -9999 -9999 -9999 -9999 -9999 -9999 -9999 -9999 -9999 -9999
31434.76 31414.23 -9999 -9999 -9999 -9999 -9999 -9999 -9999 -9999 -9999 -9999 -9999 -9999 -9999 -9999 -9999 -9999 -9999 -9999 -9999 -9999 -9999 -9999 -9999 -9999 -9999 -9999 -9999 -9999 -9999 -9999 -9999 -9999 -9999 -9999 -9999 -9999 -9999 -9999 -9999 -9999 -9999 -9999 -9999 -9999 -9999 -9999 -9999 -9999 -9999 -9999 -9999 -9999 -9999 -9999 -9999 -9999 -9999 -9999 -9999 -9999 -9999 -9999
-9999 -9999 -9999 -9999 -9999 -9999 -9999 -9999 -9999 -9999 -9999 -9999 -9999 -9999 -9999 -9999 -9999 -9999 -9999 -9999 -9999 -9999 -9999 -9999 -9999 -9999 -9999 -9999 -9999 -9999 -9999 -9999 -9999 -9999 -9999 -9999 -9999 -9999 -9999 -9999 -9999 -9999 -9999 -9999 -9999 -9999 -9999 -9999 -9999 -9999 -9999 -9999 -9999 -9999 -9999 -9999 -9999 -9999 -9999 -9999 -9999 -9999 -9999 -9999
