Dropbox/GRP Data/GRP mammal paper/NN_analysis/DATA/2014 input files/ss_c_bio_5.asc
ncols         211
nrows         307
xllcorner     27099.1390263
yllcorner     -314514.2499113
cellsize      821.1860311
NODATA_value  -9999
[rows 116 to 144 of 307, columns 128 to 191 of 211]
1727.034 1740.85 1736.355 1729.222 1738.558 1832.432 1914.203 1891.228 1828.139 1990.839 2299.161 2316.521 2170.376 1982.306 1880.544 1854.003 1825.668 1730.401 1688.295 1591.346 1634.522 1590.445 1535.741 1508.143 1416.213 1486.575 1612.554 1732.549 1866.77 2065.258 2127.569 2204.069 2269.323 2346.297 2517.691 2711.688 2928.74 3065.979 3131.655 3179.346 3217.02 3267.886 3306.09 3353.277 3413.18 3446.724 3471.372 3515.346 3590.076 3683.5 3703.229 3714.234 3720.863 3724.397 3730.572 3725.758 3718.191 3711.606 3711.308 3709.672 3663.991 3543.856 3468.617 3228.37
1633.617 1638.738 1632.525 1615.24 1617.231 1674.745 1794.541 1942.621 1990.65 1998.593 2104.405 2339.931 2264.991 2015.799 1858.374 1843.634 1813.557 1721.038 1681.714 1684.44 1645.385 1659.649 1651.264 1515.517 1346.594 1455.792 1591.489 1653.379 1782.876 1886.544 1856.382 2042.327 2029.954 2143.692 2288.793 2466.733 2767.862 2998.401 3077.933 3126.29 3176.729 3242.098 3299.513 3348.565 3391.334 3423.133 3439.955 3473.998 3538.53 3664.962 3702.958 3716.376 3719.789 3720.274 3724.878 3727.839 3725.191 3716.494 3710.029 3710.223 3700.044 3660.752 3609.644 3434.724
1528.629 1519.643 1573.962 1610.898 1649.309 1702.359 1765.473 1879.054 1875.171 1874.629 1935.665 2195.547 2321.896 2111.099 1911.971 1895.072 1886.065 1833.379 1845 1849.922 1775 1743.848 1707.066 1642.55 1475.31 1490.505 1595.839 1708.823 1755.786 1630.445 1782.512 1817.177 1749.619 1919.266 2053.393 2314.634 2680.569 2919.15 3008.317 3074.728 3144.56 3217.775 3278.69 3327.77 3366.427 3400.598 3428.557 3456.409 3498.403 3620.954 3698.106 3713.114 3718.807 3719.346 3719.271 3721.945 3726.666 3723.551 3713.793 3709.017 3708.406 3703.146 3684.26 3583.708
1417.229 1428.309 1483.054 1534.323 1611.805 1709.229 1764.371 1748.769 1759.848 1793.205 1861.587 2073.712 2331.787 2172.497 1954.977 1915.342 1900.377 1896.884 1912.068 1877.146 1723.878 1635.789 1640.339 1670.042 1521.978 1458.885 1580.424 1518.034 1518.728 1676.721 1736.958 1554.979 1542.083 1740.042 2024.715 2324.921 2609.441 2817.999 2949.018 3035.54 3123.475 3196.176 3253.253 3301.868 3350.82 3394.675 3432.219 3459.75 3487.313 3574.129 3675.981 3698.134 3714.637 3718.563 3718.756 3718.329 3719.178 3726.34 3721.604 3715.855 3708.331 3708.463 3706.542 3667.791
1379.393 1381.451 1441.111 1495.398 1596.058 1697.305 1692.91 1621.827 1681.392 1751.418 1812.452 1991.71 2330.035 2231.926 2009.122 1952.184 1931.62 1928.622 1915.818 1864.343 1767.252 1685.151 1629.523 1596.369 1546.955 1520.824 1474.19 1403.975 1425.385 1593.321 1570.315 1633.554 1825.16 2056.075 2284.185 2450.996 2530.726 2679.536 2852.866 2988.692 3102.02 3164.081 3209.81 3267.452 3327.565 3380.937 3426.809 3468.58 3514.61 3561.305 3631.146 3679.954 3703.359 3716.872 3718.208 3717.748 3713.203 3724.829 3729.181 3728.55 3713.483 3711.571 3714.387 3707.691
1437.652 1349.173 1488.849 1580.918 1662.904 1689.199 1575.922 1527.743 1573.322 1691.409 1774.096 1942.213 2330.305 2258.325 2006.106 1943.516 1926.065 1910.213 1839.184 1744.137 1715.587 1717.746 1693.285 1633.497 1563.169 1550.125 1514.947 1462.532 1386.617 1433.375 1515.849 1568.253 1778.501 1976.106 2160.612 2259.896 2246.762 2435.292 2624.4 2831.086 3005.983 3088.785 3165.761 3233.422 3302.877 3362.05 3402.878 3434.799 3495.182 3550.232 3603.577 3664.509 3695.995 3713.389 3718.938 3719.233 3725.603 3727.998 3734.626 3734.458 3726.38 3720.477 3727.035 3721.202
1402.951 1320.477 1452.83 1561.784 1616.162 1585.83 1481.838 1453.749 1472.203 1588.693 1730.131 1920.982 2332.497 2250.729 1961.958 1908.303 1902.097 1865.062 1748.037 1658.418 1656.446 1670.294 1652.21 1638.386 1582.001 1580.829 1613.895 1564.657 1489.412 1384.732 1530.935 1619.548 1763.475 1820.53 1905.142 1976.469 2046.155 2258.349 2521.87 2753.683 2878.708 2993.145 3117.535 3203.794 3270.237 3320.524 3363.603 3405.561 3458.768 3505.418 3562.566 3651.697 3704.476 3721.698 3727.267 3732.651 3735.41 3735.331 3735.137 3734.367 3733.321 3727.754 3731.622 3723.136
1518.708 1423.761 1340.907 1389.153 1462.228 1451.373 1408.12 1405.582 1516.295 1491.351 1618.103 1898.693 2324.671 2262.915 1981.987 1930.648 1921.606 1858.167 1754.466 1716.737 1706.137 1644.475 1588.913 1604.673 1564.884 1577.279 1641.496 1652.849 1596.578 1391.563 1453.426 1561.736 1623.371 1644.242 1725.528 1841.468 1986.521 2188.644 2362.389 2613.208 2750.195 2782.832 2948.833 3106.906 3211.866 3271.204 3316.073 3367.609 3428.513 3483.469 3540.716 3636.475 3704.596 3725.155 3735.667 3735.781 3735.141 3734.844 3734.366 3734.874 3733.896 3734.012 3734.135 3733.357
1621.628 1589.107 1511.862 1388.318 1302.225 1381.51 1496.851 1561.601 1619.875 1544.697 1551.865 1851.819 2263.551 2292.131 2046.929 1973.251 1926.591 1884.664 1856.49 1806.44 1773.577 1711.053 1673.445 1626.032 1524.047 1544.786 1618.836 1711.533 1606.281 1393.783 1335.444 1428.249 1481.714 1570.572 1637.846 1724.712 1857.272 2009.716 2136.1 2392.739 2479.167 2463.346 2692.714 2917.602 3109.136 3213.277 3273.395 3329.772 3392.757 3456.718 3533.458 3614.072 3677.209 3725.203 3736.726 3740.497 3743.316 3742.92 3742.454 3742.324 3742.227 3743.375 3745.97 3732.756
1739.822 1680.953 1638.06 1546.073 1422.452 1487.62 1595.641 1649.508 1689.288 1704.302 1636.041 1818.528 2172.726 2324.112 2020.374 1920.585 1832.809 1775.689 1829.033 1838.022 1817.448 1803.014 1712.202 1586.921 1534.268 1603.37 1669.911 1736.01 1597.276 1448.213 1343.81 1451.186 1533.106 1590.787 1551.708 1573.168 1675.32 1787.574 1944.23 2136.587 2137.049 2254.389 2568.524 2799.616 2970.528 3124.11 3225.775 3295.1 3365.355 3438.822 3525.224 3593.969 3651.516 3709.315 3735.601 3744.068 3744.834 3744.275 3744.024 3743.271 3742.994 3743.571 3750.586 3742.044
1899.459 1794.933 1723.881 1681.907 1617.793 1640.606 1698.462 1714.931 1723.905 1750.742 1788.87 1891.728 2309.941 2316.261 2013.154 1887.083 1732.174 1689.546 1840.697 1890.678 1852.576 1858.861 1802.763 1670.587 1570.757 1622.492 1775.767 1775.752 1666.195 1577.484 1464.331 1590.694 1630.683 1549.181 1481.006 1538.197 1629.335 1701.212 1819.675 1884.192 1912.892 2224.047 2559.938 2770.625 2865.86 3007.008 3141.866 3239.146 3332.577 3438.612 3524.288 3590.009 3648.764 3698.037 3729.113 3745.586 3750.81 3750.583 3750.477 3749.87 3749.802 3749.43 3749.869 3741.677
1940.024 1954.633 1876.236 1787.853 1749.558 1750.552 1765.843 1771.395 1767.411 1786.439 1841.698 1964.481 2385.999 2249.183 1974.979 1863.258 1816.413 1841.962 1914.966 1951.074 1955.607 1930.3 1869.682 1789.897 1753.892 1782.182 1842.426 1772.739 1643.796 1597.354 1499.726 1643.851 1680.528 1674.506 1663.59 1652.73 1650.741 1655.729 1689.964 1692.198 1870.75 2198.092 2442.584 2626.016 2718.001 2813.833 2988.682 3145.844 3285.59 3429.362 3534.937 3600.477 3658.439 3698.465 3724.035 3742.946 3753.307 3754.811 3754.555 3753.841 3753.404 3752.002 3744.686 3737.308
1869.597 1953.41 1992.692 1946.839 1846.913 1808.661 1808.54 1814.145 1807.98 1831.743 1901.296 2035.369 2416.813 2183.894 1948.997 1916.345 1964.71 1999.359 2016.747 2021.453 1996.545 1979.123 1941.524 1906.414 1870.626 1865.421 1850.188 1787.787 1704.83 1549.448 1497.138 1555.926 1638.849 1703.009 1719.898 1761.291 1768.72 1746.789 1722.793 1719.246 1855.529 2087.642 2202.66 2260.261 2316.021 2478.827 2759.392 3009.417 3207.173 3375.976 3533.851 3607.864 3663.881 3707.497 3728.477 3743.323 3752.631 3755.006 3754.658 3754.232 3753.79 3752.18 3740.469 3731.75
1818.343 1864.252 1978.214 2039.431 1988.846 1888.566 1843.685 1857.378 1866.351 1907.44 1982.637 2106.927 2431.276 2213.273 2022.176 2020.902 2038.443 1997.582 1954.154 1963.735 1947.964 1940.424 1903.09 1859.685 1856.325 1845.46 1814.051 1748.059 1597.902 1495.282 1537.105 1633.698 1692.541 1714.472 1720.463 1731.335 1779.432 1826.178 1779.912 1775.852 1804.548 1823.879 1907.729 1968.475 2046.989 2273.255 2520.188 2821.664 3062.926 3288.013 3484.765 3595.113 3664.796 3720.54 3740.871 3751.116 3754.249 3752.936 3752.163 3751.823 3754.113 3752.719 3740.511 3730.908
1819.302 1866.016 1889.67 1964.553 2105.347 2040.249 1907.078 1904.447 1935.936 1999.602 2072.891 2179.421 2447.656 2250.066 2055.679 2045.287 2005.372 1894.495 1778.118 1844.886 1879.521 1879.455 1876.336 1834.763 1825.186 1815.055 1796.787 1761.089 1638.958 1561.555 1463.62 1584.67 1679.392 1724.586 1761.547 1747.535 1778.869 1843.989 1815.786 1827.383 1852.936 1866.405 1905.013 1998.829 2141.358 2405.886 2606.258 2824.448 3085.19 3261.248 3395.375 3568.004 3664.53 3722.949 3748.784 3755.269 3750.575 3746.288 3746.193 3747.19 3753.815 3750.65 3741.163 3732.868
1743.464 1802.764 1855.168 1909.323 2037.918 2184.882 2018.715 1949.469 1986.394 2059.378 2145.303 2250.818 2477.145 2244.16 2008.077 1968.81 1902.997 1784.427 1664.72 1768.91 1823.106 1824.559 1856.394 1825.24 1813.796 1801.434 1796.452 1788.11 1733.236 1661.591 1532.29 1508.029 1611.269 1701.899 1767.282 1802.901 1836.575 1867.227 1846.654 1860.629 1925.618 1951.817 1998.428 2125.384 2290.749 2333.414 2459.894 2611.496 2822.692 3083.186 3320.04 3556.215 3687.108 3737.118 3754.138 3754.854 3750.64 3746.211 3747.07 3753.343 3754.387 3742.613 3739.455 3724.114
1839.11 1905.05 1928.959 1936.687 1978.923 2175.495 2093.435 2004.116 2026.376 2063.735 2155.411 2330.814 2508.487 2262.044 2002.535 1894.201 1807.036 1722.869 1678.043 1747.851 1759.059 1761.196 1797.888 1792.868 1784.345 1808.064 1828.857 1832.755 1823.079 1768.187 1674.107 1557.056 1602.061 1692.038 1779.425 1840.96 1869.2 1886.961 1902.032 1939.614 1962.494 1983.781 2095.109 2265.271 2396.245 2500.019 2490.01 2473.438 2711.722 3061.497 3296.187 3534.091 3664.207 3734.002 3741.688 3755.105 3750.536 3750.832 3754.871 3755.417 3754.666 3743.4 3739.466 3724.2
1720.629 1746.352 1849.856 1935.943 2088.469 2229.401 2103.695 2021.184 2043.729 2080.937 2149.644 2428.314 2513.251 2232.684 1960.804 1849.92 1792.618 1755.808 1714.07 1724.807 1689.905 1705.059 1736.477 1760.733 1732.397 1824.143 1890.878 1905.598 1907.326 1873.371 1809.18 1714.271 1673.641 1707.567 1801.99 1867.189 1890.914 1899.25 1922.47 1959.368 1924.492 1899.555 2020.35 2126.648 2325.201 2583.994 2665.238 2543.711 2646.988 2995.795 3246.217 3503.082 3649.801 3720.859 3737.447 3749.949 3754.26 3754.541 3755.324 3755.108 3754.789 3752.897 3731.939 3724.376
1636.042 1750.008 1863.707 2036.883 2076.027 2153.624 2239.584 2172.48 2097.714 2112.788 2147.26 2470.19 2544.166 2342.073 2120.573 1964.521 1878.257 1809.818 1776.834 1759.557 1701.327 1737.72 1761.195 1713.138 1744.68 1828.006 1930.188 1972.766 1970.905 1950.989 1943.364 1839.342 1742.656 1716.986 1785.975 1883.41 1916.414 1911.678 1917.847 1908.806 1849.579 1810 1856.568 1980.927 2290.971 2610.929 2832.854 2828.083 2796.438 2975.739 3251.482 3506.179 3662.152 3709.696 3731.65 3748.005 3755.271 3755.619 3755.953 3755.879 3755.175 3754.505 3731.545 3719.246
1646.557 1810.367 1976.29 1961.709 1957.88 2031.031 2157.875 2240.206 2280.658 2309.295 2348.38 2519.387 2555.553 2252.058 2133.879 1970.745 1828.744 1774.328 1744.154 1717.529 1693.247 1777.644 1798.971 1807.723 1803.676 1848.775 1964.526 2040.36 2035.342 2012.694 1981.617 1847.216 1756.81 1705.842 1730.49 1853.918 1891.62 1906.442 1916.399 1862.175 1819.323 1826.264 1789.79 1988.665 2343.999 2615.029 2886.056 3014.902 3022.169 3114.58 3335.696 3549.26 3662.779 3700.7 3723.498 3744.318 3755.579 3756.002 3756.277 3756.106 3755.949 3756.3 3732.622 3717.784
1775.66 1906.922 1916.27 1793.779 1838.776 1915.635 2010.445 2114.7 2189.445 2216.467 2239.653 2513.018 2557.112 2179.548 2033.151 1947.892 1795.261 1747.833 1749.409 1767.531 1775.265 1780.43 1816.164 1869.955 1869.337 1924.247 2014.147 2060.281 2051.201 2017.573 1923.42 1857.561 1802.001 1729.402 1761.505 1779.266 1788.754 1845.457 1868.323 1843.984 1864.621 1907.469 1878.833 1960.556 2304.854 2544.382 2810.415 2924.025 3063.84 3250.739 3415.678 3575.707 3647.696 3695.678 3718.658 3739.949 3753.192 3756.163 3756.214 3756.468 3757.553 3755.271 3735.681 3724.919
1851.799 1866.392 1713.241 1674.45 1764.254 1831.656 1887.115 1966.646 2062.705 2135.032 2179.335 2491.292 2573.201 2165.399 1945.278 1853.437 1742.841 1742.729 1795.233 1791.052 1803.743 1846.727 1863.258 1910.849 1932.12 1951.842 2032.507 2072.61 2044.224 1981.881 1961.379 1944.386 1867.484 1815.489 1844.416 1765.559 1712.38 1783.205 1875.115 1907.799 1916.727 1944.031 1939.177 1903.697 2138.691 2468.117 2640.013 2747.656 2910.77 3139.326 3375.688 3546.263 3644.686 3698.179 3720.847 3738.177 3749.686 3756.027 3756.28 3756.961 3759.336 3755.129 3738.754 3731.703
1792.709 1737.202 1600.016 1628.93 1688.951 1711.136 1794.05 1915.165 2059.236 2182.193 2241.43 2511.583 2589.201 2217.798 2004.685 1892.875 1779.009 1791.411 1868.263 1872.435 1824.77 1904.963 1929.942 1932.061 1942.496 2000.969 2059.971 2063.898 1988.385 1989.927 2046.073 1974.758 1905.39 1880.133 1949.77 1925.493 1947.403 1972.12 2000.007 2005.166 2000.592 1993.094 1983.394 1968.538 2147.621 2434.048 2459.386 2619.152 2769.691 2913.375 3220.194 3492.437 3654.587 3705.038 3726.421 3736.358 3749.435 3755.926 3756.309 3756.987 3757.814 3753.834 3740.264 3730.007
1736.454 1742.151 1698.585 1639.091 1660.464 1664.169 1804.039 1981.22 2116.717 2201.863 2255.046 2516.634 2597.15 2247.699 2100.31 1980.412 1856.196 1873.674 1950.228 1987.46 1938.575 1981.336 2005.485 1916.502 1939.421 2038.476 2099.596 2056.056 1986.868 2044.519 2081.126 1993.151 2024.572 2047.409 2067.857 2074.773 2071.127 2065.069 2057.264 2039.363 1999.622 1944.697 1964.082 1965.444 2044.901 2132.508 2317.161 2428.932 2526.064 2759.412 3052.053 3383.813 3642.099 3704.039 3724.545 3730.334 3749.699 3755.027 3755.034 3757.44 3752.47 3746.468 3739.888 3723.469
1803.226 1822.823 1824.572 1763.364 1832.699 1915.478 1970.082 2066.278 2093.411 2093.464 2167.253 2474.043 2601.764 2229.094 2081.347 1960.628 1881.759 1944.459 2015.591 2083.233 2095.731 2099.092 2054.159 1879.278 1949.687 2084.367 2126.282 2034.08 2002.379 2087.085 2114.111 2065.582 2101.358 2136.875 2131.727 2102.728 2050.608 2003.04 2013.831 1991.059 1939.242 1883.411 1867.114 1811.541 1948.414 2102.251 2302.455 2471.702 2546.05 2705.885 2961.515 3273.122 3573.421 3695.159 3717.188 3730.49 3747.459 3747.598 3751.504 3761.667 3753.389 3743.132 3737.895 3722.146
1785.123 1815.227 1868.761 1931.141 1975.571 1947.454 1915.167 1902.089 1942.256 2051.085 2177.55 2495.761 2612.194 2269.855 2021.177 1919.409 1880.408 1999.349 2052.938 2138.827 2205.889 2207.42 2054.763 1873.742 1994.144 2133.031 2130.25 2044.303 2068.899 2127.608 2144.01 2115.348 2117.635 2152.788 2138.103 2060.953 2002.322 1925.39 1938.589 1931.991 1906.847 1887.026 1888.664 1899.272 2126.676 2370.086 2582.63 2749.309 2867.25 3010.046 3124.804 3309.041 3543.669 3659.923 3701.626 3728.657 3743.073 3756.196 3752.165 3757.805 3751.707 3740.124 3734.874 3721.621
1748.719 1746.009 1718.967 1710.207 1690.363 1642.15 1620.066 1734.209 1865.139 1973.992 2110.543 2474.477 2618.679 2338.436 2166.237 2066.116 1965.391 2080.202 2101.192 2175.75 2274.228 2249.334 2049.817 1932.249 2070.087 2165.165 2138.953 2120.377 2192.439 2191.207 2168.379 2123.891 2119.628 2155.984 2140.429 2052.547 2026.663 1953.005 1953.364 1929.262 1884.734 1891.089 1909.345 1929.032 2192.175 2439.467 2611.497 2719.691 2900.612 3044.478 3166.245 3264.666 3503.935 3663.226 3704.766 3721.943 3742.49 3754.733 3755.566 3765.246 3758.778 3747.047 3736.127 3732.525
1622.449 1636.585 1660.795 1691.886 1712.716 1705.105 1821.151 1941.012 2007.015 2048.033 2138.452 2465.006 2616.148 2302.329 2193.977 2097.83 1992.189 2103.077 2238.265 2267.077 2298.758 2286.823 2143.114 2041.361 2110.332 2219.19 2194.022 2210.195 2253.523 2230.535 2183.706 2146.485 2146.716 2177.516 2181.27 2122.668 2117.488 2065.449 2049.458 1977.557 1865.165 1843.057 1874.346 1906.783 2183.45 2394.38 2573.812 2681.181 2767.611 2788.714 2917.592 3110.996 3396.31 3652.683 3713.17 3730.916 3748.187 3760.498 3756.741 3760.225 3757.844 3754.253 3744.763 3735.064
1607.335 1600.485 1670.701 1732.065 1781.39 1808.603 1831.041 1825.125 1884.192 1959.641 2078.906 2421.369 2629.066 2359.823 2286.527 2121.177 2131.642 2126.859 2252.13 2319.288 2300.985 2276.141 2217.828 2206.385 2162.652 2251.979 2260.218 2274.952 2214.552 2168.338 2137.109 2154.701 2199.689 2227.011 2238.857 2219.634 2194.287 2159.287 2123.82 2025.854 1886.643 1814.065 1835.641 1948.394 2233.189 2441.198 2595.706 2646.397 2604.469 2573.611 2695.389 2994.272 3322.454 3628.858 3721.369 3736.873 3750.581 3763.316 3756.718 3757.102 3753.368 3745.45 3734.287 3727.883
