Dropbox/GRP Data/GRP mammal paper/NN_analysis/DATA/2014 input files/ss_c_bio_6.asc
ncols         211
nrows         307
xllcorner     27099.1390263
yllcorner     -314514.2499113
cellsize      821.1860311
NODATA_value  -9999
[rows 84 to 111 of 307, columns 124 to 185 of 211]
-477.0826 -648.4167 -936.4283 -1028.728 -1012.971 -1026.913 -1042.223 -1067.112 -1076.311 -1099.856 -1197.047 -1270.644 -1277.849 -1201.848 -1160.417 -1147.438 -1217.407 -1299.089 -1317.487 -1320.983 -1333.669 -1239.241 -1029.345 -936.3802 -916.1045 -759.1198 -673.3181 -611.7045 -474.9263 -265.231 -164.1122 -109.0807 -102.2561 -177.6965 -246.7482 -274.4929 -273.6445 -265.0659 -271.339 -267.3755 -255.6501 -250.4171 -251.0162 -251.7385 -259.2324 -260.2301 -251.9958 -254.4538 -262.6536 -257.0293 -264.0927 -297.4861 -9999 -9999 -9999 -9999 -9999 -9999 -9999 -9999 -9999 -9999
-406.6481 -618.6053 -881.3457 -977.8771 -943.6815 -972.6852 -1000.782 -1059.34 -1071.468 -1142.174 -1202.729 -1278.459 -1277.593 -1216.321 -1179.614 -1165.348 -1180.179 -1242.381 -1367.108 -1373.198 -1310.902 -1172.27 -982.5682 -908.8951 -908.6177 -737.5922 -571.3557 -506.0805 -365.7772 -211.9167 -158.3436 -114.4263 -94.41898 -149.1307 -237.9792 -270.893 -280.9282 -264.214 -266.3191 -267.6449 -255.7661 -250.2485 -250.7269 -250.4939 -251.3689 -251.7105 -251.5538 -251.7283 -253.3876 -260.0569 -256.4646 -260.5853 -293.362 -9999 -9999 -9999 -9999 -9999 -9999 -9999 -9999 -9999
-397.9063 -643.4515 -957.674 -911.0459 -928.3735 -966.5348 -989.4561 -1076.746 -1114.161 -1208.041 -1246.919 -1283.512 -1255.165 -1221.638 -1203.137 -1198.745 -1138.286 -1191.564 -1316.031 -1304.888 -1213.452 -1166.348 -1035.682 -895.5558 -859.9282 -794.0502 -566.5148 -433.0243 -317.2599 -209.7443 -153.6998 -113.2164 -90.70084 -131.7681 -212.7015 -267.3172 -275.1165 -275.8925 -265.448 -270.2719 -263.3771 -253.6204 -249.9533 -249.9932 -243.1724 -242.609 -242.7265 -242.627 -242.3232 -244.6396 -252.8029 -254.9715 -298.6416 -343.1139 -9999 -9999 -9999 -9999 -9999 -9999 -9999 -9999
-441.4934 -512.8745 -919.5668 -946.1096 -938.3651 -1029.951 -1053.079 -1086.775 -1134.725 -1201.1 -1247.669 -1272.088 -1236.488 -1232.439 -1224.928 -1224.701 -1169.225 -1166.812 -1207.864 -1265.518 -1215.863 -1260.035 -1189.24 -1018.478 -866.0941 -883.6461 -649.8151 -477.9145 -356.7426 -218.2695 -145.5178 -109.5984 -83.14043 -102.1468 -166.0116 -242.948 -270.4576 -275.4273 -274.2874 -271.5462 -266.7683 -255.2239 -253.7171 -250.7807 -241.4916 -240.6882 -240.6438 -239.7073 -234.9959 -242.5996 -250.1436 -271.9695 -333.6785 -334.5927 -9999 -9999 -9999 -9999 -9999 -9999 -9999 -9999
-419.6001 -580.6108 -842.6061 -879.3189 -912.9096 -968.8486 -992.6489 -1074.799 -1116.043 -1122.935 -1182.885 -1197.591 -1218.088 -1244.357 -1238.477 -1220.733 -1247.029 -1244.002 -1303.269 -1331.514 -1285.133 -1294.393 -1266.937 -1162.726 -925.2404 -903.4136 -706.5824 -527.9028 -381.6339 -236.4762 -156.129 -120.4425 -88.65857 -81.78754 -121.4715 -201.7616 -253.1766 -270.128 -275.7635 -276.5111 -272.3116 -260.8281 -253.8581 -249.218 -240.7816 -234.4675 -234.0884 -232.778 -226.6271 -236.5556 -245.6184 -272.2437 -344.1581 -370.8444 -465.6011 -9999 -9999 -9999 -9999 -9999 -9999 -9999
-434.6418 -599.7603 -681.6388 -766.8428 -865.5509 -958.7759 -1018.813 -1015.356 -1073.073 -1067.111 -1107.307 -1128.78 -1135.032 -1147.304 -1192.191 -1249.947 -1284.778 -1326.666 -1400.952 -1324.021 -1195.522 -1138.415 -1144.39 -1100.136 -914.6542 -852.7267 -727.6902 -481.8989 -347.9571 -267.0308 -184.6432 -142.6546 -107.382 -81.06853 -95.11787 -159.0073 -223.1166 -261.3879 -270.5285 -277.5333 -276.5172 -266.8925 -254.7451 -244.3787 -238.9972 -230.2626 -229.7951 -225.1455 -223.4741 -232.2634 -238.7195 -258.5884 -302.7949 -344.0665 -440.358 -661.0035 -9999 -9999 -9999 -9999 -9999 -9999
-689.1855 -625.6054 -619.5737 -617.4512 -613.0839 -625.2762 -667.9436 -705.2823 -974.635 -1126.279 -1140.843 -1178.477 -1162.23 -1134.593 -1143.667 -1187.502 -1212.181 -1145.101 -1225.199 -1261.536 -1175.104 -1108.259 -1011.407 -1001.77 -946.3769 -865.1805 -793.3182 -507.9995 -402.6639 -226.0438 -180.7016 -148.8244 -111.2256 -77.06093 -80.61564 -125.1218 -193.3906 -243.5358 -263.3151 -268.2946 -276.5053 -267.6727 -255.5383 -240.7426 -234.3345 -228.8997 -225.0398 -221.0382 -223.3132 -231.0197 -235.3527 -248.7625 -271.5916 -325.5765 -413.7867 -594.0722 -9999 -9999 -9999 -9999 -9999 -9999
-808.5608 -793.3808 -807.6118 -859.2239 -877.5229 -862.0325 -808.6413 -673.0419 -699.6126 -761.4639 -945.8507 -1147.447 -1182.138 -1163.817 -1135.865 -1135.667 -1196.179 -1189.326 -1142.744 -1199.086 -1087.851 -1050.134 -996.3804 -970.0782 -895.0921 -846.9813 -868.5397 -733.5901 -411.2399 -231.943 -180.7974 -142.5773 -101.7355 -68.73406 -71.32703 -100.2343 -161.036 -220.7667 -247.346 -255.7958 -271.957 -262.8961 -250.7444 -238.2251 -228.753 -225.0545 -216.5075 -216.8919 -219.5365 -228.3896 -233.7942 -242.7196 -257.6891 -314.6144 -395.7598 -535.7673 -776.0274 -9999 -9999 -9999 -9999 -9999
-830.5946 -956.8218 -966.1865 -1024.29 -1018.56 -1021.188 -1015.702 -906.4994 -838.3588 -840.0079 -811.5402 -965.299 -1052.02 -1111.542 -1112.259 -1124.879 -1146.08 -1174.945 -1159.14 -1191.284 -1132.706 -1132.961 -1118.161 -1082.925 -957.6658 -831.8098 -861.1578 -633.0048 -451.1772 -359.4648 -228.7299 -144.2216 -99.60903 -69.11302 -65.24839 -75.71608 -113.8465 -181.2516 -237.7634 -249.2026 -253.5803 -254.3512 -243.099 -230.1862 -224.0685 -216.716 -209.2494 -209.4016 -212.3758 -223.0941 -229.6587 -235.2924 -244.585 -287.3372 -368.253 -478.6457 -714.1437 -644.9651 -9999 -9999 -9999 -9999
-855.1142 -987.8298 -1026.96 -1031.151 -992.7224 -1042.52 -1073.074 -1083.091 -1058.765 -1067.243 -931.4822 -902.5478 -982.9643 -1070.958 -1133.856 -1140.027 -1139.008 -1157.377 -1220.792 -1243.177 -1306.04 -1272.651 -1190.107 -1087.226 -975.6439 -899.8527 -889.4438 -775.0912 -506.3717 -376.7126 -235.9347 -149.0483 -109.4783 -89.53886 -66.53866 -67.11334 -87.17274 -133.6051 -210.1293 -248.8284 -246.8322 -241.0451 -234.7412 -221.8768 -209.7249 -207.2327 -207.1725 -208.4209 -211.7108 -221.2749 -225.1434 -232.5846 -238.1641 -260.6816 -329.7439 -411.4897 -614.7728 -672.8879 -9999 -9999 -9999 -9999
-895.9838 -928.8585 -1050.864 -1063.122 -1038.832 -1092.872 -1079.999 -1119.361 -1118.681 -1160.626 -1135.841 -991.5535 -982.4115 -1098.267 -1180.267 -1157.093 -1201.954 -1166.961 -1194.811 -1208.589 -1329.646 -1342.956 -1245.841 -1087.37 -964.5795 -901.4823 -861.7099 -833.2194 -535.8805 -356.7705 -231.4301 -136.8571 -106.8979 -82.31415 -64.90448 -59.9816 -70.44447 -93.70077 -173.6651 -235.8989 -244.7755 -228.4489 -217.6859 -205.3191 -199.2838 -205.7157 -199.9518 -200.1323 -212.2866 -221.1379 -225.0412 -235.5407 -241.1564 -252.97 -322.8334 -392.4276 -608.5172 -658.3042 -643.1965 -9999 -9999 -9999
-974.0462 -939.5832 -1016.487 -1098.732 -1097.147 -1116.567 -1128.22 -1150.034 -1141.671 -1216.717 -1213.389 -1096.094 -1021.041 -1175.098 -1237.631 -1184.255 -1278.572 -1215.62 -1154.37 -1144.85 -1223.31 -1284.382 -1270.256 -1221.799 -1113.575 -1006.768 -892.671 -828.8671 -627.5681 -351.318 -211.4972 -139.1473 -111.3053 -84.55582 -72.48458 -62.37609 -60.94004 -77.80858 -141.4355 -218.7748 -242.4635 -218.9317 -211.819 -204.6524 -199.7713 -200.2957 -192.1185 -200.0463 -203.2798 -213.8445 -224.2864 -231.8992 -237.1495 -247.3452 -286.3983 -366.1479 -642.4122 -684.9829 -656.5282 -9999 -9999 -9999
-989.2705 -1068.237 -1068.271 -1019.775 -1086.074 -1155.704 -1160.656 -1177.994 -1192.323 -1276.495 -1207.015 -1142.666 -1142.042 -1238.106 -1312.967 -1237.196 -1311.725 -1272.197 -1197.494 -1148.188 -1153.284 -1187.84 -1240.803 -1330.248 -1207.145 -1074.224 -931.905 -809.756 -638.8686 -370.2427 -229.0246 -158.5659 -124.3849 -96.63851 -86.09293 -71.4724 -54.08245 -68.60516 -110.7409 -192.5201 -232.9887 -216.9473 -208.4183 -202.6778 -200.4818 -195.2227 -190.2343 -199.6788 -208.9156 -219.756 -229.3624 -231.5002 -236.3919 -247.103 -271.5358 -332.202 -424.2711 -536.4338 -733.6064 -615.2277 -9999 -9999
-987.6199 -1075.443 -1088.492 -1117.693 -1131.315 -1197.943 -1215.24 -1254.003 -1241.867 -1242.505 -1150.062 -1160.59 -1162.861 -1238.873 -1349.459 -1286.911 -1319.781 -1294.43 -1270.028 -1183.663 -1173.949 -1172.762 -1200.681 -1262.227 -1104.026 -973.9445 -915.0779 -810.3331 -667.1716 -496.274 -297.3984 -190.6638 -137.6452 -109.2817 -98.87143 -82.55122 -56.06315 -64.92874 -91.08632 -164.1118 -219.201 -214.2687 -207.5588 -199.2632 -195.7577 -192.4946 -190.5281 -193.4546 -204.1759 -215.1056 -223.5485 -226.7133 -236.0359 -243.1084 -262.5971 -306.7657 -375.5495 -478.0309 -734.0809 -549.8174 -617.5331 -9999
-1075.019 -1103.685 -1089.299 -1163.842 -1174.835 -1225.843 -1314.613 -1273.405 -1232.782 -1224.275 -1150.889 -1162.8 -1179.073 -1221.663 -1308.037 -1302.821 -1351.225 -1363.947 -1343.438 -1224.953 -1230.31 -1218.705 -1195.064 -1252.622 -1155.3 -964.2584 -921.5778 -849.738 -900.4297 -730.7197 -423.1203 -258.4731 -156.8093 -120.7569 -111.0733 -93.63628 -66.97178 -63.22477 -81.0303 -139.8892 -204.638 -212.7629 -211.2919 -201.6816 -194.3481 -191.9095 -190.9102 -185.9601 -195.439 -206.791 -216.3988 -222.7346 -229.7366 -239.1814 -257.1224 -295.4466 -352.0792 -367.7675 -529.4502 -596.6268 -582.673 -9999
-1078.871 -1116.218 -1134.45 -1140.068 -1190.196 -1210.521 -1291.063 -1355.681 -1316.542 -1267.951 -1207.645 -1179.262 -1217.134 -1198.198 -1267.783 -1345.876 -1422.646 -1399.82 -1392.749 -1307.944 -1268.773 -1284.901 -1266.142 -1330.729 -1216.057 -1105.86 -960.1884 -870.3545 -1012.885 -818.5846 -651.5444 -407.0073 -205.5967 -139.5303 -128.8549 -105.7851 -79.41337 -59.60998 -71.38426 -116.0612 -181.9827 -208.1638 -212.0751 -206.2782 -197.0107 -190.0979 -187.6887 -181.9093 -186.7615 -202.34 -212.3413 -218.2207 -225.7487 -234.4803 -249.6081 -286.5435 -323.1671 -327.5987 -462.5513 -691.6851 -680.8374 -611.6051
-1031.333 -1108.686 -1163.779 -1165.116 -1197.644 -1209.7 -1264.472 -1344.063 -1333.373 -1287.731 -1201.765 -1158.712 -1186.8 -1229.031 -1324.954 -1389.546 -1421.7 -1416.656 -1394.677 -1344.102 -1310.664 -1306.545 -1374.141 -1359.243 -1152.726 -1017.09 -1032.045 -1055.496 -1006.62 -1018.324 -794.6321 -624.756 -285.9534 -179.3038 -152.3176 -119.366 -90.94427 -62.8206 -63.13894 -86.20335 -140.5118 -187.1858 -202.3581 -205.6742 -199.5384 -189.2872 -183.7588 -181.844 -181.4331 -198.2924 -207.5204 -210.804 -221.5904 -227.6141 -237.3461 -265.1898 -293.1172 -344.3532 -428.8229 -664.3962 -655.5059 -589.4102
-946.5326 -1099.335 -1158.949 -1198.514 -1240.884 -1260.774 -1281.646 -1334.24 -1316.594 -1262.997 -1186.115 -1152.44 -1171.723 -1240.279 -1344.133 -1380.303 -1353.972 -1395.481 -1393.985 -1359.888 -1357.665 -1321.943 -1304.965 -1254.714 -1150.434 -1047.407 -968.9719 -936.0443 -1080.839 -824.486 -747.7386 -674.2617 -423.9263 -265.7193 -170.5659 -131.2617 -102.606 -74.95113 -57.9636 -64.98287 -92.23324 -150.1304 -192.4101 -203.6606 -205.1087 -196.7798 -187.7844 -183.6956 -180.586 -188.7737 -198.0101 -203.2926 -212.497 -220.0886 -225.3946 -237.585 -266.8385 -328.1281 -419.7475 -610.787 -568.8788 -535.702
-851.3774 -1065.319 -1137.749 -1211.274 -1252.6 -1258.594 -1266.711 -1317.476 -1319.253 -1289.459 -1255.027 -1284.534 -1242.557 -1271.827 -1295.487 -1313.762 -1316.42 -1391.739 -1386.192 -1366.946 -1341.49 -1326.558 -1259.543 -1152.704 -1149.906 -1089.262 -980.3939 -921.7195 -1010.021 -834.0316 -801.2094 -744.0614 -649.427 -369.7978 -218.3287 -159.3872 -117.5962 -91.42604 -64.3465 -56.91493 -76.63975 -101.4629 -160.943 -196.6788 -203.4291 -200.468 -194.2638 -186.6194 -177.3311 -179.4649 -189.0353 -198.9464 -204.8142 -215.4673 -219.0096 -221.3049 -241.5074 -251.1577 -413.5965 -597.2985 -506.779 -449.2749
-852.6788 -958.3338 -1065.618 -1191.059 -1191.573 -1183.521 -1229.382 -1312.848 -1343.146 -1350.553 -1338.801 -1374.841 -1268.294 -1265.56 -1237.746 -1256.289 -1306.313 -1375.889 -1357.998 -1361.716 -1330.627 -1306.534 -1258.758 -1184.836 -1221.381 -1165.12 -1027.839 -1041.656 -1082.015 -855.4876 -800.3278 -781.58 -718.8447 -425.696 -273.0356 -177.654 -127.7431 -105.5964 -82.80799 -62.90132 -97.90001 -84.20056 -130.7358 -180.5802 -195.4232 -196.1588 -201.7275 -200.6969 -191.0036 -173.7531 -186.2429 -190.2449 -202.6435 -211.3567 -212.6348 -215.2269 -215.6149 -192.9323 -261.2764 -476.1381 -359.3733 -391.8712
-1063.126 -841.9505 -899.9577 -1116.541 -1138.689 -1171.689 -1266.518 -1357.348 -1371.364 -1368.61 -1326.513 -1275.59 -1195.175 -1201.824 -1206.137 -1241.643 -1284.77 -1321.021 -1311.52 -1333.083 -1327.063 -1307.341 -1292.794 -1258.926 -1266.76 -1187.697 -1138.379 -1228.956 -1163.72 -956.6274 -866.8958 -765.895 -746.451 -585.3541 -362.0297 -193.415 -140.4683 -117.758 -96.40589 -78.88221 -120.3748 -88.31359 -96.90629 -146.812 -173.7291 -147.9736 -119.3942 -122.1313 -135.5773 -179.4056 -178.5401 -181.104 -193.2008 -206.1635 -212.6655 -212.834 -211.5732 -193.98 -188.9921 -247.1767 -149.6149 -333.1356
-1166.829 -1095.762 -879.7642 -1131.716 -1141.144 -1218.546 -1297.99 -1337.861 -1403.869 -1381.721 -1276.711 -1193.278 -1177.36 -1174.941 -1187.571 -1233.769 -1244.688 -1248.468 -1262.299 -1283.655 -1296.431 -1317.309 -1322.49 -1311.913 -1268.143 -1228.657 -1320.476 -1364.394 -1217.231 -1069.524 -921.6777 -774.558 -769.9551 -702.826 -423.9605 -231.0746 -169.9189 -133.7554 -109.1881 -91.67455 -134.5295 -101.3962 -83.56249 -104.4353 -128.7511 -118.7458 -100.3138 -109.7229 -139.8763 -176.4728 -175.2708 -176.9374 -182.6485 -196.8916 -207.9169 -211.2981 -205.5604 -194.0506 -185.6861 -187.9704 -199.3229 -235.2641
-1192.091 -1138.208 -882.9263 -1139.617 -1147.752 -1173.269 -1223.686 -1334.271 -1423.335 -1400.468 -1312.942 -1191.715 -1184.672 -1175.548 -1187.143 -1205.623 -1210.522 -1200.194 -1224.754 -1240.986 -1266.05 -1288.572 -1317.13 -1358.568 -1307.39 -1340.708 -1445.919 -1388.43 -1262.253 -1130.629 -953.1871 -811.8676 -784.4687 -720.3196 -449.725 -279.468 -206.8892 -155.5703 -124.4525 -104.5951 -137.5626 -110.2884 -83.66855 -97.12944 -121.8367 -121.4576 -115.9656 -104.6505 -154.7889 -176.2308 -167.4154 -169.38 -177.5843 -186.6008 -199.3092 -204.6843 -198.4294 -188.2418 -179.233 -185.5446 -179.6878 -132.4047
-1253.191 -1151.42 -890.5078 -1165.747 -1178.675 -1171.115 -1236.975 -1378.727 -1384.94 -1335.189 -1254.729 -1232.995 -1202.124 -1179.783 -1170.346 -1170.298 -1187.506 -1188.599 -1216.894 -1241.848 -1294.818 -1323.198 -1350.127 -1339.596 -1367.905 -1373.569 -1354.811 -1329.027 -1249.739 -1121.798 -1003.652 -855.6987 -814.0627 -731.166 -481.2442 -322.1641 -242.2172 -179.2904 -140.9921 -121.6286 -135.8179 -112.9102 -87.3027 -103.645 -132.1897 -133.2044 -130.9744 -118.3317 -138.1617 -164.7766 -162.7328 -165.1301 -172.2008 -180.6561 -189.607 -196.117 -193.8755 -186.2036 -177.1659 -185.3936 -181.7775 -149.2107
-1246.582 -1108.96 -1000.708 -1170.272 -1160.231 -1184.42 -1267.859 -1395.807 -1384.824 -1282.607 -1220.647 -1231.173 -1203.905 -1237.829 -1214.339 -1171.289 -1161.559 -1181.866 -1216.263 -1292.857 -1301.666 -1359.162 -1337.586 -1298.846 -1314.627 -1406.642 -1359.71 -1206.978 -1118.93 -980.458 -917.483 -960.343 -896.1969 -798.4276 -542.3943 -369.0731 -279.1841 -203.2192 -158.6401 -140.3445 -139.6453 -116.0961 -96.72051 -104.9635 -138.5227 -144.1907 -144.2011 -106.4141 -123.58 -153.6318 -174.1841 -165.9645 -169.15 -174.7517 -180.8039 -189.7243 -189.0303 -180.821 -175.4111 -176.7181 -184.1617 -165.002
-1215.526 -1103.768 -1123.56 -1184.187 -1181.832 -1175.151 -1283.566 -1428.501 -1407.599 -1308.802 -1233.327 -1227.843 -1210.74 -1222.711 -1239.729 -1174.604 -1169.41 -1169.082 -1212.675 -1293.118 -1254.931 -1232.193 -1246.282 -1258.779 -1294.645 -1382.147 -1364.766 -1239.22 -1108.379 -996.3414 -955.3548 -893.9431 -884.2873 -830.6238 -642.1928 -433.423 -317.9879 -231.8819 -181.187 -155.1165 -148.4665 -124.5437 -111.6653 -109.9596 -145.4645 -158.1229 -158.0568 -89.72335 -135.4442 -166.623 -196.4235 -168.8596 -170.0516 -171.1228 -176.4408 -184.7645 -181.876 -174.531 -172.2696 -168.5031 -168.8289 -162.2317
-1208.768 -1142.97 -1186.309 -1195.183 -1201.694 -1203.564 -1324.672 -1400.73 -1423.071 -1330.315 -1259.773 -1238.263 -1193.171 -1208.77 -1247.853 -1179.172 -1179.606 -1175.752 -1218.516 -1282.48 -1227.507 -1200.715 -1273.506 -1314.224 -1418.032 -1450.471 -1393.461 -1280.054 -1210.229 -1082.951 -1130.81 -1101.141 -1045.019 -845.7188 -770.8113 -498.508 -350.4046 -265.1724 -196.8338 -160.329 -142.3489 -128.76 -113.0931 -106.5437 -135.8148 -162.7004 -155.248 -147.7291 -154.5087 -195.9956 -213.7717 -178.1894 -170.8009 -172.5885 -175.2125 -178.1792 -173.8777 -170.3246 -168.8796 -164.4189 -153.3512 -152.8
-1236.674 -1179.076 -1197.304 -1201.736 -1234.94 -1246.053 -1315.183 -1313.09 -1376.717 -1341.559 -1269.999 -1247.537 -1193.02 -1213.31 -1245.674 -1177.307 -1177.268 -1184.014 -1217.464 -1246.966 -1212.643 -1205.17 -1277.443 -1358.425 -1398.772 -1375.024 -1336.262 -1324.698 -1239.052 -1195.982 -1275.453 -1136.068 -963.2959 -926.0261 -804.6314 -677.9287 -440.854 -279.6057 -204.4875 -171.7409 -151.8114 -129.0108 -113.5399 -97.69584 -109.2888 -154.6634 -144.1651 -140.4184 -145.7897 -202.2355 -223.4072 -203.0243 -169.9783 -173.0684 -172.6007 -170.6113 -168.9177 -167.9682 -166.8056 -162.8495 -147.2594 -149.8165
