Dropbox/GRP Data/GRP mammal paper/NN_analysis/DATA/2014 input files/ss_c_bio_1.asc
ncols         211
nrows         307
xllcorner     27099.1390263
yllcorner     -314514.2499113
cellsize      821.1860311
NODATA_value  -9999
[rows 76 to 113 of 307, columns 0 to 86 of 211]
-9999 -9999 -9999 -9999 -9999 -9999 -9999 -9999 -9999 -9999 -9999 1780 1780 1782 1787 1793 1800 1805 1835 1848 1853 1853 1846 1831 1819 1819 1808 1706 1680 1670 1662 1640 1626 1649 1680 1635 1632 1642 1618 1612 1582 1600 1654 1719 1736 1729 1710 1700 1706 1701 1682 1669 1626 1576 1597 1681 1721 1736 1734 1708 1668 1700 1696 1639 1563 1512 1420 1437 1415 1388 1375 1363 1349 1291 1260 1194 1281 1239 1142 1142 1175 1092 1096 1190 1117 957 949
-9999 -9999 -9999 -9999 -9999 -9999 -9999 -9999 -9999 -9999 1779 1780 1779 1781 1785 1790 1799 1805 1823 1840 1854 1855 1849 1844 1839 1831 1811 1700 1668 1669 1661 1637 1644 1691 1716 1669 1649 1666 1660 1653 1607 1604 1652 1707 1734 1734 1710 1681 1693 1700 1694 1679 1670 1684 1690 1710 1726 1715 1723 1740 1719 1712 1686 1639 1620 1564 1495 1495 1451 1468 1494 1482 1487 1464 1431 1290 1353 1394 1278 1210 1271 1278 1283 1196 1065 960 949
-9999 -9999 -9999 -9999 -9999 -9999 -9999 -9999 -9999 1779 1778 1779 1779 1781 1785 1788 1798 1804 1810 1830 1850 1858 1854 1849 1839 1829 1808 1724 1684 1678 1672 1658 1673 1723 1738 1727 1664 1695 1719 1700 1670 1681 1696 1707 1733 1736 1729 1686 1674 1696 1703 1694 1697 1708 1699 1712 1686 1653 1680 1736 1752 1729 1688 1662 1687 1627 1605 1594 1542 1574 1604 1579 1593 1592 1557 1432 1449 1536 1461 1360 1379 1411 1309 1179 1121 1024 987
-9999 -9999 -9999 -9999 -9999 -9999 -9999 -9999 1777 1779 1779 1780 1780 1783 1787 1787 1792 1798 1806 1814 1845 1858 1848 1844 1835 1827 1802 1751 1704 1679 1666 1665 1676 1711 1738 1760 1716 1697 1726 1742 1734 1750 1756 1752 1741 1744 1723 1714 1654 1673 1683 1682 1666 1619 1578 1632 1637 1559 1607 1684 1728 1737 1715 1701 1719 1694 1691 1676 1646 1659 1673 1648 1644 1651 1627 1569 1565 1606 1584 1522 1501 1514 1391 1279 1279 1116 1079
-9999 -9999 -9999 -9999 -9999 -9999 -9999 -9999 1777 1777 1778 1780 1780 1783 1784 1786 1789 1795 1801 1811 1833 1843 1843 1841 1838 1831 1807 1774 1696 1671 1661 1656 1666 1678 1723 1767 1765 1700 1738 1762 1763 1761 1758 1757 1755 1753 1740 1725 1670 1614 1600 1590 1577 1516 1483 1576 1554 1463 1504 1609 1658 1705 1728 1727 1736 1728 1714 1702 1692 1670 1657 1657 1618 1629 1624 1633 1584 1526 1532 1531 1496 1513 1525 1456 1447 1277 1267
-9999 -9999 -9999 -9999 -9999 -9999 -9999 1774 1775 1776 1777 1780 1781 1781 1782 1784 1788 1791 1797 1808 1821 1829 1837 1838 1834 1828 1802 1778 1705 1672 1678 1669 1665 1666 1713 1765 1766 1669 1682 1751 1763 1763 1753 1743 1749 1728 1718 1708 1714 1662 1598 1551 1508 1482 1463 1461 1425 1426 1430 1501 1623 1671 1642 1646 1710 1688 1645 1632 1646 1597 1571 1606 1540 1524 1520 1565 1477 1339 1338 1332 1268 1336 1505 1532 1527 1463 1475
-9999 -9999 -9999 -9999 -9999 -9999 1771 1772 1775 1775 1775 1778 1780 1780 1780 1782 1785 1788 1792 1803 1813 1825 1832 1832 1829 1824 1794 1777 1740 1712 1697 1691 1674 1658 1725 1768 1758 1692 1665 1679 1728 1758 1737 1687 1665 1667 1665 1688 1701 1687 1655 1614 1581 1552 1470 1459 1451 1449 1450 1457 1534 1613 1584 1613 1673 1686 1679 1671 1656 1604 1562 1552 1418 1346 1344 1396 1465 1366 1203 1118 1090 1180 1366 1411 1412 1432 1452
-9999 -9999 -9999 -9999 -9999 -9999 1770 1770 1775 1774 1774 1776 1778 1779 1779 1780 1784 1787 1789 1798 1808 1820 1825 1826 1826 1824 1801 1791 1773 1739 1708 1709 1698 1685 1727 1766 1768 1740 1736 1721 1746 1738 1713 1687 1658 1643 1652 1649 1662 1668 1674 1661 1631 1586 1500 1486 1523 1525 1513 1463 1440 1453 1468 1517 1606 1625 1650 1613 1628 1619 1570 1506 1359 1224 1189 1310 1381 1368 1203 1055 988 1053 1080 1123 1129 1130 1173
-9999 -9999 -9999 -9999 -9999 1771 1771 1771 1774 1774 1774 1775 1776 1776 1778 1779 1782 1786 1789 1800 1806 1814 1820 1820 1823 1826 1817 1806 1789 1752 1732 1737 1738 1740 1755 1770 1773 1767 1774 1760 1744 1714 1686 1675 1661 1649 1645 1634 1643 1643 1667 1665 1632 1595 1548 1542 1559 1555 1518 1461 1379 1361 1414 1514 1581 1613 1613 1609 1609 1597 1538 1402 1278 1181 1074 1136 1300 1273 1103 989 942 963 969 985 949 1071 1151
-9999 -9999 -9999 -9999 -9999 1771 1771 1771 1772 1774 1773 1773 1774 1775 1776 1778 1781 1784 1787 1809 1811 1808 1813 1815 1822 1829 1824 1813 1798 1770 1764 1767 1770 1777 1780 1774 1771 1771 1773 1769 1745 1719 1689 1663 1660 1659 1648 1636 1649 1653 1649 1646 1628 1601 1573 1576 1575 1563 1531 1475 1372 1325 1377 1477 1576 1608 1595 1559 1546 1573 1535 1376 1215 1139 1037 1044 1157 1145 1048 970 923 918 938 955 925 1067 1215
-9999 -9999 -9999 -9999 1773 1771 1771 1770 1769 1773 1773 1773 1774 1775 1776 1777 1779 1781 1785 1811 1812 1802 1803 1809 1821 1828 1818 1811 1806 1794 1784 1781 1778 1780 1766 1735 1729 1736 1751 1770 1768 1753 1724 1679 1661 1662 1670 1664 1671 1687 1662 1647 1645 1614 1575 1586 1601 1578 1558 1500 1388 1314 1320 1401 1507 1581 1577 1533 1532 1564 1548 1420 1231 1097 1015 1006 1036 1027 985 959 943 938 943 928 917 967 1113
-9999 -9999 -9999 -9999 1773 1773 1771 1770 1770 1773 1773 1772 1774 1774 1775 1777 1778 1779 1782 1786 1790 1791 1796 1805 1817 1821 1815 1805 1803 1802 1791 1789 1782 1781 1734 1650 1629 1656 1698 1762 1777 1782 1761 1710 1664 1676 1708 1725 1710 1723 1709 1685 1683 1633 1589 1602 1635 1608 1581 1518 1401 1315 1262 1333 1410 1504 1529 1515 1531 1540 1506 1433 1286 1102 1001 992 964 963 948 945 940 939 934 917 899 916 1011
-9999 -9999 -9999 1773 1773 1773 1772 1771 1770 1770 1771 1771 1773 1773 1775 1776 1776 1779 1779 1781 1786 1788 1791 1800 1810 1813 1811 1804 1801 1800 1796 1791 1782 1769 1707 1654 1606 1641 1672 1747 1782 1788 1783 1730 1684 1724 1739 1771 1764 1767 1744 1734 1721 1653 1633 1638 1648 1635 1584 1506 1396 1301 1230 1299 1364 1434 1476 1442 1459 1473 1436 1405 1341 1190 1054 978 938 935 935 933 925 912 903 928 912 931 963
-9999 -9999 -9999 1773 1772 1772 1771 1770 1769 1768 1769 1770 1771 1772 1774 1774 1775 1776 1776 1780 1781 1786 1789 1797 1807 1812 1808 1802 1801 1799 1796 1791 1755 1685 1656 1658 1657 1671 1683 1722 1752 1784 1791 1780 1760 1700 1683 1738 1754 1761 1758 1740 1698 1650 1659 1667 1626 1613 1526 1447 1359 1246 1212 1279 1361 1461 1467 1336 1329 1376 1391 1378 1375 1311 1176 980 940 925 924 921 917 889 884 937 939 946 945
-9999 -9999 -9999 1774 1773 1772 1771 1769 1768 1767 1767 1768 1769 1770 1771 1772 1773 1774 1776 1777 1782 1785 1789 1797 1804 1805 1803 1802 1801 1799 1796 1792 1777 1733 1709 1727 1739 1745 1738 1700 1690 1743 1786 1780 1754 1676 1649 1657 1634 1641 1673 1722 1701 1631 1601 1625 1634 1631 1509 1427 1399 1326 1236 1248 1340 1440 1447 1307 1226 1272 1258 1268 1332 1334 1252 1045 956 948 927 905 903 876 890 922 923 919 921
-9999 -9999 1776 1774 1773 1772 1770 1770 1769 1768 1768 1767 1768 1769 1770 1770 1771 1773 1775 1776 1778 1784 1787 1794 1795 1797 1797 1799 1800 1798 1796 1793 1787 1774 1767 1774 1771 1773 1747 1695 1668 1699 1731 1749 1742 1706 1663 1643 1550 1538 1624 1690 1658 1578 1512 1543 1640 1648 1605 1526 1515 1440 1338 1284 1257 1322 1317 1289 1175 1119 1095 1130 1226 1262 1242 1155 1060 962 935 893 896 863 845 887 865 871 884
-9999 -9999 1776 1774 1773 1772 1771 1771 1770 1770 1770 1769 1769 1770 1770 1770 1770 1772 1773 1774 1777 1784 1786 1789 1788 1789 1791 1795 1799 1799 1796 1793 1789 1788 1790 1792 1788 1787 1764 1709 1660 1676 1691 1711 1694 1676 1665 1662 1612 1591 1620 1654 1617 1522 1564 1608 1643 1656 1641 1621 1623 1597 1539 1418 1270 1253 1252 1233 1169 1105 1060 1110 1182 1211 1176 1137 1073 973 918 885 877 858 803 792 795 818 863
-9999 -9999 1776 1775 1773 1772 1772 1772 1771 1771 1770 1771 1770 1770 1771 1771 1769 1771 1772 1773 1778 1782 1784 1785 1785 1785 1787 1791 1797 1798 1795 1791 1789 1791 1795 1796 1795 1791 1779 1732 1683 1663 1677 1680 1655 1640 1654 1656 1648 1633 1635 1649 1628 1582 1629 1660 1665 1669 1658 1658 1661 1653 1635 1586 1459 1308 1279 1273 1209 1138 1085 1074 1118 1160 1153 1093 1002 940 905 881 868 853 804 763 773 842 866
-9999 1777 1776 1776 1774 1772 1772 1772 1771 1770 1769 1770 1771 1770 1771 1771 1771 1771 1773 1775 1779 1779 1781 1784 1784 1783 1784 1787 1792 1793 1792 1785 1767 1758 1779 1795 1795 1791 1782 1746 1706 1666 1671 1656 1599 1577 1630 1645 1649 1635 1643 1649 1645 1649 1670 1679 1685 1678 1675 1668 1668 1672 1670 1655 1588 1430 1326 1304 1257 1201 1136 1073 1061 1077 1090 1022 958 926 885 859 862 853 813 762 775 823 859
-9999 1779 1778 1776 1774 1772 1771 1771 1769 1770 1770 1769 1770 1771 1771 1772 1772 1773 1774 1775 1778 1778 1779 1781 1783 1783 1783 1787 1788 1787 1777 1750 1715 1699 1755 1794 1792 1781 1768 1739 1706 1680 1666 1636 1544 1527 1613 1647 1642 1632 1642 1649 1667 1690 1690 1685 1700 1676 1690 1676 1676 1682 1680 1671 1645 1563 1459 1421 1370 1313 1245 1155 1091 1038 1033 1011 953 915 879 848 851 849 805 739 735 760 795
-9999 1779 1778 1776 1775 1772 1770 1771 1769 1769 1769 1768 1770 1771 1771 1772 1772 1773 1773 1775 1776 1776 1777 1778 1780 1782 1783 1788 1782 1779 1733 1673 1680 1711 1769 1794 1779 1750 1734 1715 1698 1683 1662 1632 1566 1572 1626 1649 1631 1637 1643 1657 1692 1721 1698 1686 1709 1668 1685 1680 1677 1676 1681 1678 1668 1638 1584 1557 1517 1456 1385 1315 1206 1065 1002 1008 974 930 879 852 836 836 815 754 733 712 726
-9999 1778 1778 1776 1775 1773 1770 1770 1768 1768 1768 1767 1769 1771 1771 1770 1771 1772 1773 1774 1775 1776 1776 1777 1778 1780 1781 1788 1755 1768 1684 1672 1705 1780 1792 1788 1751 1736 1722 1686 1681 1679 1659 1656 1661 1652 1646 1643 1640 1643 1645 1655 1680 1713 1698 1687 1696 1655 1664 1675 1660 1655 1675 1671 1667 1646 1619 1616 1607 1564 1486 1446 1325 1143 1014 990 995 943 884 857 829 822 825 793 752 697 682
-9999 1778 1777 1776 1775 1773 1770 1769 1769 1767 1767 1766 1768 1769 1771 1770 1771 1771 1772 1773 1773 1774 1775 1777 1777 1777 1778 1780 1782 1773 1765 1768 1770 1791 1793 1792 1787 1777 1683 1657 1658 1660 1663 1659 1654 1653 1651 1648 1647 1648 1652 1658 1673 1707 1698 1682 1645 1635 1674 1673 1661 1649 1655 1664 1667 1666 1665 1656 1617 1586 1516 1449 1377 1243 1091 1029 1031 939 897 869 844 828 827 807 759 702 658
-9999 1777 1777 1775 1775 1773 1770 1768 1768 1766 1766 1765 1767 1768 1769 1770 1770 1771 1770 1772 1773 1773 1774 1775 1776 1775 1775 1776 1785 1779 1778 1781 1786 1791 1791 1792 1792 1789 1759 1756 1752 1738 1728 1725 1680 1657 1653 1657 1653 1656 1663 1672 1686 1719 1705 1664 1640 1627 1641 1661 1652 1651 1644 1655 1668 1662 1642 1643 1618 1598 1531 1420 1385 1324 1222 1175 1125 975 921 927 918 887 882 827 786 728 655
-9999 1777 1777 1775 1774 1772 1770 1768 1768 1766 1765 1765 1766 1766 1768 1769 1769 1770 1771 1771 1772 1773 1774 1774 1775 1774 1774 1774 1782 1778 1777 1780 1784 1786 1788 1790 1792 1794 1790 1780 1773 1766 1774 1766 1696 1651 1656 1664 1682 1689 1697 1707 1701 1698 1709 1686 1669 1622 1616 1667 1674 1648 1639 1647 1637 1635 1638 1630 1628 1616 1550 1451 1376 1323 1314 1288 1104 996 1011 1089 1111 1061 1047 940 881 804 705
-9999 1776 1776 1775 1773 1771 1770 1768 1767 1766 1765 1765 1765 1765 1766 1767 1768 1769 1771 1772 1771 1773 1773 1774 1774 1774 1774 1773 1776 1723 1710 1743 1778 1782 1786 1790 1791 1793 1795 1788 1774 1779 1786 1773 1698 1684 1686 1672 1684 1711 1713 1724 1722 1715 1705 1698 1674 1665 1645 1686 1672 1664 1643 1615 1610 1631 1638 1634 1635 1621 1569 1528 1478 1408 1342 1175 1126 1171 1169 1208 1190 1150 1098 948 880 886 783
-9999 1774 1774 1774 1773 1771 1769 1767 1766 1765 1765 1764 1764 1764 1764 1766 1768 1768 1770 1771 1771 1772 1773 1773 1773 1774 1773 1772 1772 1689 1679 1735 1773 1779 1784 1791 1792 1791 1795 1783 1771 1785 1786 1773 1730 1732 1712 1680 1686 1706 1715 1732 1746 1744 1734 1728 1706 1684 1675 1700 1696 1697 1681 1655 1614 1597 1626 1619 1601 1601 1584 1555 1501 1438 1371 1268 1269 1305 1273 1269 1216 1183 1084 910 870 946 880
-9999 1772 1773 1773 1772 1771 1769 1767 1766 1765 1764 1764 1764 1764 1763 1764 1767 1768 1769 1770 1770 1770 1771 1771 1770 1772 1772 1771 1771 1723 1726 1763 1771 1776 1780 1787 1793 1789 1795 1778 1774 1784 1784 1767 1753 1766 1727 1693 1693 1712 1721 1738 1768 1759 1757 1758 1742 1718 1698 1706 1720 1713 1687 1669 1616 1577 1595 1586 1585 1584 1584 1564 1515 1464 1394 1372 1394 1399 1375 1278 1225 1185 1037 851 860 967 901
-9999 1770 1772 1771 1771 1769 1769 1767 1766 1765 1764 1764 1763 1764 1762 1764 1766 1769 1771 1769 1768 1768 1768 1768 1768 1768 1768 1769 1769 1769 1769 1768 1771 1774 1776 1780 1790 1786 1794 1783 1780 1780 1781 1759 1752 1779 1750 1723 1713 1735 1740 1758 1778 1753 1752 1767 1757 1747 1717 1712 1731 1718 1691 1658 1599 1570 1585 1570 1584 1577 1575 1563 1528 1502 1461 1468 1484 1473 1409 1267 1231 1177 1043 860 862 983 902
-9999 -9999 1769 1769 1769 1767 1766 1767 1765 1765 1763 1763 1763 1763 1762 1763 1766 1769 1771 1771 1768 1767 1767 1766 1766 1767 1768 1770 1771 1769 1766 1768 1771 1772 1774 1777 1778 1779 1787 1783 1776 1777 1778 1767 1768 1781 1784 1766 1756 1746 1762 1788 1775 1743 1740 1758 1752 1740 1726 1725 1737 1723 1707 1658 1598 1583 1603 1588 1602 1584 1572 1560 1533 1536 1530 1525 1541 1519 1407 1256 1226 1171 1090 932 892 1004 893
-9999 -9999 1767 1768 1768 1767 1767 1765 1764 1765 1763 1763 1762 1763 1762 1763 1765 1769 1771 1770 1768 1767 1766 1766 1765 1765 1767 1769 1766 1764 1764 1767 1768 1769 1770 1773 1775 1775 1780 1774 1773 1774 1775 1776 1779 1781 1784 1786 1780 1753 1775 1785 1775 1753 1747 1745 1744 1729 1734 1739 1738 1721 1710 1678 1649 1637 1636 1628 1648 1620 1596 1568 1533 1551 1563 1547 1576 1543 1430 1276 1228 1185 1149 1022 958 1029 909
-9999 -9999 1765 1765 1766 1766 1766 1765 1764 1764 1764 1763 1762 1763 1762 1764 1767 1769 1769 1769 1769 1766 1766 1765 1765 1765 1767 1767 1764 1764 1764 1764 1765 1766 1768 1770 1772 1771 1770 1768 1769 1771 1773 1775 1777 1781 1787 1792 1788 1780 1786 1783 1781 1752 1743 1736 1731 1753 1778 1742 1731 1718 1721 1717 1708 1699 1684 1667 1699 1680 1650 1595 1538 1556 1580 1570 1600 1572 1492 1332 1250 1211 1200 1108 1027 1064 992
-9999 -9999 1762 1763 1763 1765 1765 1765 1763 1763 1763 1762 1763 1763 1763 1765 1768 1770 1770 1772 1770 1767 1766 1764 1764 1766 1767 1764 1763 1764 1764 1763 1763 1763 1765 1767 1768 1768 1765 1764 1766 1768 1770 1771 1774 1778 1780 1791 1791 1786 1784 1782 1755 1754 1772 1756 1747 1745 1742 1727 1724 1723 1727 1724 1721 1701 1697 1700 1711 1691 1681 1600 1543 1561 1594 1585 1612 1601 1548 1384 1262 1221 1232 1195 1067 1101 1130
-9999 -9999 -9999 1761 1762 1763 1764 1764 1763 1763 1763 1763 1763 1763 1764 1765 1768 1770 1771 1772 1771 1770 1768 1766 1765 1765 1765 1762 1762 1763 1763 1762 1761 1762 1764 1765 1765 1764 1761 1761 1763 1764 1766 1767 1770 1776 1780 1785 1786 1784 1787 1768 1777 1789 1784 1771 1762 1754 1763 1744 1725 1724 1724 1726 1720 1726 1723 1724 1709 1706 1692 1649 1592 1587 1609 1607 1633 1629 1554 1443 1291 1231 1247 1271 1146 1105 1212
-9999 -9999 -9999 1759 1760 1761 1762 1762 1762 1763 1763 1763 1763 1763 1763 1766 1769 1770 1771 1771 1772 1772 1770 1768 1764 1763 1762 1762 1761 1761 1762 1760 1761 1761 1763 1764 1763 1762 1760 1759 1760 1760 1762 1764 1767 1771 1777 1780 1783 1783 1787 1762 1787 1794 1780 1776 1785 1789 1777 1767 1745 1737 1725 1724 1716 1735 1729 1722 1708 1701 1701 1683 1628 1606 1611 1624 1645 1619 1551 1506 1364 1249 1227 1324 1262 1203 1245
-9999 -9999 -9999 1758 1758 1759 1761 1761 1761 1761 1763 1763 1763 1763 1764 1767 1769 1770 1771 1771 1772 1772 1771 1768 1764 1761 1761 1761 1761 1760 1760 1760 1761 1761 1761 1762 1761 1760 1759 1758 1757 1758 1759 1761 1764 1769 1774 1777 1780 1782 1786 1768 1786 1790 1777 1785 1797 1803 1763 1774 1740 1730 1721 1723 1722 1723 1715 1712 1704 1700 1699 1692 1652 1626 1630 1647 1648 1613 1541 1524 1456 1387 1346 1355 1320 1309 1345
-9999 -9999 -9999 1756 1757 1758 1759 1760 1761 1762 1762 1763 1762 1763 1765 1768 1769 1770 1770 1770 1771 1771 1770 1768 1764 1761 1761 1761 1761 1760 1759 1760 1761 1761 1760 1760 1760 1759 1758 1757 1756 1757 1757 1758 1762 1767 1772 1775 1777 1780 1785 1761 1783 1783 1776 1791 1807 1809 1766 1767 1729 1725 1725 1726 1729 1728 1720 1715 1704 1696 1696 1670 1635 1620 1633 1656 1647 1603 1533 1526 1510 1490 1464 1445 1422 1409 1433
-9999 -9999 -9999 -9999 1756 1758 1758 1759 1759 1761 1761 1762 1762 1763 1765 1767 1769 1770 1769 1769 1770 1771 1770 1768 1762 1759 1761 1761 1762 1761 1760 1760 1761 1761 1760 1760 1759 1758 1758 1756 1755 1756 1755 1757 1760 1765 1769 1773 1775 1778 1779 1750 1779 1775 1775 1788 1815 1812 1775 1760 1727 1731 1735 1733 1733 1735 1728 1715 1711 1694 1643 1593 1606 1622 1647 1659 1635 1565 1496 1514 1524 1533 1533 1525 1538 1528 1470
