Dropbox/GRP Data/GRP mammal paper/NN_analysis/DATA/2014 input files/ss_c_bio_1.asc
ncols         211
nrows         307
xllcorner     27099.1390263
yllcorner     -314514.2499113
cellsize      821.1860311
NODATA_value  -9999
[rows 228 to 265 of 307, columns 87 to 173 of 211]
1892 1880 1858 1823 1792 1762 1716 1699 1663 1611 1565 1444 1301 1245 1208 1179 1173 1266 1331 1320 1318 1314 1293 1248 1251 1251 1233 1216 1201 1113 1050 1040 1012 937 908 996 1038 941 931 1032 1043 1056 1083 1117 1146 1184 1183 1168 1220 1335 1467 1563 1665 1684 1617 1542 1534 1516 1458 1317 1263 1229 1190 1138 1140 1252 1279 1251 1175 975 887 885 888 981 1231 1366 1440 1534 1600 1620 1606 1631 1556 1602 1643 1655 1649
1889 1871 1841 1808 1776 1749 1724 1701 1640 1612 1582 1500 1379 1309 1249 1243 1230 1263 1329 1317 1313 1304 1280 1253 1240 1226 1200 1183 1201 1158 1102 1066 1042 1029 1024 1037 1058 978 957 1012 1051 1004 984 1104 1170 1181 1099 1033 1084 1212 1447 1536 1637 1693 1647 1557 1543 1519 1463 1321 1245 1249 1210 1180 1288 1401 1393 1352 1265 1073 916 885 935 982 1161 1385 1504 1553 1604 1639 1644 1652 1606 1634 1646 1667 1665
1886 1863 1833 1804 1772 1748 1737 1693 1643 1620 1592 1552 1472 1377 1290 1285 1293 1277 1320 1316 1309 1294 1269 1255 1238 1220 1193 1178 1173 1151 1159 1111 1062 1081 1111 1111 1067 1044 957 983 1013 952 907 1058 1193 1246 1210 1151 1170 1253 1429 1533 1639 1697 1666 1586 1543 1503 1466 1347 1277 1254 1212 1261 1421 1484 1470 1420 1340 1195 1006 929 1043 1096 1163 1340 1474 1539 1623 1648 1670 1674 1651 1667 1665 1675 1669
1887 1863 1836 1805 1772 1757 1746 1696 1665 1623 1600 1578 1525 1435 1336 1296 1316 1284 1314 1313 1301 1284 1259 1252 1236 1217 1196 1193 1183 1176 1175 1141 1098 1104 1102 1114 1075 974 939 969 1020 1036 1040 1100 1207 1313 1351 1325 1323 1389 1428 1540 1639 1700 1666 1614 1571 1432 1360 1330 1293 1291 1291 1332 1472 1513 1507 1465 1415 1290 1145 1066 1197 1317 1339 1337 1401 1496 1643 1653 1681 1691 1681 1683 1680 1674 1663
1885 1868 1834 1799 1779 1763 1741 1716 1673 1634 1619 1588 1547 1495 1411 1331 1323 1299 1311 1305 1294 1283 1264 1244 1224 1213 1196 1196 1191 1188 1174 1150 1127 1109 1110 1107 1040 905 902 977 1041 1092 1146 1195 1257 1337 1399 1427 1441 1469 1459 1600 1672 1697 1666 1613 1558 1513 1496 1478 1473 1477 1382 1434 1483 1498 1513 1511 1465 1316 1263 1268 1368 1421 1480 1404 1449 1531 1636 1653 1696 1676 1656 1670 1652 1649 1646
1880 1866 1828 1805 1786 1749 1714 1697 1677 1666 1638 1586 1546 1511 1453 1383 1330 1322 1310 1297 1291 1286 1266 1228 1206 1202 1200 1194 1189 1173 1160 1148 1131 1106 1127 1108 1013 881 867 968 1049 1102 1179 1239 1314 1400 1449 1483 1519 1539 1546 1630 1684 1689 1643 1584 1560 1545 1525 1512 1541 1532 1495 1519 1539 1528 1513 1514 1498 1438 1463 1406 1498 1530 1541 1560 1647 1644 1633 1670 1701 1644 1607 1646 1609 1613 1616
1884 1870 1840 1808 1769 1752 1725 1712 1701 1666 1633 1582 1522 1458 1398 1363 1322 1319 1308 1294 1286 1280 1245 1213 1201 1190 1199 1196 1185 1163 1141 1144 1119 1096 1107 1097 1003 880 854 921 1006 1096 1185 1245 1333 1424 1481 1533 1579 1610 1627 1659 1688 1688 1646 1617 1597 1558 1561 1555 1541 1525 1527 1532 1538 1544 1569 1553 1537 1518 1515 1509 1525 1546 1569 1623 1647 1639 1652 1703 1693 1660 1609 1661 1631 1592 1559
1876 1867 1837 1803 1771 1756 1734 1733 1705 1673 1612 1550 1489 1441 1416 1380 1342 1327 1296 1290 1282 1273 1255 1228 1207 1196 1172 1167 1169 1174 1155 1126 1103 1072 1050 1033 960 875 862 877 941 1070 1176 1254 1339 1407 1485 1559 1609 1654 1671 1681 1690 1682 1651 1637 1615 1561 1548 1579 1586 1584 1547 1548 1542 1555 1606 1611 1563 1514 1570 1552 1550 1555 1565 1661 1680 1684 1691 1691 1661 1642 1624 1598 1569 1448 1432
1876 1862 1836 1814 1796 1783 1760 1750 1714 1631 1561 1494 1438 1398 1363 1351 1327 1316 1298 1298 1276 1252 1246 1224 1229 1240 1201 1173 1215 1201 1184 1073 1057 1048 1003 923 884 874 899 909 939 1028 1137 1257 1340 1392 1473 1543 1608 1665 1685 1689 1687 1660 1622 1599 1589 1558 1559 1609 1631 1628 1554 1570 1536 1559 1627 1657 1624 1563 1626 1648 1646 1647 1649 1675 1664 1649 1650 1647 1629 1617 1602 1588 1561 1390 1210
1870 1851 1821 1788 1756 1746 1716 1697 1697 1623 1556 1485 1440 1405 1360 1327 1314 1302 1295 1308 1289 1235 1224 1224 1239 1229 1214 1196 1194 1133 1123 1073 1060 1035 1009 991 955 936 1022 1036 1031 1045 1120 1239 1293 1367 1457 1520 1607 1665 1685 1691 1674 1638 1594 1576 1578 1580 1614 1649 1648 1616 1535 1561 1583 1611 1653 1682 1675 1646 1673 1693 1689 1687 1682 1674 1656 1634 1628 1628 1620 1618 1598 1602 1549 1394 1192
1865 1848 1810 1763 1724 1701 1663 1642 1631 1585 1543 1474 1433 1399 1361 1334 1320 1308 1315 1326 1311 1312 1301 1277 1259 1230 1232 1228 1243 1209 1160 1064 1009 959 927 902 916 973 1081 1119 1129 1146 1201 1244 1313 1393 1458 1539 1614 1650 1681 1690 1664 1652 1638 1646 1636 1647 1665 1671 1655 1598 1550 1562 1665 1680 1682 1692 1696 1696 1696 1694 1657 1615 1595 1624 1617 1619 1606 1607 1602 1601 1546 1490 1450 1336 1256
1864 1851 1808 1755 1718 1690 1656 1620 1584 1550 1519 1462 1421 1373 1335 1328 1324 1320 1333 1343 1356 1340 1297 1274 1269 1246 1245 1242 1263 1231 1192 1079 1033 975 913 885 935 1026 1123 1179 1198 1211 1232 1286 1385 1421 1488 1586 1654 1676 1686 1692 1696 1698 1698 1697 1692 1699 1704 1682 1662 1634 1650 1647 1697 1697 1696 1697 1701 1700 1697 1691 1602 1554 1533 1553 1556 1581 1588 1593 1588 1563 1541 1436 1373 1227 1193
1865 1851 1810 1760 1724 1696 1671 1622 1577 1540 1505 1472 1442 1389 1336 1329 1334 1328 1334 1353 1392 1347 1285 1265 1257 1254 1249 1247 1239 1162 1122 1020 980 923 899 910 990 1070 1141 1206 1228 1241 1256 1292 1394 1444 1488 1583 1658 1683 1690 1692 1692 1697 1700 1704 1706 1708 1707 1704 1703 1703 1703 1702 1702 1698 1692 1692 1699 1700 1696 1687 1582 1568 1567 1505 1516 1536 1577 1590 1575 1511 1512 1431 1358 1196 1123
1867 1850 1812 1773 1737 1697 1667 1624 1579 1543 1512 1500 1483 1435 1367 1345 1349 1332 1335 1372 1407 1357 1292 1266 1234 1232 1221 1195 1159 1070 1040 954 924 898 900 936 1024 1103 1160 1199 1224 1238 1254 1284 1405 1501 1574 1635 1672 1683 1688 1689 1687 1693 1699 1703 1705 1708 1705 1702 1701 1701 1700 1699 1699 1696 1681 1668 1696 1697 1693 1686 1620 1526 1538 1496 1523 1510 1565 1592 1554 1463 1434 1405 1375 1279 1177
1861 1839 1811 1768 1737 1705 1671 1623 1600 1561 1528 1509 1480 1427 1368 1351 1353 1339 1348 1394 1405 1340 1269 1245 1205 1177 1161 1120 1074 1021 1010 958 944 937 930 938 1008 1089 1145 1170 1187 1214 1228 1277 1414 1526 1618 1668 1680 1681 1652 1610 1647 1690 1696 1700 1699 1696 1700 1697 1696 1691 1685 1680 1672 1663 1657 1649 1661 1679 1687 1682 1662 1562 1568 1562 1557 1496 1562 1594 1545 1451 1417 1397 1388 1361 1278
1854 1833 1800 1766 1735 1700 1660 1627 1606 1571 1530 1495 1447 1400 1377 1363 1354 1353 1363 1381 1372 1292 1228 1219 1191 1150 1139 1119 1075 1051 1028 1025 1020 991 950 932 970 1044 1096 1112 1133 1194 1238 1293 1437 1548 1636 1680 1682 1667 1588 1515 1584 1657 1684 1692 1693 1685 1685 1686 1684 1671 1657 1652 1645 1642 1610 1589 1579 1658 1678 1676 1667 1621 1577 1544 1534 1541 1517 1592 1546 1453 1392 1383 1386 1338 1268
1850 1825 1801 1770 1734 1696 1664 1627 1602 1564 1528 1483 1428 1372 1360 1369 1369 1354 1401 1342 1321 1318 1309 1291 1264 1249 1231 1215 1185 1153 1080 1085 1073 1013 934 936 951 1019 1064 1065 1102 1195 1303 1381 1503 1606 1663 1688 1682 1634 1549 1472 1547 1629 1664 1679 1680 1673 1661 1665 1661 1648 1636 1631 1591 1566 1554 1560 1562 1649 1665 1671 1666 1636 1585 1533 1547 1564 1492 1531 1567 1488 1394 1355 1340 1333 1286
1860 1850 1830 1790 1738 1697 1671 1639 1597 1561 1523 1471 1443 1410 1400 1397 1386 1387 1409 1352 1348 1326 1321 1307 1302 1309 1303 1283 1266 1243 1142 1124 1073 1016 961 944 958 1034 1101 1115 1150 1251 1379 1520 1596 1665 1685 1692 1681 1604 1540 1443 1511 1601 1644 1656 1636 1622 1632 1643 1626 1617 1605 1581 1531 1529 1458 1462 1553 1591 1631 1660 1662 1640 1564 1626 1620 1567 1457 1463 1472 1456 1407 1312 1259 1240 1226
1857 1849 1830 1805 1755 1706 1665 1630 1596 1567 1530 1505 1488 1449 1411 1400 1400 1430 1429 1425 1432 1380 1340 1317 1309 1294 1248 1208 1174 1152 1088 1078 1034 1019 1004 1009 1011 1079 1205 1268 1313 1421 1447 1563 1630 1659 1680 1691 1678 1602 1526 1383 1437 1544 1625 1632 1574 1542 1593 1612 1565 1561 1557 1526 1500 1527 1408 1377 1498 1558 1621 1649 1654 1641 1595 1614 1586 1580 1539 1470 1425 1414 1384 1330 1283 1238 1215
1847 1837 1821 1808 1766 1714 1658 1623 1603 1581 1550 1527 1489 1444 1400 1394 1418 1450 1456 1464 1477 1413 1339 1294 1317 1334 1302 1248 1183 1102 1062 1059 1047 1056 1042 1048 1048 1090 1241 1445 1520 1539 1567 1566 1588 1649 1684 1694 1679 1606 1512 1378 1374 1495 1585 1609 1541 1505 1548 1560 1496 1502 1515 1507 1483 1471 1397 1354 1464 1551 1592 1596 1624 1637 1623 1584 1550 1564 1568 1477 1400 1370 1310 1267 1246 1227 1212
1840 1833 1823 1810 1775 1720 1656 1622 1602 1576 1546 1513 1469 1433 1408 1403 1421 1439 1456 1476 1505 1478 1406 1337 1348 1347 1319 1270 1214 1145 1098 1090 1064 1091 1089 1082 1097 1143 1256 1469 1593 1616 1631 1617 1614 1660 1695 1692 1675 1607 1520 1382 1351 1474 1536 1554 1534 1530 1525 1504 1474 1487 1483 1493 1424 1317 1309 1323 1453 1507 1539 1528 1586 1625 1617 1574 1546 1543 1552 1517 1425 1362 1277 1227 1223 1225 1217
1838 1834 1828 1811 1782 1728 1658 1621 1592 1568 1536 1508 1474 1449 1436 1420 1409 1417 1446 1493 1519 1504 1422 1375 1357 1301 1256 1222 1177 1131 1125 1128 1112 1126 1130 1138 1180 1254 1330 1452 1593 1652 1663 1674 1675 1687 1691 1676 1662 1632 1548 1462 1405 1361 1484 1485 1474 1381 1428 1470 1428 1422 1338 1379 1308 1163 1105 1270 1348 1431 1530 1526 1580 1611 1597 1556 1541 1544 1566 1578 1478 1394 1321 1268 1262 1262 1253
1841 1834 1820 1804 1785 1739 1665 1618 1589 1576 1548 1527 1496 1468 1447 1419 1385 1388 1442 1512 1525 1465 1401 1393 1350 1258 1205 1175 1131 1094 1135 1152 1166 1171 1151 1175 1277 1381 1425 1468 1595 1678 1686 1673 1663 1669 1667 1638 1624 1597 1547 1503 1437 1363 1459 1482 1344 1287 1291 1298 1300 1303 1242 1214 1267 1164 1035 1281 1451 1481 1497 1541 1594 1604 1566 1554 1548 1543 1580 1570 1501 1435 1387 1343 1332 1319 1293
1845 1837 1823 1824 1807 1759 1682 1619 1591 1564 1538 1517 1487 1460 1423 1394 1358 1357 1436 1514 1530 1431 1420 1401 1332 1250 1208 1168 1117 1091 1154 1220 1235 1224 1225 1252 1367 1501 1553 1563 1623 1673 1690 1613 1600 1633 1631 1616 1602 1569 1499 1470 1450 1393 1459 1463 1334 1286 1271 1229 1199 1129 1070 1047 1099 1119 1107 1309 1406 1497 1484 1546 1587 1601 1555 1555 1544 1537 1520 1519 1506 1469 1411 1379 1377 1346 1298
1850 1842 1841 1858 1851 1806 1710 1621 1594 1576 1557 1529 1506 1470 1424 1385 1348 1359 1440 1515 1531 1480 1448 1372 1291 1244 1211 1166 1116 1126 1202 1337 1361 1314 1357 1394 1466 1581 1656 1659 1657 1670 1686 1578 1538 1561 1553 1554 1561 1524 1459 1400 1370 1396 1434 1452 1342 1327 1298 1239 1184 1078 1004 995 1031 1168 1260 1375 1477 1496 1489 1540 1564 1533 1516 1523 1542 1623 1547 1477 1467 1451 1419 1389 1387 1329 1287
1880 1846 1849 1870 1854 1812 1716 1627 1597 1563 1556 1528 1497 1454 1419 1379 1344 1361 1443 1513 1542 1558 1444 1317 1260 1230 1189 1148 1139 1210 1288 1416 1529 1474 1469 1548 1595 1627 1662 1641 1622 1660 1661 1565 1507 1488 1463 1465 1500 1449 1413 1367 1274 1298 1358 1439 1387 1372 1295 1253 1191 1103 1028 1023 1043 1179 1317 1442 1482 1464 1474 1503 1534 1519 1498 1510 1519 1553 1546 1530 1513 1490 1473 1482 1442 1342 1224
1895 1874 1871 1863 1825 1793 1740 1672 1631 1596 1548 1516 1490 1468 1433 1376 1358 1373 1464 1508 1523 1440 1330 1263 1194 1156 1146 1135 1220 1346 1447 1503 1601 1625 1575 1673 1703 1671 1602 1511 1484 1574 1599 1506 1492 1459 1380 1376 1438 1375 1332 1351 1230 1171 1240 1373 1419 1405 1322 1273 1204 1127 1054 1042 1044 1110 1253 1415 1460 1444 1454 1477 1524 1531 1525 1528 1525 1534 1512 1502 1483 1464 1474 1501 1478 1383 1335
1903 1887 1866 1844 1811 1779 1757 1702 1642 1591 1554 1541 1512 1491 1440 1379 1377 1449 1489 1502 1384 1290 1227 1185 1168 1176 1243 1287 1332 1439 1527 1640 1697 1719 1684 1678 1678 1567 1475 1405 1400 1462 1570 1475 1477 1445 1267 1251 1359 1319 1222 1267 1204 1123 1122 1237 1379 1398 1378 1300 1220 1136 1054 1015 985 1002 1134 1281 1388 1396 1409 1472 1508 1528 1534 1535 1531 1528 1513 1490 1494 1490 1497 1508 1469 1408 1389
1910 1894 1861 1837 1806 1785 1760 1720 1672 1600 1580 1558 1557 1553 1530 1502 1501 1535 1496 1415 1331 1296 1244 1233 1238 1284 1356 1439 1469 1541 1570 1647 1718 1663 1673 1663 1604 1487 1341 1245 1300 1447 1554 1562 1528 1426 1250 1144 1229 1226 1103 1124 1148 1110 1043 1093 1292 1324 1366 1314 1246 1171 1078 987 936 966 1072 1170 1272 1300 1365 1472 1485 1510 1515 1517 1525 1521 1516 1503 1543 1519 1483 1467 1420 1418 1449
1911 1898 1869 1841 1818 1804 1770 1749 1709 1633 1614 1581 1603 1596 1586 1588 1589 1546 1459 1381 1347 1329 1280 1262 1292 1389 1462 1558 1621 1644 1663 1691 1708 1542 1503 1503 1467 1348 1213 1201 1334 1448 1466 1520 1527 1422 1242 1136 1084 1093 1036 1031 1095 1086 999 1013 1170 1203 1317 1336 1301 1240 1139 1005 973 1036 1086 1155 1170 1205 1353 1462 1463 1485 1487 1493 1509 1504 1501 1507 1558 1500 1458 1429 1392 1399 1441
1911 1899 1879 1850 1844 1824 1802 1790 1741 1687 1649 1635 1615 1565 1533 1536 1548 1484 1403 1358 1329 1295 1245 1274 1357 1480 1570 1663 1707 1710 1707 1704 1697 1566 1488 1430 1310 1164 1068 1131 1329 1451 1490 1513 1524 1456 1362 1300 1117 992 962 941 977 987 949 920 1066 1253 1267 1259 1241 1192 1102 981 955 996 1010 1078 1112 1176 1348 1452 1449 1461 1472 1478 1487 1480 1479 1487 1529 1482 1470 1445 1417 1393 1404
1922 1918 1892 1884 1858 1848 1853 1828 1787 1751 1691 1686 1593 1506 1452 1435 1448 1421 1380 1340 1298 1251 1223 1316 1452 1581 1658 1684 1645 1628 1622 1610 1578 1572 1532 1438 1268 1103 1009 1086 1285 1404 1467 1499 1483 1434 1391 1348 1212 1119 1052 976 916 898 875 857 1014 1214 1213 1112 1179 1097 969 881 923 972 946 1005 1079 1154 1323 1443 1452 1455 1480 1482 1473 1467 1466 1463 1507 1514 1505 1484 1451 1407 1387
1917 1924 1923 1907 1880 1889 1906 1878 1842 1778 1740 1670 1598 1526 1473 1445 1431 1425 1414 1381 1323 1265 1298 1392 1545 1660 1648 1578 1472 1413 1433 1455 1394 1458 1519 1458 1318 1159 1033 1056 1231 1366 1438 1489 1451 1458 1400 1372 1285 1184 1112 1061 993 899 830 827 886 1082 1181 1057 1010 955 886 865 925 947 928 1001 1084 1145 1254 1324 1431 1459 1480 1526 1480 1450 1449 1461 1488 1506 1498 1477 1441 1401 1380
1907 1913 1929 1933 1933 1926 1920 1893 1870 1808 1748 1696 1619 1598 1554 1540 1509 1499 1476 1418 1329 1282 1377 1469 1610 1635 1497 1399 1290 1196 1222 1290 1247 1330 1451 1422 1344 1197 1069 1050 1206 1362 1420 1468 1430 1453 1362 1319 1253 1126 1031 1003 986 935 831 803 794 913 1106 965 839 822 821 826 892 940 962 1016 1091 1167 1272 1319 1347 1368 1398 1453 1451 1442 1440 1429 1434 1460 1484 1484 1454 1415 1389
1928 1917 1917 1921 1929 1927 1911 1891 1877 1821 1740 1698 1672 1653 1631 1614 1587 1554 1503 1441 1363 1363 1418 1579 1672 1487 1356 1241 1129 1062 1053 1093 1143 1303 1383 1303 1275 1135 1052 1078 1224 1374 1406 1427 1403 1405 1318 1243 1165 1053 952 905 889 890 829 795 766 821 1016 899 768 780 814 844 899 983 1032 1064 1096 1174 1220 1259 1292 1315 1360 1432 1437 1433 1424 1437 1465 1500 1485 1465 1455 1452 1454
1929 1926 1911 1907 1915 1915 1898 1863 1845 1817 1772 1719 1685 1675 1650 1598 1556 1539 1503 1464 1430 1465 1498 1628 1646 1457 1349 1226 1130 1071 1045 1009 1086 1227 1285 1177 1155 1050 999 1101 1246 1381 1401 1390 1379 1392 1337 1248 1143 1062 998 928 846 806 799 788 768 789 901 850 762 779 819 863 915 1009 1079 1108 1115 1176 1213 1243 1281 1302 1347 1403 1420 1426 1406 1431 1477 1482 1473 1446 1415 1439 1470
1925 1914 1912 1901 1904 1910 1899 1854 1805 1787 1765 1732 1707 1682 1649 1595 1541 1519 1535 1544 1538 1585 1665 1679 1520 1408 1313 1173 1077 1037 1007 990 1003 1119 1168 1112 1076 1043 1034 1155 1279 1384 1394 1364 1374 1359 1333 1266 1188 1110 1062 995 877 787 767 766 764 761 795 800 759 777 832 894 943 1012 1098 1153 1189 1222 1264 1295 1320 1339 1371 1390 1399 1415 1398 1399 1423 1444 1477 1455 1428 1436 1463
1927 1915 1909 1897 1898 1909 1902 1868 1821 1783 1759 1729 1702 1669 1622 1587 1536 1558 1632 1655 1646 1653 1699 1621 1483 1382 1325 1242 1167 1111 1043 994 986 1007 1018 1016 949 950 1040 1212 1328 1380 1374 1368 1317 1219 1198 1200 1109 1040 993 895 819 778 763 761 759 746 770 770 747 778 869 956 1008 1045 1125 1191 1257 1281 1312 1332 1345 1371 1395 1388 1384 1391 1390 1385 1392 1413 1471 1452 1444 1461 1479
