Dropbox/GRP Data/GRP mammal paper/NN_analysis/DATA/2014 input files/ss_c_bio_12.asc
ncols         211
nrows         307
xllcorner     27099.1390263
yllcorner     -314514.2499113
cellsize      821.1860311
NODATA_value  -9999
[rows 87 to 115 of 307, columns 0 to 63 of 211]
-9999 -9999 -9999 -9999 32113.12 32322.73 32636.26 32878.63 32839.85 32918.49 32929.61 33003.59 33191.18 33312.32 33406.92 33623.25 33867.62 34248.6 34451.49 34976.36 35336.19 35740.21 36317.12 37082.55 38134.35 38694.35 38710.44 38604.55 38711.44 39278.04 39840.42 40011.11 40568.26 42564.66 46336.88 50944.95 54061.37 55048.59 53773.54 51748.58 50284.06 50457.52 52544.88 55501.47 58389.51 59799.32 60309.31 59816.7 59318.07 59283.84 60194.74 61055.07 62524.49 65298.84 67488.09 68650.15 67813.92 68899.42 72498.41 76533.73 80283.09 83638.58 84606.2 83102.43
-9999 -9999 -9999 31580.3 31887.07 32166 32475.85 32758.57 32820.41 32808.71 32912.5 32924.53 32941.86 33050.27 33236.48 33466.81 33586.26 33854.69 33993.23 34404.69 34777.22 35191.06 35782.81 36570.84 37570.72 38290.04 37905.22 37611.59 37299.57 37342.22 37666.02 38496.92 40200.72 43651.06 48751.48 53906.7 56627.04 56678.76 55118.14 52616.48 50276.57 49247.11 50245.25 52605.6 55559.79 57284.38 58184.64 58044.16 57557.66 57400.91 58006.96 59625.59 61144.99 63371.29 65634.69 67116.34 68613.03 68660.91 72649.72 76678.73 80980.66 84812.38 86282.49 85264.03
-9999 -9999 -9999 31435.47 31742.01 32079.94 32374.26 32651.05 32705.39 32799.79 32799.78 32839.76 32914.31 32913.11 32963.55 33212.58 33418.2 33507.71 33612.56 33991.41 34259.31 34890.01 35549.59 36382.14 37260.94 37752.54 37366.96 36672.43 36228.89 35990.25 36182.76 37379.48 40080.4 44201.17 49106.08 53395.48 55538.02 56131.54 54664.5 53325.04 51421.51 49677.75 49094.62 50522.71 53454.87 56222.54 58641.87 59666.14 59360.86 58984.56 58503.21 59338.88 60849.64 63211.01 65884.3 67683.95 69183.42 69499.75 73145.23 77027.97 81318.41 85039.77 87093.65 86397.22
-9999 -9999 -9999 31363.34 31722.35 32114.56 32331.81 32455.21 32646.57 32703.84 32721.94 32817.43 32848.98 32829.98 32814.66 32891.99 33142.92 33362.19 33499.02 33681.63 34014.8 34659.49 35461.36 36259.66 36854.82 37072.47 36728.73 36017.57 35423.07 35106.64 35257.49 36574.96 39199.82 42819.13 46504.96 49321.95 51155.08 52320.46 52999.09 53630.18 53149.33 51883.72 50707.63 50957.13 53369.32 57044.88 60907.39 63218.99 64177.11 63383.48 61987.27 62072.59 63071.79 65470.48 68300.54 69825.16 70766.6 70153.21 73372.52 77298.23 80163.05 83441.24 86059.76 86839.02
-9999 -9999 31119.61 31364.49 31692.8 32041.32 32296.79 32391.58 32548.84 32616.72 32686.72 32689.55 32665.58 32620.86 32689.96 32765.81 32890.9 33084.36 33333.02 33534 33887.67 34470.56 35281.47 35858.75 36154.64 36109.44 35850.39 35378.7 34803.89 34684.44 35054.63 36081.05 38066.49 40757.7 43166.81 44786.48 46394.32 48198.28 50699.65 53204.99 54477.41 54388.66 53410.07 53326.85 55213.41 58592.2 62504.13 64344.43 66152.41 65813.38 64284.3 63689.09 65017.36 68080.2 70729.45 71422 71310.45 71395.73 71353.85 74614.7 77409.37 79958.88 82980.66 84925.72
-9999 -9999 31147.46 31366.04 31634.77 31905.9 32170.78 32353.2 32439.34 32539.73 32630.14 32555.28 32466.83 32409.13 32484.04 32576.63 32622.32 32843.32 33028.91 33329.42 33686.46 34151.52 34719.32 35081.05 35172.32 35190.52 34986.49 34802.97 34623.66 34857.55 35463.93 36415.99 37858.71 39574.06 40830.5 41482.57 42606.46 44745.61 48163.57 52233.46 54984.34 56391.66 56566.49 57053.2 58781.89 61426.99 64521.55 65268.34 66545.78 66376.95 65099.32 64764.55 66141.68 68801.11 70586.98 70382.4 69474.48 69417.17 70445.88 72273.71 73011.79 75938.65 78927.77 82000.8
-9999 -9999 31225.14 31387.22 31622.62 31807.66 31993.94 32291.35 32380.72 32456.1 32550.23 32473.74 32332.76 32293.58 32331.55 32381.18 32445.49 32686 32822.28 33042.13 33348.31 33723.54 34072.18 34309.18 34290.98 34400.42 34338.46 34493.51 34830.01 35653.19 36789.04 38176.79 39436.23 40208.95 40211.24 39938.67 40419.07 42447.54 46140.5 50779.95 54664.97 57409.02 59236.24 61147.9 63515.63 64972.62 66293.42 66193.05 66062.84 65502.7 64693.69 64722.63 65826.78 67447.92 68446.95 68131.85 67024.01 66840.65 67844 69367.52 70768.77 72443.88 74348.3 77720.43
-9999 31240.43 31327.59 31443.79 31625.15 31753.49 31896.21 32210.8 32348.77 32393.21 32460.61 32388.05 32272.87 32246.97 32299.41 32324.06 32378.46 32526.09 32745.7 32837.09 33002.82 33279.79 33559.53 33752.45 33717.59 33801.1 33996.89 34560.18 35525.34 37202.85 39359.61 41458.63 42667.1 42399.34 41066.14 39837.11 39767.39 41586.09 45127.46 49530.72 53804.3 57482.04 60875.88 64015.54 67006.91 68402.68 68247.23 66882.3 65473.75 64756.45 64340.07 64573.2 65173.04 65945.13 66513.89 66199.43 65514.78 65199.85 65691.66 66744.66 68243.55 69603.16 71664.67 73882.55
-9999 31452.7 31356.39 31412.14 31477.44 31692.44 31897.84 32016.95 32248.3 32374.82 32336.19 32287.68 32271.45 32212.12 32230.48 32280.61 32251.92 32365.13 32554.97 32739.07 32796.33 32893.01 33094.06 33269.11 33340.91 33506.1 33972.45 34961.19 36792.35 39485.88 42826.98 45348.7 46163.5 44737.6 42302.57 40376.39 40182.2 42066.52 45311.2 49231.04 53032.43 56993.52 61226.96 65158.49 68185.52 70020.81 69232.33 66679.66 65107.44 64294.66 64017.54 64452.94 64867.03 65508.46 66274.22 66225.78 65878.41 65280.91 65155.43 65496.51 66304.63 67531.35 69522.38 71492.77
-9999 31579.16 31458.04 31364.39 31444.18 31589.75 31806.74 31852.98 32158.21 32282.01 32265.85 32349.38 32303.82 32189.85 32203.59 32208.38 32154.61 32312.39 32379.79 32411.96 32594.42 32650.23 32831.91 32860.92 33110.68 33427.42 34157.57 35596.89 38148.2 41833.87 45785.77 47984.5 47787 45391.7 42404.73 40591.1 40998.96 43181.8 46404.21 49781.46 52844.51 56247.54 60175.03 64660.46 67551.28 68820.66 67933.81 65551.16 64607.99 63439.95 63271.44 64033.49 64868.65 66048.55 67627.82 68379.39 68153.63 67119.61 66271.7 66009.54 66306.25 66819.55 67731.57 69865.2
-9999 31419.83 31318.06 31347.47 31453.21 31532.15 31580.17 31781.95 32063.3 32056.62 32157.59 32148.81 32179.42 32176.99 32191.64 32081.19 31944.11 32041.43 32172.77 32284.18 32291.25 32307.8 32345.01 32532.04 32736.75 33246.23 34210.05 36260.04 38995.29 43044.86 46386.91 47602.1 46281.82 43250.37 40567.83 39689.65 41252.31 43699.49 47041.66 50035.95 52581.3 55039.48 57853.61 61358.3 64390.38 66270.59 66130.53 64760.13 63457.19 62620.84 62775.7 63759.43 64994.91 66797.07 69367.34 71023.2 71366.37 70135.8 68781.41 67926.38 67781.64 67798.53 67827.99 68778.65
-9999 31319.19 31308.24 31318.16 31310 31445.37 31554.77 31762.52 32005.82 31999.66 32112.29 32117.6 32131.75 32043.27 31982.58 31968.59 31893.27 32017.74 32009.67 32111 32109.03 32153.4 32279.95 32344.69 32556.33 32847.19 33698.42 35460.69 38209.69 41316.28 43464.16 43793.19 42096.88 39661.73 38014.64 38057.13 39783.84 42479.61 45546.81 48577.93 50705.39 52521.36 54475.56 56841.21 59556.7 62159.93 63295.89 63335.18 62692.66 62195.93 62369.93 63389.15 64665.63 66773.27 70215.21 72808.83 73888.03 73564.71 71829.07 70491.78 69904.42 69811.52 69624.45 69797.21
-9999 31297.43 31291.15 31239.77 31252.65 31394.93 31527.83 31734.23 31847.7 31989.2 32036.51 32112.25 32096.3 31946.05 31855.86 31791.24 31721.2 31823.81 31866.47 31726.13 31828.81 31875.54 32015.79 32128.58 32374.35 32607.6 33217.82 34466.02 36693.8 39068.04 40405.73 40054.39 38504.87 36853.39 36027.21 36236.25 37585.64 39949.86 42861.44 45310.11 47182.94 48419.42 49891.48 52092.97 55489.34 58965.5 61448.76 62658.23 62653.34 62112.7 62056.94 62674.44 64532.48 66559.02 69168.5 72351.57 74546.27 75433.08 74691.88 72831.9 71874.47 71975.38 72404.31 72477.76
-9999 31224.11 31219.79 31199.81 31242.59 31368.6 31508.39 31660.25 31759.96 31973.9 32003.49 32091.42 32032.84 31968.37 31841.32 31760.27 31676.04 31594.77 31567.38 31476.79 31546.85 31635.48 31761.07 31932.51 32132.97 32274.48 32750.35 33971.38 35903.95 38111.63 39160.51 38434.95 36836.77 35470.06 34925.41 35237.45 36225.97 37844.91 40164.99 42476.45 43848.84 44580.02 45729.41 48330.21 52386.73 56594.41 59887.55 61940.75 62519.65 62326.68 61631.59 61418.16 62469.94 64683.93 66560.01 69382.82 72349.81 74242.9 74619.25 73714.08 73492.41 74131.82 75547.61 75809.9
-9999 31112.12 31135.21 31195.55 31217.86 31377.93 31501.26 31608.6 31701.74 31958.6 31995.04 32077.22 31984.85 31972.09 31850.96 31757.28 31623.53 31439.3 31335.28 31397.81 31416.67 31473.42 31540.55 31734.72 31936.26 32013.47 32445.77 33881.7 36198.98 38635.16 39452.3 38321.52 36372.81 34953.67 34545.31 34824.61 35519 36821.98 38784.45 40745.57 41716.33 41972.42 42870.29 45556.37 49733.24 54294.95 57963.57 60706.19 61926.34 61778.13 60677.52 59540.81 59520.07 60993.39 63178.57 66042.88 68072.37 70713.61 72514.56 73164.16 73678.9 75163.7 75717.98 75531.52
-9999 31003.98 31093.05 31175.7 31204.82 31396.6 31494.96 31601.93 31654.3 31949.32 31981.98 32032.52 31968.45 31941.78 31836.43 31700.67 31524.21 31370.86 31225.34 31296.79 31309.28 31340.13 31351.05 31489.98 31739.53 31860.06 32285.8 33886.55 36433.2 38993.7 39507.72 38158.59 36030.75 34628.92 34324.46 34652.85 35299.72 36593.7 38287.61 39926.39 40369.41 40346.2 41056.84 43571.01 47405.5 51613.71 55642.4 58715.98 60535.2 60314.61 58908.29 57378.38 56608.37 57294.99 59046.62 61387.54 63711.23 67082.27 69224.01 71500.49 73284.43 75550.22 76452.41 76497.49
-9999 30937.56 31102.24 31149.87 31254.9 31397.52 31467.53 31591.41 31654.61 31928.32 31971.77 31948.99 31936.48 31928.59 31810.13 31639.67 31467.92 31351.12 31153.93 31108.03 31159.35 31214.7 31220.18 31277.58 31484.86 31697.62 32119.17 33592.8 35641.01 37774.82 38086.57 36902.07 35250.37 34260.84 34092.76 34525.19 35234.61 36472.76 37907.42 39184.13 39106.68 39014.59 39731.61 41953.86 45174.98 48755.96 52892.16 56161.37 58046.4 57836.97 56363.93 55061.78 54303.04 54743.5 55832.05 57418.53 59857.85 63101.9 66308.59 69322.69 72369.67 75313.09 77256.02 77833.7
-9999 31022.5 31134.24 31211.7 31316.44 31436.92 31413.14 31563.77 31649.57 31878.64 31971.45 31938.46 31864.15 31872.63 31787.25 31619.01 31458.97 31335.47 31119.69 31000.07 31123.73 31128.44 31165.73 31213.12 31276.11 31487.13 31860.36 32848.84 34078.2 35365.48 35621.42 34912.29 34184.83 33855.45 33869.27 34276.18 34940.9 36001.96 37234.52 37903.53 37658.36 37611.32 38472.73 40354.26 42868 45840.43 49586.7 53002.34 54768.78 54715.63 53438.98 52624.91 52684.25 53607.93 54541.3 55612.29 57303.3 60070.29 64307.21 67411.3 71096.77 74342.32 77170.31 78310.01
-9999 -9999 31262.03 31268.95 31356.31 31482.58 31482.97 31599.77 31639.65 31862.59 31952.89 31959.47 31862.96 31869.51 31780.04 31610.71 31450.08 31288.79 31100.91 30981.11 31036.69 31050.92 31131.6 31163.03 31265.58 31423.98 31639.27 32158.6 32748.08 33525.65 33610.16 33574.12 33331.14 33320.77 33430.91 33751.74 34360 35250.35 36192.46 36357.96 36214.63 36280.8 37108.14 38682.53 40575.68 42884.82 45963.19 49245.7 51304.16 51413.93 50465.97 50254.54 51593.49 53498.38 54893.55 55835.2 56876.56 59453.72 63493.42 66560.9 69666.34 72665.21 75915.73 77980.77
-9999 -9999 31138.71 31209.54 31410.56 31544.06 31525.05 31673.05 31743.84 31707.1 31947 31954.03 31902.23 31853.1 31853.13 31731.44 31571.46 31404.1 31112.87 30971.97 31087.49 31025.91 31105.58 31135.54 31326.41 31467.54 31753.55 32064.19 32377.83 32411.64 32603.57 32716.21 32906.23 33049.6 33280.15 33426.52 33832.67 34482.67 34975.23 35284.68 35030.64 35156.55 35799.98 36969.37 38550.69 40500.25 43024.4 45784.18 47751.58 47892.14 47516.91 48404.05 51021.41 53904.85 56089.29 57287.59 58443.96 60710.51 64128.67 66827.8 68330.93 70461.34 73599.54 76776.72
-9999 -9999 31076.09 31176.96 31312.6 31495.48 31562.17 31736.71 31838.59 31776.32 31891.22 31955.71 31925.23 31845.02 31850.63 31774.16 31601.11 31452.38 31160.1 31097.38 31083.4 31138.85 31104.43 31174.42 31281.98 31425.8 31616.57 31937.99 32115.17 32385.89 32417.61 32530.39 32704.72 32845.9 33084.18 33348.06 33551.65 33970.25 34290.41 34667.84 34671.26 34808.72 35119.75 35670.81 36689.68 38484.31 40817.59 43103.01 44876.93 45268.72 45674.65 47581.28 51312.75 54996.62 57635.78 59325.09 60567.67 62372.97 64935.16 66725.2 67606.88 68031.66 70283.07 73174.49
-9999 -9999 31023.39 31211.69 31279.86 31422.55 31525.06 31806.87 31879.39 31846.08 31821.13 31949.24 31923.3 31828.65 31839.92 31821.26 31710.77 31494.08 31302.85 31125.91 31206.85 31226.43 31220.04 31241.41 31293.23 31412.54 31540.38 31959.22 32074.05 32238.77 32373.07 32409.62 32508.89 32615.06 32876.59 33130.55 33396.93 33619.87 33832.95 34336.87 34449.34 34661.13 34833.97 35156.51 35918.85 37215.33 39202.11 41092.99 42439.45 43493.45 45267.01 48772.96 53599.9 57397.21 59875.22 61282.59 62360.61 63864.98 65655.16 66522.78 66361.1 66726.53 67524.04 68873.08
-9999 -9999 -9999 31105.27 31235.62 31352.63 31444.14 31704.93 31813.96 31818.75 31788.95 31966.94 31932.73 31873.72 31814.62 31803.18 31751.12 31623.65 31424.17 31248.63 31246.12 31236.61 31261.84 31308.73 31328.55 31372.09 31450.76 31794.07 31863.43 32031.46 32289.29 32311.85 32399.66 32497.41 32711.01 32936.88 33272.78 33475.8 33604.64 33900.85 34281.49 34505.91 34742.18 34926.25 35337.16 36283.27 37800.89 39413.16 40559.96 42441.33 45829.81 50613 55804.59 59792.88 61783.5 62886.74 63998.12 65419.32 66463.39 66293.86 65857.06 65260.51 65400.92 66477.41
-9999 -9999 -9999 30922.02 31119.63 31275.21 31330.97 31543.9 31740.9 31774.38 31779.79 31895.01 31910.93 31900.95 31780.94 31744.18 31729.2 31661.05 31499.56 31371.93 31329.33 31287.76 31248.87 31291.43 31325.2 31329.63 31388.25 31588.19 31620.56 31828.32 32080.74 32183.99 32263.2 32413.68 32596.79 32800.99 33033.91 33387.41 33484.9 33628.34 34097.24 34425.57 34664.86 34911.84 35185.93 35714.7 36744.64 37883.95 38959.48 41671.3 46318.66 51914.54 57277.46 61023.97 62811.86 63872.59 65266.88 66746.82 67459.52 66824.41 65402.04 64192.79 63506.41 63905.37
-9999 -9999 -9999 30821.93 30975.28 31149.64 31230.13 31403.33 31618.59 31718.72 31729.18 31737.9 31802.21 31841.44 31767.78 31717.21 31706.49 31648.11 31558.98 31451.5 31415.41 31372.64 31225.44 31239.76 31297.26 31304.27 31342.54 31474.06 31498.05 31634.09 31899.23 32041.25 32152.97 32327.21 32504.82 32705.68 32882.79 33272.92 33428.87 33592.36 33988.01 34277.36 34548.07 34862.14 35087.47 35362.14 35905.48 36679.79 37949.6 41043.26 46359.11 52420.04 57586.74 61018.44 62683.61 63999.31 65817.93 67474.71 67843.38 66773.6 64659.27 62755.73 61775.38 61650.6
-9999 -9999 -9999 30766.03 30879.89 30985.31 31162.97 31232.4 31342.55 31550.11 31592.39 31617.19 31644.22 31668.1 31716.99 31710.38 31676.92 31695.72 31632.48 31524.28 31420.93 31393.35 31198.96 31214.36 31268.52 31292.66 31299.88 31398.79 31473.71 31498.5 31779.31 31928.62 32111.61 32233.45 32411.07 32637.72 32877.67 33239.63 33414.63 33593.28 33846.48 34089.73 34433.34 34734.2 35001.21 35193.01 35353.79 36027 37422.09 40592.08 46121.13 52104.76 56921.94 60056.23 61788.65 63434.7 65513.15 67186.73 67257.25 65854.77 63374.85 61134.7 60107.3 59782.09
-9999 -9999 -9999 -9999 30812.79 30902.46 31014.13 31104.05 31118.71 31281.8 31391.13 31509.77 31552.85 31385.69 31491.04 31608.04 31598.19 31660.56 31684.79 31563.32 31453.26 31347.81 31201.39 31174.42 31216.66 31269.11 31279.85 31285.33 31432.51 31478.21 31599.37 31825.28 32043.14 32134.42 32307.53 32601.34 32873.73 33313.8 33411.32 33529.71 33632.33 33987.34 34343.29 34607.18 34995.19 35240.69 35292.21 35966.77 37354.84 40492.98 45841.89 51255.39 55627.98 58481.72 60395.12 62209.22 64366.41 65953.53 65989.45 64515.27 61989.46 59811.92 58825.07 58512.67
-9999 -9999 -9999 -9999 30623.41 30727.06 30862.1 30984.34 31078.8 31097.06 31095.75 31288.66 31376.44 31369.19 31381.34 31471.49 31614.44 31595.12 31570.63 31533.77 31352.65 31347.51 31311.65 31158.65 31166.33 31175.83 31235.22 31268.52 31352.49 31454.5 31475.06 31619.39 31861.93 32061.13 32203.33 32591.12 32881.23 33316.67 33418.55 33564.53 33603.34 33912.29 34211.04 34492.93 34917.13 35416.7 35736.92 36365.74 37872.79 40743.49 45405.88 50119.03 53932.82 56496.96 58467.16 60330.03 62533.95 64128.75 64356.02 63145.41 61011.95 59033.11 58062.77 57922.4
-9999 -9999 -9999 -9999 30439.85 30523 30659.77 30764.37 30892.77 31001.05 31005.87 31106.47 31206.6 31303.5 31368.5 31373.45 31379.36 31399.08 31345.04 31326 31335.13 31334.59 31296.71 31150.46 31123.5 31122.26 31173.03 31237.06 31267.57 31370.22 31447.54 31488.54 31786.25 32040.99 32194.1 32577.42 33159.61 33615.48 33618.54 33479 33564.68 33688.03 33975.27 34366.41 34850.02 35485.21 36264.48 37041.6 38449.52 40748.29 44366.93 48311.28 51902.64 54110.53 56018.67 58092.3 60217.26 61824.47 62204.67 61607.14 60230.12 58592.02 57496.78 57713.09
