Dropbox/GRP Data/GRP mammal paper/NN_analysis/DATA/2014 input files/ss_c_bio_5.asc
ncols         211
nrows         307
xllcorner     27099.1390263
yllcorner     -314514.2499113
cellsize      821.1860311
NODATA_value  -9999
[rows 58 to 86 of 307, columns 64 to 127 of 211]
2479.413 2411.1 2461.684 2489.788 2499.577 2481.931 2457.494 2448.465 2466.192 2476.121 2420.095 2399.857 2434.113 2562.428 2659.872 2641.477 2544.719 2419.12 2320.175 2240.183 2147.446 2041.693 1965.75 1928.887 1898.94 1841.668 1750.338 1825.517 1899.776 1859.693 1799.074 1733.994 1676.769 1673.07 1789.811 1815.876 1600.921 1481.335 1539.795 1599.444 1605.673 1481.205 1409.715 1469.662 1534.057 1698.326 2029.714 2352.953 2302.931 2037.22 1821.974 1685.57 1697.822 1572.709 1893.787 2278.826 2396.486 2108.803 1893.294 1693.182 1527.966 1429.248 1499.355 1480.306
2548.18 2504.364 2546.833 2525.482 2523.5 2500.034 2470.529 2470.074 2508.306 2528.365 2522.634 2531.18 2583.001 2642.305 2674.84 2642.153 2467.724 2364.528 2273.105 2166.17 2079.174 2067.951 2018.061 1975.655 1940.383 1899.926 1831.972 1856.5 1927.02 1917.522 1859.984 1828.254 1803.879 1814.061 1899.551 1797.462 1619.341 1511.664 1660.771 1744.548 1663.729 1543.773 1478.343 1473.63 1562.387 1609.027 1952.528 2204.893 2427.255 2318.84 2054.036 2004.462 1994.965 1872.691 2136.444 2402.083 2383.949 2025.341 1782.636 1604.139 1505.694 1546.297 1542.374 1476.723
2664.236 2631.303 2575.799 2517.981 2523.018 2519.552 2503.303 2503.604 2527.559 2550.232 2563.184 2600.443 2682.42 2710.584 2702.517 2640.321 2401.394 2241.531 2171.979 2103.758 2020.206 2025.239 1995.465 1973.541 1949.029 1873.882 1862.975 1911.213 1954.277 1992.116 1939.333 1907.26 1918.351 1932.057 1967.697 1823.857 1649.234 1609.426 1817.343 1734.583 1628.022 1563.08 1573.95 1568.778 1458.136 1504.465 1639.067 1980.195 2298.608 2496.104 2341.855 2295.021 2301.888 2316.125 2390.162 2600.836 2393.497 2151.552 1968.5 1723.759 1620.075 1647.625 1497.167 1422.238
2726.447 2655.917 2518.855 2478.276 2500.641 2519.206 2513.19 2501.829 2516.089 2549.818 2577.891 2617.594 2718.063 2734.128 2693.812 2595.012 2361 2159.119 2068.921 2036.438 1979.636 1999.817 1967.944 1914.567 1876.215 1797.607 1825.893 1931.884 1977.037 2028.017 2024.883 1996.037 2007.095 2044.789 2035.147 1905.809 1712.942 1708.287 1902.245 1708.803 1553.291 1543.922 1643.544 1633.56 1475.167 1469.75 1599.124 1776.523 2019.543 2390.845 2539.628 2589.043 2653.875 2675.052 2650.902 2591.861 2347.128 2338.288 2302.898 2149.657 1890.216 1628.272 1451.583 1483.533
2662.026 2565.619 2484.296 2451.339 2456.797 2473.194 2468.866 2459.311 2486.138 2537.456 2593.526 2634.698 2730.647 2736.316 2655.962 2518.952 2328.993 2140.956 2037.238 2025.551 2030.955 2033.217 1982.125 1900.153 1818.676 1747.878 1808.493 1922.568 1990.1 2063.646 2093.239 2080.8 2114.122 2149.852 2067.822 1935.433 1727.535 1798.093 1986.358 1792.706 1665.063 1641.14 1734.813 1750.908 1615.504 1592.815 1607.118 1677.321 1882.99 2197.418 2510.545 2691.408 2687.238 2631.251 2583.286 2382.6 2102.107 2014.001 2091.293 2144.403 1976.814 1771.942 1652.669 1628.207
2613.415 2522.406 2487.064 2449.544 2408.063 2397.1 2428.711 2459.927 2494.089 2545.074 2601.188 2667.856 2728.66 2736.604 2634.593 2464.028 2322.636 2186.092 2118.191 2124.319 2147.557 2077.597 2012.034 1938.269 1816.382 1757.256 1823.99 1926.664 2004.365 2082.692 2143.644 2162.251 2199.627 2183.798 2068.186 1916.803 1743.837 1866.08 2040.026 1871.029 1749.29 1746.581 1826.584 1875.311 1749.762 1753.486 1727.206 1680.783 1938.313 2257.222 2580.03 2680.731 2500.415 2359.518 2367.695 2114.953 1824.473 1753.369 1836.349 1901.051 1840.813 1778.015 1703.969 1658.918
2734.165 2542.93 2495.192 2462.904 2412.763 2393.72 2425.756 2444.881 2491.378 2571.384 2608.211 2717.222 2754.278 2730.066 2618.161 2443.574 2376.969 2304.438 2233.736 2233.552 2177.453 2090.381 2036.699 1967.074 1836.294 1810.941 1862.772 1977.036 2041.017 2095.839 2186.22 2229.582 2242.759 2163.055 2034.849 1874.701 1802.259 1945.807 2075.05 1900.765 1772.978 1822.347 1919.506 1963.003 1901.322 1912.79 1842.876 1792.849 2124.896 2472.598 2671.181 2629.222 2376.518 2185.96 2168.58 1986.527 1760.25 1641.187 1698.362 1729.974 1659.522 1568.037 1547.277 1573.683
2807.927 2666.653 2530.872 2460.429 2413.96 2414.45 2462.54 2506.412 2540.762 2588.274 2746.666 2864.54 2821.664 2719.061 2631.014 2503.346 2434.79 2342.183 2249.772 2232.018 2188.018 2143.521 2109.647 2049.154 1924.58 1898.085 1986.688 2069.422 2101.963 2176.447 2225.319 2262.016 2274.056 2172.214 2000.759 1848.719 1892.875 2062.064 2117.333 1937.862 1869.554 1919.765 2010.616 2033.252 2057.052 2050.021 1969.508 2058.249 2391.181 2652.046 2674.502 2550.824 2346.818 2101.674 1972.848 1844.863 1731.011 1606.989 1586.515 1631.394 1573.915 1434.89 1362.407 1412.873
2870.029 2734.021 2607.68 2494.731 2439.443 2417.133 2464.106 2527.413 2586.572 2608.111 2793.551 2869.008 2736.124 2672.842 2615.204 2548.571 2466.943 2342.229 2303.759 2242.891 2213.333 2197.413 2149.18 2064.155 1992.21 1974.47 2087.106 2180.679 2174.295 2203.355 2261.862 2294.27 2286.399 2187.476 2058.242 1932.626 2019.374 2173.93 2135.77 2017.389 2057.044 2076.58 2119.552 2166.745 2239.489 2235.565 2264.241 2442.817 2620.77 2651.503 2564.97 2445.468 2282.871 2052.813 1863.053 1730.33 1687.393 1606.556 1514.092 1534.451 1535.814 1393.033 1323.158 1397.125
2835.808 2754.276 2644.945 2538.755 2491.848 2453.842 2472.956 2527.561 2589.595 2663.643 2843.102 2841.956 2652.617 2635.204 2616.408 2527.731 2424.359 2328.58 2308.701 2232.718 2202.78 2179.181 2164.06 2133.244 2094.031 2081.937 2184.062 2217.544 2208.153 2223.668 2293.942 2346.828 2362.819 2221.721 2052.086 2026.928 2123.875 2266.614 2165.954 2103.119 2201.407 2296.178 2368.938 2447.23 2609.601 2603.229 2664.958 2697.579 2584.155 2416.935 2370.175 2335.935 2131.187 2011.987 1884.177 1765.12 1694.785 1609.571 1507.837 1430.432 1436.393 1367.084 1394.68 1504.446
2817.027 2739.214 2631.582 2551.229 2509.824 2479.648 2478.917 2531.756 2606.419 2719.393 2880.4 2883.506 2691.865 2629.421 2599.102 2512.162 2352.583 2267.69 2256.923 2218.68 2204.243 2154.839 2137.059 2128.205 2110.533 2118.863 2164.43 2211.044 2237.06 2283.799 2329.421 2370.45 2378.457 2265.778 2131.918 2072.318 2149.861 2313.077 2265.816 2448.016 2629.2 2765.709 2809.565 2793.104 2681.317 2585.255 2542.071 2414.823 2169.81 2062.176 2148.047 2250.598 2015.084 1858.857 1813.559 1777.916 1679.15 1587.267 1499.112 1383.759 1310.075 1357.779 1468.66 1618.319
2823.587 2721.96 2633.812 2592.451 2545.895 2509.557 2519.803 2593.159 2678.258 2817.399 2945.469 2910.664 2718.483 2592.09 2549.836 2488.059 2341.581 2231.457 2206.738 2175.64 2176.809 2146.385 2116.069 2103.101 2085.572 2117.507 2164.354 2191.588 2242.51 2294.875 2339.253 2396.615 2407.347 2343.952 2232.928 2158.708 2180.01 2388.394 2704.824 2831.828 2825.319 2720.308 2529.087 2367.814 2239.682 2111.049 2134.215 2131.76 1955.757 1882.704 1992.427 2186.318 1977.64 1789.305 1766.917 1721.181 1675.856 1605.843 1525.059 1454.885 1363.405 1394.338 1573.515 1836.735
2939.358 2755.221 2725.557 2721.644 2656.3 2611.133 2637.902 2760.534 2852.285 2955.716 3021.872 2906.059 2707.047 2549.929 2486.194 2413.563 2309.15 2215.24 2146.098 2092.739 2114.503 2107.001 2062.934 2032.842 2047.535 2107.363 2146.842 2159.444 2218.602 2267.687 2332.365 2406.936 2459.798 2426.016 2318.073 2283.285 2387.938 2722.57 2910.45 2755.282 2521.775 2357.468 2218.749 2033.995 2000.797 1942.2 1972.01 1999.374 1947.759 1790.282 1835.264 2104.54 2072.277 1910.025 1859.976 1810.807 1729.544 1659.526 1608.052 1492.023 1440.201 1519.576 1719.316 1974.934
3225.643 2928.809 2952.299 2927.15 2815.787 2795.73 2828.217 2988.113 3059.942 3058.085 3001.77 2851.635 2674.313 2539.86 2450.615 2356.926 2258.248 2172.832 2081.48 2042.046 2044.511 2022.139 1970.058 1962.924 2008.248 2038.174 2053.653 2080.001 2127.864 2225.641 2302.48 2364.485 2446.328 2557.123 2539.487 2598.022 2763.972 2926.024 2696.016 2435.079 2226.459 2115.814 2075.279 1888.907 1872.212 1809.723 1916.166 1898.485 1903.464 1749.915 1726.084 1990.126 2065.27 1905.466 1788.412 1725.918 1733.354 1572.59 1504.068 1461.898 1441.794 1665.176 1971.163 1951.557
3356.465 3309.574 3292.134 3147.042 2965.707 2974.4 3025.351 3134.245 3113.319 3018.124 2813.369 2698.779 2600.22 2536.992 2465.623 2439.376 2327.894 2156.512 2070.638 2117.611 2050.711 1982.995 1902.468 1911.916 1955.117 1953.928 1966.502 1977.291 2007.053 2140.34 2244.614 2303.308 2420.371 2676.231 2837.523 2913.728 2854.6 2803.983 2448.968 2136.412 2045.756 2015.199 1998.98 1821.06 1769.085 1725.422 1864.612 1771.044 1860.094 1749.881 1743.115 1932.131 1950.193 1863.301 1766.017 1690.064 1715.448 1534.759 1479.872 1493.15 1570.151 1889.923 1995.714 1714.418
3481.397 3462.936 3410.691 3312.427 3194.197 3152.431 3172.655 3145.606 3013.71 2799.934 2626.554 2545.76 2537.599 2523.554 2505.123 2642.604 2578.044 2323.345 2175.418 2327.884 2219.425 2135.833 1980.506 1906.905 1911.127 1950.613 2009.052 1988.589 1996.198 2064.48 2190.824 2296.202 2464.762 2761.199 2993.044 2888.714 2593.876 2449.67 2247.462 1973.454 1930.219 1956.229 1932.225 1790.881 1685.53 1706.774 1789.476 1677.088 1819.763 1758.113 1759.079 1849.158 1828.673 1812.437 1713.575 1653.975 1654.786 1536.01 1514.769 1589.163 1686.859 1991.455 1966.534 1612.336
3365.778 3350.506 3332.943 3351.121 3309.421 3245.663 3106.933 2941.531 2797.474 2715.548 2597.764 2652.79 2649.881 2636.521 2620.415 2796.944 2802.965 2583.306 2365.298 2593.672 2455.593 2479.477 2276.038 2155.716 2015.326 1973.53 2107.768 2227.04 2188.886 2181.246 2225.426 2366.262 2586.251 2875.234 2939.858 2563.594 2341.423 2153.3 1983.845 1869.652 1838.915 1883.045 1860.419 1759.407 1643.676 1708.626 1709.982 1640.073 1782.431 1746.729 1725.195 1747.499 1735.457 1746.289 1634.539 1568.039 1568.583 1519.712 1532.826 1653.187 1790.233 2074.224 2028.107 1701.599
3359.234 3264.819 3195.454 3244.577 3243.303 3149.94 3002.627 2897.97 2825.473 2743.244 2693.733 2778.93 2854.377 2809.247 2737.282 2872.74 2896.677 2646.073 2568.721 2821.908 2756.987 2568.215 2439.962 2360.367 2201.826 2067.721 2132.685 2345.609 2344.877 2397.33 2433.847 2440.307 2817.255 3017.015 2904.003 2559.958 2195.833 2117.78 1923.517 1716.947 1744.68 1786.647 1756.996 1676.659 1623.291 1666.224 1636.724 1609.811 1740.52 1715.284 1669.009 1674.826 1651.412 1663.249 1579.725 1481.989 1475.814 1497.131 1550.414 1659.3 1792.94 2066.118 2159.292 1933.949
3359.544 3305.435 3228.268 3253.536 3224.692 3188.03 3179.785 3150.524 3128.938 3053.663 2969.67 2886.431 3052.273 3051.911 2876.486 2932.162 3040.197 2842.239 2884.402 3046.648 2850.638 2536.433 2565.197 2578.233 2400.72 2276.781 2279.061 2396.429 2512.132 2501.051 2630.099 2599.923 2890.897 3046.169 2819.862 2415.376 2099.74 1917.89 1843.967 1704.259 1645.316 1658.643 1659.026 1649.157 1586.469 1589.45 1562.758 1565.002 1658.236 1674.603 1605.921 1617.69 1573.106 1590.715 1560.148 1472.787 1416.778 1488.669 1574.762 1627.885 1690.593 1944.778 2244.484 2215.33
3416.729 3359.547 3312.54 3323.111 3272.989 3292.108 3331.726 3317.47 3319.081 3279.933 3223.167 3064.249 3192.541 3243.522 3083.993 3038.203 3147.331 3111.394 3127.908 2959.521 2746.802 2574.179 2558.57 2703.551 2615.351 2520.403 2502.952 2511.292 2557.459 2729.168 2803.315 2985.865 3048.384 2851.923 2713.198 2535.181 2318.996 2173.882 1933.99 1649.866 1564.981 1560.991 1582.072 1595.202 1661.141 1712.256 1595.589 1559.732 1589.274 1567.342 1577.05 1582.199 1548.79 1574.475 1554.087 1521.223 1454.512 1450.289 1539.708 1591.637 1660.467 1894.113 2240.435 2415.446
3504.977 3422.373 3405.39 3402.413 3357.312 3397.223 3429.149 3399.385 3425.817 3399.448 3362.251 3256.258 3305.066 3377.856 3296.312 3206.907 3242.258 3269.49 3152.531 2889.809 2821.911 2670.541 2617.91 2778.568 2807.398 2724.545 2697.596 2685.107 2705.272 2994.203 3114.108 3112.468 2891.234 2649.276 2470.939 2469.716 2406.846 2269.3 2049.355 1753.729 1648.209 1710.578 1741.112 1779.729 1859.253 1829.23 1739.027 1795.611 1741.745 1596.524 1520.363 1551.811 1636.468 1673.765 1619.234 1539.044 1497.166 1410.559 1543.623 1711.52 1839.013 2026.398 2261.383 2428.636
3568.47 3518.547 3510.651 3492.764 3463.363 3483.152 3505.995 3477.729 3475.116 3481.378 3443.98 3421.239 3406.193 3440.102 3419.383 3369.462 3348.349 3360.368 3218.056 3046.064 3069.936 2867.086 2824.634 2876.724 2948.14 2889.165 2883.324 2882.88 2929.665 3188.469 3073.813 2925.039 2645.073 2474.447 2275.486 2192.768 2229.466 2182.15 1964.881 1824.942 1870.209 1895.003 1913.968 1998.829 2058.347 1995.688 1976.242 1945.624 1840.717 1703.498 1548.24 1547.502 1634.36 1705.4 1630.026 1581.598 1512.149 1534.138 1707.345 1839.536 1993.739 2289.723 2466.825 2356.691
3595.034 3575.8 3552.158 3543.881 3532.186 3503.766 3496.676 3502.582 3422.348 3486.925 3472.285 3494.84 3427.703 3364.048 3375.745 3381.727 3334.864 3347.337 3349.385 3286.404 3293.854 3119.746 3108.776 3053.11 3086.277 3065.988 3106.967 3142.009 3172.161 3280.865 2953.206 2675.372 2433.724 2302.043 2188.765 2047.305 1995.734 1992.157 1908.295 1974.7 2084.622 2073.881 2068.505 2154.303 2210.529 2196.234 2135.925 2092.659 1999.797 1866.903 1689.005 1550.471 1583 1697.359 1681.899 1650.858 1711.063 1701.309 1782.099 1855.623 1992.613 2347.314 2384.384 2093.748
3549.01 3506.891 3439.628 3428.604 3440.954 3388.47 3367.8 3405.617 3333.828 3341.26 3337.558 3391.006 3323.823 3177.317 3163.298 3153.83 3077.36 3145.234 3329.295 3355.401 3353.718 3297.387 3315.607 3276.064 3261.279 3247.64 3268.237 3259.925 3195.832 3224.061 2946.196 2566.791 2313.854 2143.981 2104.378 2045.941 1960.298 1993.17 1995.66 2118.993 2251.365 2226.223 2210.167 2238.657 2327.254 2371.135 2305.959 2254.989 2143.936 1962.043 1728.846 1556.892 1589.153 1729.318 1730.879 1737.948 1890.134 1884.016 1845.32 1947.228 2130.702 2402.814 2263.223 2011.846
3482.596 3519.647 3515.093 3492.874 3460.973 3399.173 3335.549 3328.167 3238.632 3163.183 3164.763 3231.336 3305.845 3178.396 2934.549 2817.243 2774.084 2925.132 3167.099 3221.222 3234.995 3270.645 3293.655 3393.282 3388.19 3363.5 3272.598 3121.868 2977.004 3043.945 2887.073 2569.172 2311.531 2087.408 2026.609 2092.323 2103.49 2163.056 2200.103 2219.375 2379.48 2366.742 2312.102 2279.345 2412.667 2510.966 2448.092 2321.514 2170.016 1979.121 1738.779 1607.997 1687.753 1825.706 1748.568 1810.017 2039.036 2064.202 1926.224 2002.856 2259.337 2360.521 2068.332 1852.452
3395.608 3422.071 3459.132 3409.953 3428.977 3422.908 3364.141 3294.245 3120.74 2915.464 2855.651 3039.34 3193.127 3179.822 2940.585 2716.49 2630.977 2769.79 2827.423 2885.688 2941.107 2939.025 3009.739 3178.867 3313.64 3373.732 3338.131 3243.101 3100.685 2957.19 2768.977 2582.094 2443.666 2251.858 2150.957 2238.489 2253.587 2273.609 2404.901 2373.899 2485.55 2502.199 2402.8 2331.573 2466.896 2616.189 2529.509 2354.789 2203.823 2014.587 1839.825 1753.158 1820.386 1960.29 1823.771 1917.844 2161.098 2199.687 2015.36 2025.818 2340.137 2284.802 2005.209 1910.335
3340.941 3406.972 3389.219 3369.007 3389.75 3395.629 3324.499 3179.459 3017.513 2852.732 2720.185 2792.08 3049.498 3073.821 2817.154 2610.684 2501.192 2534.344 2606.722 2649.393 2696.856 2860.326 2968.692 3120.889 3192.758 3191.376 3214.473 3304.498 3285.602 3249.242 3163.611 2884.223 2779.234 2673.176 2512.378 2479.535 2477.162 2517.751 2521.781 2614.919 2595.19 2592.195 2566.021 2430.406 2505.453 2681.5 2611.812 2497.423 2346.401 2125.719 2025.557 1961.944 1947.299 2099.668 1973.536 2041.311 2254.121 2267.556 2062.902 2106.2 2450.336 2290.184 2090.84 2020.065
3335.54 3399.361 3374.882 3313.794 3318.724 3369.164 3322.121 3140.827 2926.8 2791.639 2671.646 2651.333 2840.381 2886.909 2729.304 2588.18 2463.81 2454.985 2549.327 2598.391 2672.789 2858.038 3052.576 3139.351 3152.328 3059.961 2940.232 3002.02 3206.548 3304.647 3238.58 3171.171 3058.058 2955.033 2804.86 2811.986 2740.835 2771.483 2739.897 2756.04 2668.203 2684.436 2664.594 2484.818 2564.365 2741.972 2722.2 2600.765 2343.237 2238.198 2193.708 2108.998 2096.448 2232.732 2100.104 2103.723 2338.126 2310.006 2090.422 2240.488 2593.459 2338.862 2132.967 1971.141
3283.751 3365.012 3358.796 3301.199 3313.486 3360.733 3337.764 3208.564 2961.311 2750.866 2626.079 2580.895 2635.153 2661.165 2635.383 2575.04 2497.205 2518.582 2571.787 2626.612 2673.142 2745.089 2935.319 3044.862 2983.947 2968.614 2851.714 2775.129 2934.713 3057.622 3034.533 3173.794 3197.106 3162.903 3109.967 3081.852 3055.232 3029.103 2980.444 2881.279 2799.49 2878.867 2836.567 2780.252 2799.421 2813.14 2697.207 2551.519 2367.08 2406.481 2291.236 2157.74 2236.652 2342.558 2210.47 2199.956 2481.676 2431.109 2231.229 2289.688 2671.261 2329.908 2036.889 1880.785
