Dropbox/GRP Data/GRP mammal paper/NN_analysis/DATA/2014 input files/ss_c_bio_5.asc
ncols         211
nrows         307
xllcorner     27099.1390263
yllcorner     -314514.2499113
cellsize      821.1860311
NODATA_value  -9999
[rows 0 to 28 of 307, columns 64 to 127 of 211]
-9999 -9999 -9999 -9999 -9999 -9999 -9999 -9999 -9999 -9999 -9999 -9999 -9999 -9999 -9999 -9999 -9999 -9999 -9999 -9999 -9999 -9999 -9999 -9999 -9999 -9999 -9999 -9999 -9999 -9999 -9999 -9999 -9999 -9999 -9999 -9999 -9999 -9999 -9999 -9999 1816.262 1912.466 1931.894 1830.244 1789.317 -9999 -9999 -9999 -9999 -9999 -9999 -9999 -9999 -9999 -9999 -9999 -9999 -9999 -9999 -9999 -9999 -9999 -9999 -9999
-9999 -9999 -9999 -9999 -9999 -9999 -9999 -9999 -9999 -9999 -9999 -9999 -9999 -9999 -9999 -9999 -9999 -9999 -9999 -9999 -9999 -9999 -9999 -9999 -9999 -9999 -9999 -9999 -9999 -9999 -9999 -9999 -9999 -9999 -9999 1514.261 1528.18 1866.603 1896.953 1736.869 1736.55 1829.522 1889.092 1844.709 1829.503 2115.189 2352.763 2682.159 3001.671 3301.012 -9999 -9999 -9999 -9999 -9999 -9999 -9999 -9999 -9999 -9999 -9999 -9999 -9999 -9999
-9999 -9999 -9999 -9999 -9999 -9999 -9999 -9999 -9999 -9999 -9999 -9999 -9999 -9999 -9999 -9999 -9999 -9999 -9999 -9999 -9999 -9999 -9999 -9999 -9999 -9999 -9999 -9999 -9999 -9999 -9999 -9999 -9999 1715.29 1558.38 1427.458 1594.004 1873.174 1852.031 1658.031 1675.469 1711.917 1809.831 1763.561 1781.707 2094.925 2361.959 2701.396 3047.412 3295.273 3394.393 3457.696 3493.48 -9999 -9999 -9999 -9999 -9999 -9999 -9999 -9999 -9999 -9999 -9999
-9999 -9999 -9999 -9999 -9999 -9999 -9999 -9999 -9999 -9999 -9999 -9999 -9999 -9999 -9999 -9999 -9999 -9999 -9999 -9999 -9999 -9999 -9999 -9999 -9999 -9999 -9999 -9999 -9999 -9999 -9999 1725.478 1716.109 1576.567 1467.979 1459.858 1723.968 1878.706 1791.859 1594.905 1585.887 1618.182 1701.103 1657.138 1767.93 2079.857 2319.962 2714.402 3089.555 3263.937 3344.146 3405.042 3453.052 3493.322 3531.814 -9999 -9999 -9999 -9999 -9999 -9999 -9999 -9999 -9999
-9999 -9999 -9999 -9999 -9999 -9999 -9999 -9999 -9999 -9999 -9999 -9999 -9999 -9999 -9999 -9999 -9999 -9999 -9999 -9999 -9999 -9999 -9999 -9999 -9999 -9999 -9999 -9999 -9999 1602.39 1541.341 1610.273 1606.584 1469.982 1485.623 1670.557 1819.306 1864.333 1667.863 1491.139 1491.353 1590.165 1609.799 1674.495 1918.461 2168.755 2388.449 2816.966 3102.799 3220.728 3293.968 3374.492 3436.842 3481.424 3521.333 3550.774 -9999 -9999 -9999 -9999 -9999 -9999 -9999 -9999
-9999 -9999 -9999 -9999 -9999 -9999 -9999 -9999 -9999 -9999 -9999 -9999 -9999 -9999 -9999 -9999 -9999 -9999 -9999 -9999 -9999 -9999 -9999 -9999 -9999 -9999 -9999 -9999 1983.698 1730.044 1555.707 1520.019 1558.609 1494.852 1534.861 1709.957 1839.349 1854.647 1575.657 1338.582 1470.53 1575.206 1635.324 1838.463 2145.451 2334.466 2553.505 2909.86 3093.267 3186.675 3279.888 3388.539 3450.799 3490.843 3524.518 3544.638 3562.696 3573.641 -9999 -9999 -9999 -9999 -9999 -9999
-9999 -9999 -9999 -9999 -9999 -9999 -9999 -9999 -9999 -9999 -9999 -9999 -9999 -9999 -9999 -9999 -9999 -9999 -9999 -9999 -9999 -9999 -9999 -9999 -9999 -9999 1701.017 1922.753 2049.282 1772.36 1718.266 1625.874 1486.496 1481.834 1561.335 1716.657 1870.687 1815.824 1587.658 1478.027 1548.753 1571.611 1768.132 1943.314 2273.484 2589.385 2845.908 3035.49 3076.299 3167.802 3303.251 3382.206 3440.751 3490.806 3526.239 3537.146 3547.638 3560.095 3571.743 -9999 -9999 -9999 -9999 -9999
-9999 -9999 -9999 -9999 -9999 -9999 -9999 -9999 -9999 -9999 -9999 -9999 -9999 -9999 -9999 -9999 -9999 -9999 -9999 -9999 -9999 -9999 -9999 -9999 -9999 1526.761 1551.075 1732.429 1986.467 1816.68 1618.834 1633.493 1539.683 1437.707 1490.466 1682.11 1832.009 1797.098 1656.113 1692.367 1635.49 1619.156 1869.006 2185.207 2357.23 2641.191 2938.813 2847.142 2764.258 3018.496 3240.602 3323.581 3397.109 3460.254 3497.342 3499.645 3510.94 3529.473 3542.019 3558.749 -9999 -9999 -9999 -9999
-9999 -9999 -9999 -9999 -9999 -9999 -9999 -9999 -9999 -9999 -9999 -9999 -9999 -9999 -9999 -9999 -9999 -9999 -9999 -9999 -9999 -9999 -9999 -9999 1554.088 1465.538 1442.094 1580.924 1795.683 1818.171 1551.281 1530.04 1503.609 1405.838 1445.235 1662.148 1758.644 1669.816 1732.823 1840.164 1797.739 1657.929 1840.763 2173.057 2452.615 2774.21 2830.312 2557.082 2547.961 2859.221 3121.441 3257.503 3357.031 3423.778 3454.087 3447.133 3465.888 3476.014 3476.816 3452.508 3470.65 -9999 -9999 -9999
-9999 -9999 -9999 -9999 -9999 -9999 -9999 -9999 -9999 -9999 -9999 -9999 -9999 -9999 -9999 -9999 -9999 -9999 -9999 -9999 -9999 -9999 -9999 1693.668 1595.299 1502.233 1425.751 1484.451 1588.979 1652.906 1517.776 1378.594 1414.708 1453.688 1438.522 1563.892 1618.556 1606.009 1783.998 1938.725 1959.899 1810.783 1899.666 2211.216 2565.494 2797.048 2610.493 2224.105 2349.135 2691.029 2865.832 3063.275 3250.922 3353.065 3391.59 3393.813 3413.594 3419.359 3347.264 3295.68 3327.827 3360.744 -9999 -9999
-9999 -9999 -9999 -9999 -9999 -9999 -9999 -9999 -9999 -9999 -9999 -9999 -9999 -9999 -9999 -9999 -9999 -9999 -9999 -9999 -9999 -9999 1988.451 1810.158 1644.308 1563.508 1493.902 1476.926 1476.775 1448.118 1459.14 1355.695 1444.733 1555.603 1488.47 1454.821 1530.949 1630.776 1774.128 1963.524 2057.307 2083.126 2162.911 2397.527 2674.745 2689.529 2381.471 2001.012 2157.315 2437.543 2601.993 2883.138 3136.903 3261.056 3318.472 3339.758 3360.221 3358.717 3286.897 3273.599 3272.763 3289.933 -9999 -9999
-9999 -9999 -9999 -9999 -9999 -9999 -9999 -9999 -9999 -9999 -9999 -9999 -9999 -9999 -9999 -9999 -9999 -9999 -9999 -9999 -9999 2030.656 2086.417 1975.574 1736.909 1619.214 1590.622 1520.564 1418.361 1337.917 1445.141 1493.701 1567.664 1588.504 1515.449 1429.707 1522.863 1666.571 1719.577 1913.599 2018.38 2216.007 2413.812 2561.944 2637.733 2465.072 2128.881 1820.557 1965.576 2159.863 2379.146 2718.049 3011.529 3160.327 3244.344 3274.974 3283.508 3297.804 3224.191 3236.458 3278.761 3323.526 3420.469 -9999
-9999 -9999 -9999 -9999 -9999 -9999 -9999 -9999 -9999 -9999 -9999 -9999 -9999 -9999 -9999 -9999 -9999 -9999 -9999 -9999 1900.129 1840.092 1973.36 2005.198 1823.549 1732.364 1713.798 1548.621 1349.385 1342.299 1568.129 1606.361 1595.572 1511.447 1478.573 1512.238 1580.44 1689.746 1751.16 1916.88 1968.534 2160.525 2394.036 2478.626 2469.938 2274.099 1914.303 1645.802 1795.503 2000.015 2280.981 2612.767 2922.275 3093.94 3181.191 3193.991 3177.347 3210.177 3189.479 3230.866 3288.696 3332.25 3382.435 3435.792
-9999 -9999 -9999 -9999 -9999 -9999 -9999 -9999 -9999 -9999 -9999 -9999 -9999 -9999 -9999 -9999 -9999 -9999 -9999 1893.036 1842.57 1758.393 1855.123 1982.888 1985.092 1955.073 1911.941 1759.793 1563.705 1604.951 1620.449 1545.758 1529.618 1493.89 1509.114 1642.492 1714.341 1770.811 1951.342 2048.723 1996.593 2064.344 2120.012 2171.89 2292.161 2187.839 1789.389 1466.042 1630.411 1910.807 2235.015 2562.014 2873.808 3044.254 3119.521 3123.348 3099.425 3138.131 3180.568 3218.184 3257.052 3285.766 3336.852 3387.928
-9999 -9999 -9999 -9999 -9999 -9999 -9999 -9999 -9999 -9999 -9999 -9999 -9999 -9999 -9999 -9999 -9999 1881.105 1753.984 1715.486 1738.178 1730.296 1757.831 1922.846 1943.524 1739.676 1663.606 1756.308 1699.385 1625.741 1536.196 1581.45 1452.695 1440.664 1514.529 1627.328 1706.246 1844.635 1989.144 1975.8 1697.139 1777.394 1871.646 1991.201 2111.122 2017.268 1680.44 1328.339 1493.439 1799.118 2155.109 2539.234 2830.991 2972.379 3049.933 3074.775 3060.018 3119.834 3178.973 3195.469 3216.239 3240.793 3296.009 3335.675
-9999 -9999 -9999 -9999 -9999 -9999 -9999 -9999 -9999 -9999 -9999 -9999 -9999 -9999 -9999 -9999 1930.378 1798.431 1692.579 1595.617 1613.88 1612.266 1699.095 1839.485 1932.416 1807.54 1656.916 1640.828 1588.502 1533.349 1523.235 1550.351 1545.445 1487.629 1444.033 1541.186 1639.011 1793.324 1911.388 1912.263 1691.945 1640.826 1756.948 1938.651 1878.121 1729.483 1585.718 1519.555 1647.054 1998.205 2295.089 2616.121 2790.058 2909.107 2989.617 3019.931 3013.646 3123.087 3169.513 3201.628 3207.9 3224.865 3246.09 3272.455
-9999 -9999 -9999 -9999 -9999 -9999 -9999 -9999 -9999 -9999 -9999 -9999 -9999 -9999 -9999 2162.043 1968.752 1803.846 1655.889 1529.395 1508.005 1536.21 1638.016 1752.652 1874.555 1866.45 1768.642 1721.889 1666.292 1632.256 1582.113 1572.425 1557.318 1468.515 1405.65 1501.447 1574.885 1647.702 1813.065 1795.086 1694.521 1636.724 1773.314 1886.418 1821.573 1762.005 1765.749 1962.902 2052.37 2195.749 2419.335 2581.601 2731.229 2863.92 2938.412 2959.795 3054.827 3107.333 3129.908 3156.736 3165.478 3172.625 3172.926 3226.317
-9999 -9999 -9999 -9999 -9999 -9999 -9999 -9999 -9999 -9999 -9999 -9999 -9999 -9999 2417.314 2288.958 2087.967 1918.866 1765.457 1640.519 1510.499 1435.576 1572.294 1713.671 1817.436 1820.15 1720.929 1556.424 1489.868 1611.553 1604.539 1552.766 1550.739 1464.474 1407.569 1442.163 1552.673 1616.051 1734.021 1760.106 1732.768 1700.446 1726.97 1782.402 1759.818 1897.073 2043.523 2099.677 2191.687 2295.92 2462.401 2611.606 2735.175 2819.071 2876.066 2897.952 3000.192 3020.273 3054.198 3096.587 3102.118 3095.117 3119.432 3214.579
-9999 -9999 -9999 -9999 -9999 -9999 -9999 -9999 -9999 -9999 -9999 -9999 -9999 2519.839 2468.748 2389.444 2212.986 2064.093 1925.365 1797.419 1618.572 1421.814 1555.839 1703.035 1761.186 1739.707 1665.048 1451.054 1322.389 1457.176 1559.671 1514.066 1473.626 1488.23 1445.69 1401.597 1520.399 1617.821 1743.453 1786.343 1793.057 1738.326 1690.238 1684.782 1778.498 1932.025 1982.348 1758.623 1864.444 2187.382 2421.972 2584.692 2684.534 2757.881 2763.037 2814.691 2823.526 2856.646 2918.385 2988.022 3003.222 3032.785 3106.988 3173.985
-9999 -9999 -9999 -9999 -9999 -9999 -9999 -9999 -9999 -9999 -9999 -9999 2419.901 2489.076 2443.524 2429.56 2287.976 2123.573 1976.654 1824.27 1698.488 1516.369 1565.625 1673.852 1701.749 1676.456 1656.449 1516.596 1332.32 1334.57 1423.238 1462.113 1415.42 1536.175 1509.515 1431.498 1544.378 1696.922 1780.71 1796.476 1801.15 1738.14 1662.388 1617.726 1759.183 1815.464 1757.158 1499.225 1734.046 2142.729 2420.763 2553.531 2643.297 2707.717 2700.995 2743.577 2763.102 2818.967 2861.062 2907.72 2955.916 2953.109 2979.426 3077.738
-9999 -9999 -9999 -9999 -9999 -9999 -9999 -9999 -9999 -9999 -9999 2254.917 2380.786 2376.862 2382.384 2419.098 2270.412 2064.499 1946.434 1785.925 1650.268 1529.773 1512.66 1608.436 1650.304 1620.934 1606.24 1556.017 1402.409 1312.152 1279.459 1427.124 1424.527 1593.147 1608.428 1591.883 1689.885 1780.851 1769.695 1767.651 1773.856 1723.025 1646.856 1598.813 1648.179 1591.588 1555.223 1491.395 1750.076 2143.797 2402.526 2492.432 2591.274 2655.319 2664.624 2704.905 2713.548 2741.342 2839.582 2883.066 2851.476 2838.091 2880.544 2925.84
-9999 -9999 -9999 -9999 -9999 -9999 -9999 -9999 -9999 2044.513 2051.193 2171.517 2308.479 2341.474 2393.91 2391.14 2218.075 1949.173 1861 1798.744 1630.538 1435.789 1441.304 1536.359 1593.073 1567.163 1559.822 1545.658 1439.624 1320.109 1278.526 1469.273 1424.3 1593.849 1702.951 1812.363 1846.507 1751.174 1697.848 1716.472 1718.728 1689.901 1644.081 1602.975 1511.075 1414.531 1525.02 1656.808 1854.538 2171.535 2351.07 2442.576 2537.674 2597.39 2628.52 2657.731 2662.053 2739.379 2805.239 2780.125 2732.647 2702.115 2730.486 2681.643
-9999 -9999 -9999 -9999 -9999 -9999 -9999 -9999 1982.67 1962.299 1984.612 2132.634 2255.705 2340.402 2418.005 2351.366 2080.719 1840.432 1755.215 1691.04 1600.755 1529.384 1440.134 1515.895 1576.885 1445.432 1482.552 1482.913 1423.596 1429.762 1347.922 1506.232 1449.226 1463.271 1673.6 1842.852 1765.852 1644.264 1616.48 1644.652 1598.915 1616.627 1638.708 1598.784 1465.647 1374.261 1582.622 1767.791 1948.035 2202.602 2307.846 2423.889 2484.156 2538.949 2575.271 2591.303 2653.454 2723.9 2705.221 2614.148 2608.037 2577.591 2537.124 2423.897
-9999 -9999 -9999 -9999 -9999 -9999 -9999 1898.11 1871.893 1864.852 1952.411 2077.073 2225.858 2361.783 2414.263 2367.59 2153.963 1920.502 1792.248 1646.192 1645.91 1657.66 1577.214 1599.171 1646.263 1419.488 1432.599 1457.137 1382.401 1467.269 1410.473 1510.349 1531.886 1605.259 1774.505 1821.315 1639.183 1544.417 1530.576 1553.011 1556.838 1550.341 1612.192 1629.781 1548.984 1363.501 1430.306 1628.133 1820.341 2155.722 2284.546 2380.77 2407.726 2472.867 2496.729 2531.741 2662.528 2576.477 2532.738 2472.011 2468.927 2412.607 2330.719 2222.133
-9999 -9999 -9999 -9999 -9999 -9999 1765.657 1780.439 1768.799 1837.037 1955.699 2029.99 2156.831 2339.677 2398.173 2360.656 2196.465 1974.146 1839.115 1751.146 1763.414 1782.874 1698.422 1695.966 1713.746 1606.431 1580.731 1493.746 1402.981 1495.409 1465.523 1508.007 1749.888 1893.346 1936.93 1883.724 1757.424 1669.786 1594.063 1582.969 1584.371 1586.59 1598.894 1594.142 1568.904 1435.356 1400.822 1634.553 1837.267 2049.663 2202.998 2280.644 2322.6 2382.79 2408.223 2491.578 2593.389 2417.57 2361.135 2355.338 2315.932 2181.053 2130.157 2076.76
-9999 -9999 -9999 -9999 -9999 1893.566 1825.713 1769.394 1734.61 1837.792 1959.052 1995.872 2083.358 2264.787 2381.567 2372.08 2295.563 2118.979 1974.331 1944.162 1966.649 1929.444 1848.175 1834.677 1780.035 1732.396 1664.401 1521.248 1491.423 1518.865 1556.573 1653.02 1925.457 1881.016 1730.134 1749.944 1811.705 1779.531 1707.551 1634.465 1596.536 1608.923 1616.21 1588.402 1596.527 1515.278 1435.771 1421.357 1513.252 1825.907 2064.874 2191.657 2293.934 2341.196 2364.015 2459.002 2530.445 2363.212 2259.239 2217.821 2116.724 2039.353 1978.881 1950.122
-9999 -9999 -9999 -9999 1943.037 1929.167 1888.011 1841.309 1771.643 1833.959 1946.493 1968.395 2021.778 2175.142 2340.57 2384.695 2373.119 2277.925 2161.866 2155.469 2177.523 2127.311 2055.66 2019.376 1920.736 1812.691 1675.715 1562.697 1603.194 1618.538 1714.783 1877.893 1872.004 1664.949 1579.331 1619.981 1708.245 1735.935 1743.353 1719.851 1665.948 1647.604 1633.156 1619.488 1626.679 1538.565 1458.459 1512.928 1655.123 1826.068 1926.775 2111.904 2249.569 2299.727 2355.564 2445.921 2478.846 2367.653 2207.095 2067.862 1952.557 1831.573 1793.671 1810.499
-9999 -9999 -9999 1948.093 1965.611 1932.8 1913.418 1897.596 1830.964 1825.559 1913.186 1934.998 1966.772 2074.308 2249.513 2354.703 2379.504 2360.345 2306.945 2300.628 2303.309 2279.827 2250.783 2209.097 2093.864 1932.038 1724.775 1655.438 1742.383 1845.755 1882.522 1862.123 1701.642 1509.964 1454.529 1491.889 1578.08 1617.886 1684.362 1713.59 1693.085 1679.006 1646.396 1635.204 1631.585 1564.642 1502.31 1418.285 1490.429 1719.106 1763.696 1990.26 2154.097 2304.157 2379.458 2339.586 2294.413 2374.632 2223.834 2039.464 1874.284 1763.459 1722.078 1825.975
-9999 -9999 1967.525 1968.716 1983.739 1968.206 1950.707 1935.695 1867.83 1815.956 1858.635 1892.115 1914.045 1955.066 2123.713 2272.214 2355.205 2369.274 2353.704 2322.187 2264.322 2223.683 2285.792 2322.174 2227.995 2100.752 1890.349 1832.705 1896.577 2056.4 1929.125 1667.323 1533.835 1438.41 1361.903 1359.253 1435.343 1491.942 1610.964 1632.172 1594.821 1618.583 1614.496 1599.339 1595.549 1585.809 1624.621 1577.176 1635.905 1767.874 1829.202 2016.534 2133.019 2281.96 2308.074 2127.375 2112.151 2327.273 2201.369 1988.26 1814.976 1741.507 1734.419 1829.844
