Dropbox/GRP Data/GRP mammal paper/NN_analysis/DATA/2014 input files/ss_c_bio_1.asc
ncols         211
nrows         307
xllcorner     27099.1390263
yllcorner     -314514.2499113
cellsize      821.1860311
NODATA_value  -9999
[rows 190 to 227 of 307, columns 87 to 173 of 211]
1756 1789 1795 1802 1802 1798 1784 1744 1702 1640 1596 1591 1577 1556 1600 1706 1700 1675 1629 1555 1435 1414 1420 1325 1312 1345 1344 1291 1178 1049 970 930 876 812 822 817 810 820 849 921 1023 1021 1052 1086 1099 1112 1165 1240 1187 1107 984 876 756 612 627 697 697 671 644 616 599 556 566 539 503 526 568 540 569 579 583 579 592 664 736 774 825 834 836 859 889 932 980 1021 1060 1031 964
1768 1775 1781 1784 1797 1794 1788 1757 1697 1662 1658 1668 1674 1705 1695 1656 1649 1576 1522 1530 1503 1467 1419 1375 1357 1354 1332 1234 1106 1030 977 939 806 758 850 879 882 891 899 940 1020 1026 1089 1096 1108 1110 1163 1247 1218 1132 1005 893 744 564 581 661 668 656 642 631 594 551 560 542 489 505 533 531 559 587 613 592 579 652 746 804 835 841 808 829 863 900 975 1042 1065 1040 995
1784 1782 1770 1767 1771 1780 1783 1772 1746 1742 1746 1750 1745 1701 1622 1584 1580 1559 1479 1416 1456 1444 1415 1406 1363 1358 1275 1178 1128 1051 970 935 800 780 840 898 925 914 915 929 999 1030 1107 1127 1136 1125 1161 1251 1261 1165 1035 921 764 591 577 617 616 624 637 643 606 564 553 542 498 491 499 519 572 592 620 622 584 600 709 804 827 845 799 796 814 854 937 1044 1072 1043 1002
1790 1786 1765 1760 1763 1772 1772 1767 1761 1741 1736 1735 1739 1651 1578 1539 1469 1446 1413 1350 1336 1387 1429 1409 1385 1343 1266 1169 1071 1016 966 838 810 808 842 892 932 933 999 1084 1060 1059 1117 1168 1169 1178 1208 1265 1248 1160 1013 923 773 660 611 577 560 591 630 636 606 575 555 536 516 501 491 519 624 667 650 641 634 643 717 804 823 891 884 884 875 894 946 1050 1064 1045 1026
1786 1784 1763 1757 1757 1758 1748 1725 1727 1721 1693 1681 1652 1651 1571 1533 1432 1382 1350 1315 1271 1294 1394 1325 1322 1313 1262 1186 1081 1013 977 877 838 852 887 971 953 986 1024 1057 1084 1105 1134 1195 1205 1223 1259 1291 1214 1150 1053 963 801 720 661 599 555 586 622 623 588 570 558 528 517 532 532 568 672 755 730 713 733 752 789 832 848 903 955 968 924 955 1026 1079 1078 1052 1035
1780 1782 1761 1754 1746 1742 1725 1683 1677 1680 1657 1571 1593 1638 1599 1565 1469 1360 1301 1282 1249 1235 1280 1287 1227 1229 1196 1129 1074 1023 979 892 876 925 948 974 985 1028 1061 1088 1119 1132 1152 1196 1214 1235 1296 1276 1155 1060 992 921 848 835 817 708 667 640 607 625 599 563 540 522 514 560 614 667 704 787 811 817 826 841 867 881 908 939 1013 1024 955 983 1077 1088 1063 1014 986
1773 1777 1759 1753 1739 1726 1710 1662 1644 1639 1641 1495 1567 1602 1597 1583 1502 1350 1275 1251 1235 1213 1190 1227 1167 1130 1118 1051 1002 959 926 883 882 920 951 966 985 1042 1077 1097 1124 1138 1174 1193 1211 1247 1299 1272 1160 1067 988 955 923 899 873 776 771 714 637 614 623 593 550 562 595 665 667 738 765 805 843 851 865 885 913 928 981 1027 1072 1063 1004 1014 1093 1077 1036 979 949
1765 1764 1762 1754 1744 1705 1687 1648 1634 1634 1639 1523 1528 1555 1531 1545 1498 1340 1263 1232 1211 1185 1120 1148 1135 1064 1044 987 939 897 880 889 886 905 939 959 974 1020 1069 1090 1110 1125 1148 1174 1196 1244 1299 1289 1239 1140 1043 1039 1013 954 872 817 783 744 644 589 581 575 528 561 580 707 723 737 774 823 876 902 915 935 955 967 1024 1066 1092 1085 1066 1082 1109 1063 1029 980 961
1761 1761 1757 1759 1760 1702 1654 1628 1654 1649 1627 1557 1510 1449 1441 1477 1487 1333 1248 1220 1188 1143 1049 1063 1078 1041 992 938 900 879 881 905 904 928 954 964 972 999 1056 1077 1096 1111 1127 1160 1220 1250 1290 1302 1290 1225 1142 1111 1082 995 882 847 792 745 649 584 542 564 523 559 622 657 735 769 806 852 903 932 951 969 980 988 1009 1055 1102 1114 1118 1136 1099 1045 1027 980 976
1759 1757 1757 1756 1755 1739 1696 1648 1652 1660 1635 1621 1534 1337 1335 1439 1454 1329 1220 1201 1184 1135 1050 957 988 1025 987 923 875 887 913 923 931 965 984 974 973 999 1043 1066 1095 1111 1131 1155 1212 1266 1328 1343 1320 1278 1201 1129 1099 1028 916 850 798 761 654 603 552 560 573 536 625 700 743 755 746 809 850 898 937 970 1008 1021 1058 1068 1084 1117 1131 1148 1132 1049 990 972 969
1767 1755 1773 1772 1771 1757 1732 1674 1676 1673 1686 1637 1572 1499 1310 1320 1370 1265 1194 1191 1175 1122 1091 1042 952 997 1014 973 940 929 945 954 959 974 997 980 974 1003 1027 1056 1088 1100 1117 1136 1147 1269 1387 1373 1299 1251 1164 1097 1064 1032 951 832 774 735 665 623 570 543 578 529 625 721 744 742 666 721 835 893 930 956 972 1020 1041 1086 1098 1123 1135 1151 1137 1035 962 940 916
1774 1770 1759 1787 1796 1777 1768 1757 1762 1757 1717 1646 1581 1479 1328 1300 1350 1302 1304 1313 1285 1205 1166 1124 1035 1057 1066 1020 955 938 945 950 966 973 1008 1002 987 1001 1010 1038 1049 1057 1065 1096 1100 1246 1403 1358 1243 1187 1093 1053 1021 1009 965 846 746 697 658 633 589 536 557 550 594 717 737 740 612 681 828 875 884 915 945 973 1013 1074 1104 1127 1137 1154 1141 1051 969 960 870
1808 1760 1738 1802 1825 1815 1812 1806 1801 1793 1732 1646 1610 1497 1333 1310 1362 1338 1414 1407 1345 1301 1238 1152 1105 1136 1099 1021 956 929 934 949 971 990 1012 1003 1007 1004 990 1002 1047 1074 1054 1088 1126 1239 1409 1359 1245 1189 1093 1036 1001 990 970 907 756 706 645 619 591 537 545 572 578 657 694 697 619 679 813 839 856 889 918 949 979 1021 1044 1122 1144 1161 1151 1096 1007 974 858
1851 1750 1722 1783 1821 1848 1858 1851 1828 1822 1784 1725 1685 1570 1418 1397 1460 1475 1491 1431 1358 1307 1272 1172 1164 1174 1084 979 953 954 972 957 964 994 1012 1009 998 1010 993 994 1048 1075 1057 1085 1206 1405 1421 1379 1245 1190 1097 1029 974 964 965 943 804 738 665 585 570 547 543 569 602 603 646 628 652 675 773 806 853 886 910 953 972 995 1002 1079 1150 1164 1157 1095 1013 984 869
1882 1793 1736 1754 1805 1860 1875 1866 1844 1845 1836 1813 1765 1654 1545 1484 1538 1579 1528 1426 1350 1314 1333 1239 1250 1172 1068 1004 977 991 992 941 940 981 1024 1030 1006 957 963 997 1047 1116 1165 1189 1293 1404 1405 1317 1285 1206 1108 1019 902 854 850 891 829 753 673 587 591 600 546 553 609 627 638 595 650 665 728 793 854 894 936 973 990 1002 999 1039 1150 1165 1159 1098 1022 984 921
1893 1871 1804 1787 1808 1849 1857 1842 1827 1828 1830 1840 1814 1745 1668 1580 1615 1616 1540 1422 1367 1369 1396 1314 1263 1168 1088 1032 1010 1023 1000 932 930 957 983 973 954 930 985 1037 1073 1112 1211 1259 1376 1420 1317 1229 1159 1146 1065 926 833 795 784 792 784 752 667 640 632 612 552 534 569 577 595 588 638 673 734 799 848 900 961 994 1005 987 1013 1041 1146 1161 1143 1092 1034 988 961
1876 1884 1900 1889 1825 1828 1840 1824 1794 1776 1775 1806 1813 1818 1765 1688 1699 1607 1523 1416 1401 1437 1419 1326 1220 1183 1121 1062 1059 1068 1043 965 946 965 970 934 877 873 961 1032 1067 1105 1196 1305 1406 1444 1417 1314 1168 1119 1063 922 859 819 809 798 787 751 711 704 675 620 602 577 572 579 589 680 664 693 729 796 833 891 937 973 988 939 1042 1068 1137 1142 1101 1060 1032 1002 980
1867 1887 1915 1894 1866 1832 1837 1813 1779 1753 1735 1731 1749 1782 1816 1744 1711 1566 1509 1440 1430 1478 1413 1286 1215 1216 1162 1141 1148 1144 1126 1056 1006 987 979 918 842 831 937 1018 1047 1102 1183 1309 1343 1451 1482 1438 1299 1153 1141 980 886 863 847 835 806 777 762 731 669 645 662 615 585 625 641 653 736 676 685 717 755 804 883 904 889 965 1053 1105 1113 1106 1063 1063 1036 1004 997
1860 1900 1908 1900 1877 1851 1844 1823 1784 1733 1662 1680 1674 1703 1827 1821 1729 1608 1645 1587 1513 1521 1419 1304 1277 1274 1251 1261 1258 1219 1188 1125 1052 976 947 894 843 833 939 1021 1055 1109 1177 1261 1265 1427 1475 1502 1439 1295 1232 1032 878 818 790 804 807 788 785 759 710 681 688 628 586 646 642 747 796 787 796 803 792 787 810 841 962 1017 1086 1104 1106 1107 1068 1067 1045 956 934
1859 1897 1910 1906 1884 1876 1863 1826 1792 1739 1662 1676 1668 1694 1772 1782 1787 1773 1766 1706 1649 1553 1415 1384 1395 1392 1370 1332 1296 1224 1160 1067 988 934 887 876 820 853 924 1009 1068 1109 1143 1174 1193 1357 1416 1484 1509 1446 1321 1135 962 835 734 712 737 754 771 755 737 714 701 631 592 655 661 796 838 853 871 888 878 828 801 883 986 1046 1085 1071 1102 1084 1068 1080 1068 1027 956
1866 1893 1911 1911 1901 1896 1879 1837 1785 1754 1719 1699 1655 1660 1734 1649 1611 1680 1685 1678 1620 1501 1435 1444 1443 1398 1361 1328 1294 1223 1166 1127 1031 948 918 852 795 879 911 956 1033 1068 1082 1087 1106 1254 1330 1433 1520 1503 1399 1275 1117 991 820 687 656 685 714 722 735 730 716 662 638 670 713 825 863 878 904 929 931 875 828 873 997 1064 1075 1072 1060 1046 1037 1046 1062 1092 1035
1860 1881 1904 1908 1908 1901 1861 1825 1791 1776 1759 1726 1676 1652 1674 1579 1491 1554 1551 1539 1556 1544 1519 1475 1427 1384 1362 1338 1308 1266 1213 1139 1004 926 875 816 790 877 942 969 1007 1055 1053 1056 1126 1227 1327 1424 1509 1536 1439 1350 1210 1156 1004 794 682 649 641 675 715 732 731 705 689 690 739 823 864 872 904 935 950 927 884 885 976 1068 1115 985 973 979 1019 1019 1075 1148 1066
1859 1874 1896 1904 1903 1889 1854 1822 1809 1800 1776 1729 1667 1598 1549 1470 1388 1406 1407 1433 1480 1513 1524 1481 1420 1361 1341 1323 1303 1270 1202 1073 968 888 839 789 786 867 939 959 951 987 1045 1082 1178 1275 1340 1388 1452 1561 1518 1439 1361 1227 1073 923 821 696 611 618 676 730 736 728 713 715 734 787 832 851 891 931 955 963 943 928 1023 1095 1090 935 953 1024 1054 1041 1112 1181 1080
1869 1880 1895 1901 1902 1885 1864 1837 1829 1818 1773 1710 1654 1574 1485 1430 1373 1347 1367 1431 1453 1466 1466 1414 1335 1276 1278 1273 1266 1261 1193 1046 956 908 854 792 789 849 912 951 931 903 922 1014 1081 1136 1187 1385 1502 1564 1544 1420 1266 1172 1164 1093 883 723 631 589 634 712 729 734 735 746 740 761 783 831 876 915 941 965 994 1000 1107 1144 1058 979 1041 1156 1122 1108 1175 1159 1059
1872 1889 1895 1900 1910 1900 1868 1852 1846 1828 1766 1704 1658 1599 1517 1469 1436 1386 1404 1472 1468 1451 1423 1368 1267 1255 1240 1183 1180 1208 1180 1095 1010 980 905 827 787 804 879 933 904 855 871 936 963 1073 1172 1302 1470 1555 1552 1468 1395 1338 1227 1025 873 801 695 631 618 651 689 723 726 724 721 771 773 811 844 875 894 949 1048 1108 1154 1189 1097 1069 1183 1273 1214 1210 1243 1138 1043
1869 1887 1893 1900 1915 1900 1864 1862 1859 1831 1777 1723 1662 1611 1548 1500 1505 1459 1460 1515 1515 1488 1456 1388 1311 1315 1246 1128 1123 1167 1175 1150 1060 1010 917 845 771 778 863 921 895 853 865 909 922 1059 1178 1292 1393 1522 1557 1502 1462 1407 1260 1078 883 793 699 638 636 651 678 703 719 761 788 802 810 814 831 872 895 962 1101 1201 1228 1246 1151 1161 1284 1326 1309 1309 1288 1174 1076
1854 1875 1888 1902 1915 1904 1889 1883 1864 1831 1783 1719 1656 1605 1529 1518 1560 1542 1555 1596 1601 1574 1551 1458 1430 1378 1287 1168 1152 1172 1174 1142 1061 986 886 837 770 796 857 901 889 865 899 980 1013 1093 1162 1338 1420 1505 1556 1491 1453 1369 1222 1124 969 845 775 712 689 667 703 692 712 774 813 818 820 840 855 873 906 968 1106 1218 1247 1259 1296 1303 1293 1326 1325 1323 1299 1233 1133
1851 1873 1894 1910 1913 1906 1900 1884 1841 1824 1789 1716 1657 1630 1587 1592 1625 1624 1676 1682 1676 1649 1613 1547 1484 1387 1341 1222 1185 1159 1130 1071 1023 946 856 821 783 831 857 879 892 894 960 1074 1146 1196 1223 1375 1489 1536 1528 1471 1399 1312 1214 1123 946 845 818 793 729 692 746 733 732 776 827 843 851 868 877 893 934 1012 1108 1205 1254 1274 1336 1327 1234 1241 1262 1295 1277 1221 1181
1870 1884 1899 1916 1911 1906 1901 1885 1855 1808 1759 1726 1694 1700 1686 1686 1694 1692 1681 1674 1672 1644 1590 1499 1389 1266 1252 1108 1059 1053 1035 995 967 903 845 806 778 841 861 877 920 945 1011 1109 1208 1300 1336 1408 1541 1572 1452 1360 1313 1252 1203 1137 961 839 826 828 745 730 773 756 747 770 824 850 867 887 897 914 970 1050 1109 1171 1241 1311 1354 1335 1234 1224 1234 1255 1234 1194 1217
1879 1901 1905 1911 1902 1902 1903 1872 1854 1835 1816 1803 1772 1763 1750 1748 1666 1558 1545 1529 1494 1488 1447 1330 1271 1219 1205 1115 1039 1034 1015 982 951 906 849 829 799 838 846 877 952 986 1028 1103 1197 1311 1376 1465 1581 1574 1397 1211 1235 1215 1175 1132 1018 858 826 830 757 738 780 773 770 780 811 838 870 889 897 910 940 979 1026 1118 1277 1364 1369 1340 1286 1249 1250 1253 1229 1194 1232
1881 1907 1903 1897 1894 1894 1892 1872 1849 1820 1779 1754 1767 1764 1759 1722 1604 1534 1505 1472 1435 1384 1311 1243 1249 1260 1240 1162 1062 1038 1027 1022 1017 988 930 842 821 826 837 886 975 1029 1064 1099 1188 1300 1396 1497 1572 1587 1457 1259 1245 1244 1206 1117 1019 883 841 826 784 715 769 795 797 801 808 827 866 882 884 884 875 862 933 1104 1312 1401 1355 1323 1302 1280 1263 1252 1231 1219 1251
1872 1888 1886 1881 1889 1872 1881 1862 1784 1751 1708 1675 1696 1680 1690 1661 1560 1510 1467 1433 1369 1301 1264 1246 1273 1284 1241 1167 1130 1074 1028 1001 952 908 884 840 803 825 861 897 1003 1068 1091 1116 1139 1180 1318 1479 1568 1620 1554 1371 1369 1321 1316 1291 1093 960 894 824 812 726 759 815 818 820 820 824 849 870 865 847 828 800 894 1105 1299 1406 1398 1353 1305 1219 1191 1220 1211 1234 1295
1863 1873 1877 1877 1886 1850 1866 1835 1748 1723 1686 1645 1620 1576 1576 1571 1532 1484 1443 1416 1357 1291 1265 1268 1288 1275 1236 1182 1150 1090 1030 991 918 868 849 821 818 825 883 929 1000 1058 1085 1121 1137 1128 1202 1384 1537 1621 1606 1504 1490 1479 1460 1382 1245 1166 994 856 833 789 796 846 847 842 826 812 813 851 850 815 806 807 895 1073 1251 1399 1465 1394 1302 1123 1105 1174 1182 1222 1311
1869 1889 1885 1873 1868 1836 1829 1805 1772 1740 1698 1646 1574 1503 1480 1487 1499 1449 1409 1386 1364 1325 1299 1295 1266 1219 1187 1142 1098 1071 1019 985 920 856 823 795 817 834 892 978 1005 1064 1092 1123 1145 1150 1256 1382 1489 1583 1634 1580 1532 1521 1494 1462 1340 1205 1039 889 853 826 824 870 872 868 847 813 786 833 847 810 790 817 913 1079 1240 1408 1485 1393 1296 1077 1070 1148 1196 1228 1314
1882 1887 1854 1821 1817 1805 1780 1775 1722 1674 1657 1619 1557 1479 1451 1445 1455 1393 1361 1344 1346 1342 1333 1309 1251 1199 1156 1105 1046 1032 999 955 893 831 782 760 810 842 894 983 1028 1070 1095 1123 1143 1161 1205 1375 1489 1568 1644 1611 1538 1519 1429 1363 1291 1215 1143 974 884 816 808 884 912 920 896 861 844 840 846 841 827 853 1053 1305 1348 1444 1498 1404 1318 1108 1077 1199 1293 1319 1392
1889 1886 1850 1812 1801 1780 1764 1718 1672 1611 1557 1541 1532 1508 1479 1410 1399 1358 1356 1348 1337 1336 1328 1295 1274 1257 1193 1135 1061 1020 1003 941 862 814 776 769 815 846 886 955 1048 1093 1126 1165 1201 1233 1258 1409 1523 1579 1623 1640 1586 1550 1415 1276 1241 1215 1138 1025 985 959 885 922 947 975 953 892 842 842 859 868 864 893 1091 1394 1533 1554 1471 1396 1383 1257 1172 1400 1447 1491 1566
1896 1869 1843 1826 1797 1772 1755 1725 1669 1611 1532 1419 1411 1431 1403 1312 1292 1355 1344 1335 1333 1331 1324 1306 1288 1269 1214 1166 1123 1050 1033 964 883 836 829 842 851 850 887 966 1055 1103 1134 1173 1216 1261 1336 1429 1503 1530 1565 1640 1643 1602 1475 1347 1340 1363 1245 1121 1107 1108 1071 1045 991 1021 1005 930 867 848 867 880 893 926 1011 1288 1521 1568 1565 1562 1502 1384 1399 1602 1592 1600 1601
1894 1880 1861 1835 1811 1777 1731 1707 1667 1624 1557 1438 1347 1304 1291 1205 1256 1333 1328 1325 1324 1324 1321 1298 1270 1249 1229 1191 1171 1042 1025 920 901 872 869 912 934 869 917 1033 1055 1071 1089 1115 1146 1196 1293 1344 1387 1431 1501 1606 1671 1653 1557 1477 1473 1490 1391 1248 1223 1190 1165 1117 1041 1107 1133 1092 1026 903 878 883 891 963 1154 1272 1409 1554 1581 1588 1579 1564 1440 1602 1625 1628 1603
