Dropbox/GRP Data/GRP mammal paper/NN_analysis/DATA/2014 input files/ss_c_bio_6.asc
ncols         211
nrows         307
xllcorner     27099.1390263
yllcorner     -314514.2499113
cellsize      821.1860311
NODATA_value  -9999
[rows 84 to 111 of 307, columns 62 to 123 of 211]
120.1797 231.5345 283.8977 247.6398 277.7701 303.7645 293.8248 222.1527 193.2001 102.7433 -19.23846 -88.43465 -130.274 -71.88695 14.0047 -43.40257 -182.2733 -192.7374 -180.028 -169.4612 -221.4998 -254.4705 -378.9361 -287.9518 -222.9164 -80.96311 -28.69933 -50.46753 -49.92952 24.1074 0.5014268 -33.87938 -156.577 -461.2408 -573.2187 -683.5114 -627.7892 -622.3291 -676.6949 -700.2134 -689.8447 -616.0162 -630.7924 -634.0664 -665.3901 -791.5095 -675.4638 -470.5739 -554.2031 -696.5269 -864.8517 -1006.557 -801.0261 -783.2363 -894.7128 -1079.701 -901.5151 -957.0998 -877.5849 -854.2313 -1021.998 -894.1241
79.26158 185.4878 306.6572 244.4552 256.0732 291.2888 251.7 199.8687 203.7111 88.27468 -78.59237 -99.72366 -153.0381 -117.1879 -113.1134 -160.5664 -211.7468 -203.9279 -199.8539 -198.7634 -230.0558 -253.7954 -406.9373 -295.5725 -135.2578 -85.60339 -79.72525 -188.5381 -281.6207 -262.2983 -65.98827 12.3285 -65.41193 -135.8884 -248.9312 -351.9695 -493.9467 -465.2372 -441.0084 -474.6113 -455.6562 -441.4623 -544.1293 -513.1097 -534.2621 -723.3033 -608.2968 -399.8743 -423.1573 -569.3056 -870.6119 -960.2764 -1003.704 -979.6622 -882.2507 -981.539 -870.0749 -941.5784 -773.8669 -786.7521 -983.4456 -856.3441
26.33448 98.11118 223.3264 247.41 256.1025 266.843 235.4906 224.5751 254.2133 130.6696 -66.91165 -133.8239 -157.1388 -123.2233 -136.1552 -168.287 -217.1241 -204.791 -179.3725 -216.7433 -254.7301 -341.118 -419.3233 -390.6096 -241.5001 -193.9855 -263.5355 -314.3375 -378.5754 -403.2061 -251.369 -130.2657 -157.1962 -90.80849 -114.9172 -154.8313 -208.8557 -206.5123 -203.1439 -232.0541 -261.3866 -272.5847 -384.1622 -284.5854 -311.4673 -360.9425 -356.3508 -341.7262 -465.7413 -635.1207 -851.3742 -809.97 -932.6726 -1032.67 -973.1718 -867.277 -944.5735 -947.6387 -622.5176 -644.7156 -894.0196 -845.4926
-8.855036 37.9508 110.1814 196.064 238.2718 236.5354 235.6831 243.124 237.6674 140.623 -16.44766 -165.7359 -190.3757 -125.7347 -145.6105 -158.6039 -212.1775 -201.5834 -205.3721 -265.4543 -302.0257 -362.7183 -443.331 -442.5684 -353.345 -342.2373 -447.6573 -472.0101 -503.0153 -460.9754 -423.6655 -383.5196 -373.4539 -302.7381 -140.5105 -168.9492 -241.4069 -290.0052 -338.4989 -338.8156 -216.7994 -197.2829 -223.8339 -232.7538 -250.5004 -268.4093 -298.8653 -312.7026 -375.6786 -440.9309 -519.9805 -693.137 -929.7772 -975.6383 -918.6794 -710.4993 -636.8059 -586.562 -408.2189 -389.0285 -714.1025 -842.9347
-9.288044 23.04115 60.79457 128.8524 190.7378 151.3725 166.3308 193.2355 161.175 117.1727 49.87781 -110.7774 -194.1716 -174.0042 -169.1275 -173.3546 -197.2161 -195.0666 -238.506 -294.0487 -344.5528 -361.1395 -446.6032 -437.5052 -406.8381 -444.6238 -523.189 -574.1667 -493.2152 -427.9904 -499.2946 -520.5348 -547.3463 -535.756 -318.3468 -263.1438 -409.1636 -526.7272 -578.0466 -580.4422 -466.8106 -362.1204 -366.0474 -379.6876 -411.1285 -487.533 -422.9139 -325.5312 -314.1395 -326.4803 -373.4945 -485.0032 -605.7437 -578.2269 -554.5565 -469.4903 -403.1846 -405.6787 -394.6308 -366.4881 -449.4737 -426.8554
-18.42358 5.799993 58.08957 176.6393 187.8544 38.17128 24.22219 82.26323 108.6897 96.28571 101.0152 23.57403 -108.7643 -252.037 -176.7653 -179.6095 -180.0116 -189.0687 -227.2901 -275.4593 -372.4449 -395.071 -428.5136 -427.1267 -429.335 -501.7079 -543.9607 -606.9711 -437.4285 -369.8739 -448.3858 -515.3757 -625.8689 -642.6499 -478.7184 -336.0388 -485.8976 -675.5984 -643.3346 -657.7376 -643.3876 -526.0945 -553.9202 -562.2953 -639.6783 -719.9691 -600.6474 -385.2054 -312.7427 -313.2934 -332.2518 -354.3594 -380.7838 -366.6762 -374.5796 -389.1005 -435.7837 -592.1461 -662.5284 -470.0102 -372.3795 -412.1949
-30.19973 -33.30045 51.90894 171.7931 163.8338 18.27395 -78.87457 -36.67156 -48.65316 -34.10949 46.09365 55.98571 -34.51592 -254.3607 -211.2596 -189.1952 -194.8686 -200.0513 -200.6576 -263.2289 -406.0072 -433.1833 -436.8203 -450.2585 -458.4349 -536.6789 -587.4639 -593.8214 -428.5481 -369.1086 -369.422 -440.8802 -631.7387 -675.6084 -525.7049 -378.8092 -480.746 -709.2432 -639.223 -615.7323 -730.3002 -689.2018 -712.7446 -728.5401 -820.3428 -823.2267 -711.2776 -468.0099 -400.1973 -500.511 -460.4599 -402.6974 -405.1321 -392.6629 -390.8147 -512.081 -725.3841 -844.0911 -841.0264 -752.0859 -717.0113 -735.791
48.41182 -11.99593 -43.13351 40.44194 -6.437446 -27.34046 -129.6901 -185.373 -217.1417 -191.9301 -82.82983 -34.1128 -44.15032 -140.8922 -208.3548 -281.6861 -288.2956 -246.2174 -173.2543 -257.335 -444.8117 -465.8411 -509.4315 -506.0942 -506.0702 -533.0109 -609.4265 -565.9145 -444.5511 -435.1797 -389.8716 -372.2727 -609.4068 -729.4094 -520.5444 -448.2836 -533.9298 -732.4764 -697.522 -618.0421 -806.7907 -850.2759 -849.6625 -834.5211 -890.9407 -860.4096 -754.6086 -570.8488 -542.2031 -692.1275 -709.6848 -656.2684 -658.5399 -591.5131 -477.5007 -546.6306 -830.2828 -894.631 -843.6279 -862.4513 -950.8825 -967.9548
302.9084 145.088 -29.90619 -41.50822 -47.17948 -69.73109 -121.5289 -158.6951 -185.7619 -176.6435 -133.7695 -101.5921 -114.0966 -154.0783 -211.9279 -298.2923 -304.1938 -265.5493 -209.5417 -267.3715 -483.1671 -566.56 -571.6498 -550.7681 -526.1744 -545.6526 -579.8927 -668.2563 -730.6217 -547.4128 -438.0243 -395.4557 -630.5996 -751.967 -573.4025 -578.1367 -681.2258 -794.3229 -763.819 -706.2755 -840.7684 -903.984 -897.9667 -794.056 -820.4298 -872.176 -836.5291 -728.5393 -736.905 -820.1781 -930.5306 -917.8552 -905.636 -756.6944 -568.4813 -514.355 -763.1655 -873.1978 -821.066 -848.3766 -894.269 -910.4685
386.5395 350.3539 200.1556 11.36283 -17.94324 -27.41163 -88.64494 -143.7215 -169.9039 -187.5508 -185.0905 -136.3803 -125.2336 -181.6212 -278.4853 -309.0403 -294.4555 -275.4713 -223.9066 -259.7635 -425.2139 -551.2674 -588.3243 -526.1584 -529.7817 -555.8068 -605.1942 -694.3571 -626.3351 -476.1182 -432.0452 -535.031 -815.2059 -762.8168 -724.0621 -701.4167 -747.3997 -892.1369 -911.9113 -918.2492 -906.662 -902.6158 -800.5154 -612.6198 -673.7188 -772.868 -953.7865 -897.3251 -924.2772 -952.3036 -985.3223 -962.8521 -942.1037 -758.1235 -627.5461 -540.4268 -725.9888 -896.0148 -857.3556 -865.7487 -822.5555 -804.9601
319.4125 328.7371 316.3994 145.5435 27.19573 18.57369 -36.59436 -97.50612 -146.6617 -200.3471 -228.9364 -211.1923 -191.339 -257.0739 -326.9223 -314.312 -304.6066 -295.4785 -234.6539 -225.3346 -347.8449 -545.5508 -584.3618 -542.3447 -532.0429 -558.8814 -672.1641 -749.8864 -644.4888 -479.2737 -552.3093 -796.2176 -836.5796 -803.9472 -807.6734 -767.1 -771.2678 -887.7787 -979.9551 -1006.95 -1009.309 -1000.768 -827.6747 -652.3596 -779.6555 -748.1428 -744.7224 -771.575 -798.6503 -793.9274 -836.1171 -867.6519 -859.2671 -735.15 -602.3246 -542.6058 -673.1877 -872.3394 -890.8619 -912.7574 -928.0754 -883.8575
271.0439 282.259 334.8945 257.6095 171.7645 163.6606 107.507 36.46487 -38.15423 -129.8087 -201.6763 -248.2965 -254.5092 -279.2822 -341.6497 -340.8284 -317.2828 -325.41 -262.3645 -225.0738 -367.2244 -609.1516 -652.4236 -613.4555 -605.2477 -626.3379 -711.1962 -734.9171 -605.0982 -507.5831 -592.3997 -799.9739 -896.5673 -890.4739 -901.3446 -920.1973 -863.7588 -890.963 -991.8693 -1049.048 -1067.644 -1070.448 -885.2751 -741.1829 -802.113 -789.179 -768.0876 -817.5972 -938.0283 -924.672 -873.7695 -679.7102 -672.1519 -628.9976 -594.4321 -552.338 -648.1441 -890.1495 -964.575 -934.2578 -936.0071 -917.0285
279.0475 296.8471 320.771 296.1313 310.2226 316.3243 280.4198 211.5361 122.9459 44.35308 -79.16545 -214.1883 -283.6223 -291.2363 -328.0162 -353.6598 -359.0925 -350.4384 -317.5005 -260.4667 -328.9874 -539.1253 -586.7224 -660.0772 -677.8663 -681.1505 -753.1563 -738.7401 -603.6011 -563.317 -607.2803 -740.4149 -843.2052 -857.5552 -923.8907 -980.0552 -944.6976 -958.2047 -1014.585 -1105.425 -962.8008 -960.3212 -944.9338 -793.1334 -847.9495 -849.8858 -983.0141 -948.92 -911.137 -758.1586 -689.2422 -611.1406 -631.4426 -614.6297 -563.4978 -539.399 -617.0671 -820.6111 -868.0391 -906.4794 -994.1002 -1069.314
269.1659 277.0641 284.8741 291.9362 332.1418 367.2372 372.4613 328.3367 238.0308 197.839 61.31559 -131.1782 -266.3582 -309.0913 -304.265 -345.4742 -383.4646 -364.6304 -357.8073 -293.4762 -279.7453 -388.3966 -488.0048 -670.7111 -724.6158 -726.0384 -774.9432 -754.9395 -687.1949 -703.4752 -721.2364 -782.3823 -860.1721 -905.0279 -988.7507 -1019.463 -1028.383 -1059.862 -1064.455 -1136.225 -958.3882 -956.6089 -968.7682 -835.524 -834.2446 -972.3608 -997.7108 -950.7651 -906.3429 -717.6541 -619.7654 -593.301 -589.248 -553.3093 -551.8691 -551.8922 -563.3298 -695.3465 -808.036 -852.2013 -942.437 -1035.177
250.8865 269.6348 277.6158 305.8508 338.5689 394.829 381.8859 350.5482 267.77 200.7996 119.3576 -32.49309 -189.0836 -264.2954 -260.979 -333.9293 -359.0271 -368.7339 -368.0274 -336.6076 -333.0122 -369.1285 -508.3005 -669.294 -751.5477 -769.0021 -784.236 -787.4458 -792.8212 -832.7547 -852.0851 -872.759 -912.4739 -964.0011 -1037.641 -1041.509 -995.466 -1055.942 -1100.551 -1150.126 -1079.175 -1061.062 -982.8047 -856.1526 -856.0723 -1042.596 -981.5995 -909.9575 -839.577 -690.5461 -668.2729 -674.3508 -655.3533 -626.934 -662.933 -611.748 -617.8677 -641.3644 -690.5067 -811.972 -918.1152 -1002.029
303.8095 300.5402 276.2766 313.6739 360.7341 394.5351 382.5017 364.9846 285.4525 165.5063 126.2002 59.52508 -60.31482 -120.5846 -176.976 -308.5054 -347.2499 -336.7024 -346.8909 -383.8359 -408.6534 -485.8663 -574.7799 -646.1059 -745.8752 -788.9183 -799.7451 -829.1071 -850.8828 -871.5933 -896.6813 -919.288 -942.1544 -979.8068 -1004.056 -960.1581 -857.6835 -962.1592 -1122.014 -1169.055 -1176.196 -1144.751 -1038.64 -968.5001 -975.6844 -1033.373 -952.7803 -871.1179 -787.0491 -693.6684 -796.4633 -890.6664 -868.1025 -844.9789 -818.8435 -800.188 -840.4599 -777.0347 -675.8749 -727.7476 -890.119 -991.5251
393.8133 394.6998 357.1351 360.4848 374.7573 381.8569 384.2275 375.108 303.7125 198.1367 119.8372 53.90987 40.52354 9.84075 -193.8999 -291.2729 -276.8962 -191.8143 -161.219 -208.2684 -255.0665 -406.4132 -488.3614 -566.2615 -674.9243 -770.2872 -792.4013 -827.2057 -867.8434 -889.5627 -902.9233 -941.8506 -994.8631 -1020.784 -909.2819 -773.9691 -762.0125 -910.2665 -1143.924 -1195.483 -1176.456 -1142.419 -1102.978 -1106.562 -1076.9 -994.4418 -925.6946 -859.8743 -799.0201 -766.8578 -900.9221 -1042.865 -1045.971 -1019.993 -940.4797 -962.5712 -1015.621 -938.5153 -743.084 -691.808 -787.9849 -844.7386
416.4398 383.4744 360.2462 367.1282 372.4203 392.7698 392.0704 382.8232 332.226 296.3171 240.8956 154.7617 72.73827 -117.7678 -169.7544 -120.5103 -117.7808 -109.4924 -124.2771 -164.4015 -227.5291 -394.1018 -495.3214 -502.7422 -612.1002 -674.1652 -753.2855 -841.5109 -869.6478 -895.2315 -919.0116 -983.5469 -1031.815 -1036.539 -788.7791 -687.7432 -774.2911 -933.5489 -1151.47 -1215.528 -1156.607 -1099.674 -1101.418 -1097.309 -1040.457 -978.0204 -953.645 -895.5251 -848.116 -878.4149 -941.3822 -1061.249 -1098.945 -1079.366 -1002.883 -1034.278 -1095.661 -1058.057 -831.4653 -728.6071 -830.5522 -748.6286
454.23 439.0086 375.5709 339.7509 372.8802 382.2283 367.2227 372.7707 360.3541 332.3501 263.7262 183.9504 99.16862 -9.384269 -5.063266 39.6068 0.1131575 -43.35545 -106.0205 -141.0395 -220.0057 -394.584 -472.3378 -450.4615 -513.9471 -655.059 -802.1998 -836.5557 -872.3061 -893.9854 -925.5956 -987.2096 -1023.57 -1067.451 -811.7473 -740.0905 -774.913 -926.216 -1151.167 -1233.975 -1131.436 -1037.906 -1076.78 -1064.78 -1006.982 -1010.636 -1032.304 -961.0245 -891.4004 -964.4539 -983.1221 -1095.25 -1123.743 -1110.552 -1034.693 -1064.876 -1147.712 -1138.812 -907.2543 -785.6396 -1015.404 -859.1093
466.9169 455.167 378.2792 322.8611 344.1133 344.3848 351.1532 370.2667 373.9492 347.7859 280.6841 213.4021 127.0174 107.4313 121.1271 125.534 95.37418 -34.67381 -102.6817 -128.3209 -255.7825 -449.7024 -478.0826 -433.2095 -498.9832 -668.5723 -737.9952 -831.9191 -851.5961 -878.0919 -931.157 -982.8282 -980.0035 -1055.67 -901.1151 -897.1228 -818.7513 -861.2034 -978.8969 -1092.505 -1045.521 -1002.149 -1077.163 -1073.99 -1049.635 -1133.446 -1106.451 -990.4289 -934.6989 -1057.147 -1074.671 -1147.494 -1163.631 -1130.307 -1087.926 -1066.566 -1144.632 -1142.913 -972.2982 -828.8344 -1076.664 -1058.618
472.6761 429.9578 350.43 310.9778 332.133 325.8345 349.6932 370.5755 368.1157 348.3997 299.689 262.081 206.4176 216.9047 223.5555 207.5643 127.733 -41.55394 -78.70721 -114.7952 -252.0276 -442.4576 -475.7343 -414.0918 -502.9153 -669.2404 -678.6514 -779.9344 -833.1099 -845.9414 -894.1539 -940.2625 -924.6829 -1024.738 -1062.701 -969.4094 -842.8229 -869.2415 -908.0477 -967.4052 -1001.167 -1051.105 -1088.889 -1149.625 -1146.92 -1154.646 -1117.531 -1036.088 -997.3279 -1100.482 -1123.403 -1166.632 -1209.451 -1139.397 -1131.999 -1095.918 -1167.238 -1155.79 -1087.676 -892.7499 -1044.808 -1182.326
473.287 421.2485 348.1631 327.6144 354.0901 351.9987 375.2971 378.9538 364.2045 346.7917 311.1581 306.3924 291.9445 287.1508 298.5009 267.1227 124.3618 -47.07596 -78.0215 -129.6923 -224.4765 -389.4204 -447.1481 -389.3888 -489.7427 -593.4976 -588.3976 -720.3402 -782.5073 -820.4175 -822.9163 -842.2372 -888.7154 -1010.625 -1070.13 -1047.487 -1043.925 -1059.655 -1070.774 -1119.712 -1165.387 -1201.62 -1208.55 -1193.664 -1143.074 -1075.59 -1169.829 -1086.724 -1033.945 -1138.777 -1165.728 -1165.72 -1185.181 -1141.717 -1185.153 -1179.075 -1188.19 -1221.977 -1195.177 -913.6544 -1021.704 -1227.003
434.7698 446.6028 413.6147 401.291 399.3987 406.3121 433.085 415.954 388.3342 358.0903 316.7452 329.5633 339.9707 317.4168 338.1065 298.8089 147.0605 -25.28312 -82.75983 -136.9464 -180.2863 -318.9563 -392.9921 -367.5753 -448.498 -501.7088 -570.6988 -670.8082 -734.941 -784.3285 -777.46 -810.7076 -898.4465 -977.7373 -1025.941 -1066.029 -1111.154 -1113.685 -1128.439 -1188.899 -1235.103 -1247.94 -1238.747 -1226.786 -1224.114 -1038.14 -1198.009 -1141.42 -1117.417 -1198.705 -1204.391 -1173.978 -1171.51 -1160.29 -1196.021 -1198.956 -1182.327 -1208.714 -1162.363 -1010.384 -1130.527 -1230.4
368.851 463.4387 458.9528 475.8369 467.7699 460.9208 485.9653 477.2783 433.0223 376.9058 321.3751 339.9633 364.9435 343.0463 356.0148 332.9593 219.8496 31.5115 -61.24327 -109.1399 -126.0787 -235.9788 -335.4767 -337.9941 -362.4365 -434.3704 -592.702 -621.2783 -699.6282 -732.1662 -761.1408 -821.1249 -900.8571 -932.5432 -962.9517 -995.4707 -1045.78 -1069.998 -1118.408 -1171.99 -1213.306 -1214.302 -1217.555 -1234.755 -1212.666 -1010.581 -1078.29 -1104.679 -1174.394 -1174.678 -1141.083 -1173.835 -1173.738 -1178.755 -1140.245 -1197.65 -1181.598 -1174.832 -1121.133 -1087.477 -1202.652 -1260.472
333.1326 369.1769 402.0038 452.2105 477.502 500.1572 479.5318 484.3685 440.924 380.6341 324.835 346.17 379.5771 357.4276 369.4302 359.0934 294.0915 89.19352 -44.42101 -96.18336 -88.89674 -144.513 -286.7369 -291.5469 -235.2769 -343.5308 -524.0844 -552.9582 -604.189 -645.5794 -708.3189 -776.4144 -843.44 -880.3696 -894.6562 -919.9358 -988.0768 -1007.035 -1080.434 -1132.416 -1169.726 -1178.532 -1205.817 -1228.882 -1182.209 -990.5635 -1001.293 -1046.488 -1114.129 -1090.113 -1072.72 -1103.917 -1111.374 -1120.056 -1079.947 -1188.746 -1184.623 -1167.825 -1117.489 -1143.438 -1224.598 -1244.041
332.758 346.0611 381.4149 483.0359 481.2928 503.9222 419.5731 472.5552 399.6836 449.1043 385.6316 375.7166 394.8322 390.5319 399.3791 388.3807 308.4349 166.6592 -10.87088 -77.13035 -65.37593 -57.68082 -202.0581 -253.0403 -141.1546 -181.0183 -414.4189 -442.3695 -400.2035 -510.1481 -604.9261 -694.1298 -769.4378 -821.6908 -861.9533 -915.6496 -957.7889 -932.8735 -998.4886 -1072.324 -1122.354 -1158.843 -1195.101 -1211.724 -1196.915 -981.7318 -1019.952 -1022.663 -1023.711 -1028.088 -1060.113 -1076.504 -1078.213 -1081.754 -1061.554 -1164.079 -1144.407 -1165.814 -1126.111 -1171.421 -1224.012 -1227.06
328.4514 316.6087 341.9027 490.4553 476.0606 454.8948 358.4119 448.5887 396.3212 466.8811 415.6082 393.2503 396.7651 407.9224 422.0949 382.72 300.8408 239.606 76.22333 -43.59424 -68.46357 17.7843 -55.49774 -122.3522 -92.70022 -73.08724 -209.8697 -255.2216 -312.1471 -498.3283 -648.9863 -710.7201 -755.5743 -796.6763 -827.1124 -865.9588 -857.9299 -904.2477 -963.6985 -1004.15 -1069.615 -1123.94 -1145.032 -1165.146 -1181.01 -960.4111 -979.4178 -981.7543 -996.3818 -1024.028 -1066.211 -1103.366 -1098.427 -1096.732 -1081.225 -1132.648 -1110.117 -1151.385 -1139.027 -1160.635 -1204.077 -1221.75
301.1064 291.524 293.0256 344.9057 373.7744 331.2908 312.0421 333.1457 325.6189 421.4407 402.0263 404.3795 423.057 434.8086 430.2011 385.019 307.2707 262.4139 186.4307 104.0341 56.69786 58.17219 16.5432 4.789876 -9.881018 -24.17319 -111.2232 -180.3934 -300.0395 -437.5066 -516.3918 -510.1819 -470.7956 -536.4424 -590.774 -731.1021 -827.8015 -838.7786 -898.3723 -969.4193 -1018.476 -1076.399 -1073.316 -1098.077 -1155.17 -919.5692 -900.9731 -895.9343 -943.1439 -1013.452 -1035.849 -1040.833 -1055.638 -1079.465 -1100.416 -1113.846 -1134.432 -1143.207 -1162.794 -1136.444 -1184.571 -1235.839
