Dropbox/GRP Data/GRP mammal paper/NN_analysis/DATA/2014 input files/ss_c_bio_6.asc
ncols         211
nrows         307
xllcorner     27099.1390263
yllcorner     -314514.2499113
cellsize      821.1860311
NODATA_value  -9999
[rows 112 to 139 of 307, columns 62 to 123 of 211]
287.3745 294.0694 285.8451 274.3412 297.2756 278.9824 283.7402 294.05 357.2068 383.2504 363.8054 370.4935 400.5156 426.8954 425.3708 378.654 311.8972 268.9326 253.5778 225.7024 198.1592 166.0678 139.9876 125.9621 105.7257 -32.39132 -100.2837 -245.6376 -365.9008 -423.8003 -485.1852 -496.8311 -502.3609 -524.968 -593.5646 -667.4728 -724.8043 -803.2926 -858.5981 -941.2924 -966.4518 -986.1214 -985.0156 -1039.47 -1146.242 -1149.402 -1114.441 -943.6682 -918.7315 -943.0315 -971.1648 -1007.268 -1036.843 -1074.376 -1087.928 -1110.109 -1124.566 -1169.524 -1183.753 -1151.209 -1200.496 -1265.053
287.1092 293.2399 286.3867 275.0621 276.4923 277.7706 339.3886 354.3418 344.449 321.3851 330.3016 354.989 395.1026 420.186 409.4118 337.0557 275.2686 267.7676 272.0321 279.913 281.9755 266.69 272.7688 255.4762 164.7647 -54.591 -193.0311 -314.0113 -395.6194 -427.9402 -461.6013 -442.3753 -432.5453 -447.4462 -530.24 -592.2988 -672.6199 -762.4977 -841.8416 -894.9135 -901.5136 -911.7844 -927.4652 -948.2421 -975.6031 -990.1978 -1129.933 -1100.04 -878.6743 -809.224 -927.1595 -1040.846 -1118.197 -1076.988 -1061.836 -1089.397 -1117.499 -1197.966 -1199.773 -1199.264 -1205.037 -1223.449
331.4151 293.7634 274.7213 318.9469 330.3595 315.6709 387.2078 390.5696 263.901 261.9707 330.7342 388.7528 421.3376 419.3972 389.06 299.9417 246.7211 259.4608 272.2792 290.6756 320.9957 331.5459 339.3194 299.9903 141.6043 -67.64815 -124.0658 -257.4025 -356.0251 -437.2008 -508.3989 -496.4128 -499.7107 -506.8449 -501.3405 -541.5132 -660.5905 -700.8867 -778.9687 -798.9943 -810.2498 -862.0562 -914.9107 -951.1996 -986.1345 -677.6854 -843.1389 -885.23 -841.8582 -837.83 -972.4429 -1125.916 -1111.913 -1054.213 -976.1261 -1004.051 -1079.636 -1118.878 -1153.362 -1196.346 -1198.521 -1214.597
406.3453 318.6788 280.7859 401.6693 425.494 368.7079 326.4681 315.7113 221.7978 249.0781 360.979 429.8213 437.2875 417.0149 376.4339 287.848 253.5386 242.8481 260.4837 292.0591 319.3685 346.0756 332.7365 278.6497 213.1567 33.84174 63.83823 -60.51227 -236.3201 -386.1481 -480.1709 -486.306 -513.1412 -536.744 -481.5041 -505.4866 -628.9908 -639.424 -717.3008 -724.6024 -689.556 -677.0869 -725.5659 -748.5938 -777.2823 -584.3582 -760.4689 -908.3826 -951.3294 -976.6038 -1091.126 -1131.38 -1086.29 -974.4866 -1064.521 -1031.941 -1032.291 -1135.037 -1166.712 -1139.997 -1152.877 -1194.177
286.976 293.4211 298.6286 392.6199 401.2194 323.0707 281.9233 251.8923 247.9808 268.9715 382.7699 426.5787 415.2794 417.9759 389.553 290.9417 273.3276 226.3436 228.9757 270.6891 277.7722 311.9911 307.4202 272.4331 328.1931 177.5209 172.5273 113.9576 -125.3845 -291.193 -366.9619 -392.9288 -444.0663 -493.2988 -461.5896 -469.4981 -539.6918 -536.4518 -614.6509 -640.8929 -594.4129 -535.6332 -544.1638 -597.1402 -643.569 -582.2496 -684.9991 -837.7772 -872.9355 -948.8439 -1009.574 -965.8512 -940.8679 -890.3462 -1041.059 -981.6206 -962.3414 -981.6595 -1012.162 -1066.335 -1104.295 -1139.006
279.9053 314.3656 315.0809 401.7725 431.9828 380.1683 344.9557 401.1155 396.3926 358.2555 377.4633 419.9948 368.0382 414.9022 435.8732 329.3616 308.438 229.281 199.3583 190.3123 228.0511 262.8053 297.0017 286.1534 256.2669 184.1532 184.2656 89.23067 -103.8923 -189.1518 -240.3979 -318.9626 -409.2826 -456.7163 -451.3381 -442.7696 -443.1965 -434.2779 -478.7461 -520.6438 -514.2792 -492.6504 -481.1752 -513.1751 -672.7133 -669.7372 -705.1745 -636.3468 -672.4095 -790.4318 -820.2316 -843.7563 -897.9382 -901.4398 -957.3286 -928.0435 -956.2498 -828.7747 -1038.615 -1127.13 -1148.791 -1167.534
281.5107 351.0977 427.9442 477.664 483.9245 459.7932 372.1429 400.4507 374.2917 381.8163 379.8414 289.6761 272.5085 412.1891 441.5695 328.3761 314.727 256.2527 172.3481 165.2035 195.3753 216.2332 253.2701 222.833 243.5896 211.321 303.6691 -59.70423 -83.76367 -35.57241 -64.35478 -237.7062 -398.392 -428.8988 -434.3388 -422.6818 -400.5146 -414.3302 -392.1165 -410.0366 -436.1844 -457.3079 -454.1367 -421.5771 -657.1622 -748.3908 -800.1251 -561.2005 -583.6047 -682.1666 -711.2617 -775.8825 -838.4741 -841.3787 -875.9796 -878.0674 -845.093 -634.6429 -921.4133 -1058.088 -1154.772 -1192.995
265.9666 296.4777 323.9575 334.2431 321.7778 419.2575 414.8472 476.3972 451.4901 417.4875 288.813 268.3992 376.0503 428.3489 407.1191 338.5648 281.198 259.3055 138.2899 165.7061 183.2792 227.2505 254.2113 212.728 250.7692 247.9739 306.1832 -53.69677 -45.63862 84.78152 36.39175 -154.983 -335.612 -348.993 -384.836 -351.4352 -348.3995 -403.0057 -376.0649 -375.3856 -410.0295 -410.5022 -370.9819 -415.3542 -500.3881 -640.574 -737.8324 -627.2643 -576.6061 -607.6107 -625.9005 -626.279 -665.8255 -690.1916 -761.7828 -726.1149 -628.6119 -609.3287 -826.4749 -974.2464 -1092.231 -1173.57
269.8312 279.9552 346.4912 417.4002 396.3792 444.4582 450.7003 481.6196 467.012 483.8967 389.5027 269.6834 384.2682 428.0027 402.3333 387.8982 338.8075 272.6202 246.8704 187.3543 189.3062 235.493 276.6241 261.9408 270.5032 263.2499 408.6473 235.8326 214.6323 213.5728 94.99039 -126.9021 -303.494 -319.6104 -334.4968 -343.3648 -328.4766 -389.4963 -353.9479 -354.9715 -373.8208 -342.6652 -303.2119 -456.0952 -449.1848 -534.8157 -619.6813 -370.6739 -345.374 -342.1393 -343.2829 -423.247 -608.5139 -657.8892 -588.7729 -508.6504 -582.3369 -872.9857 -1023.934 -1061.189 -1054.515 -1135.887
282.6415 287.4828 390.4892 482.2634 453.5586 413.2964 443.7534 458.3763 447.7359 456.743 437.827 349.155 316.6822 320.2845 389.5839 394.919 360.2016 326.2782 308.3845 298.7395 293.2776 298.6736 304.2149 382.8757 309.5142 263.5891 301.7263 231.158 222.9266 227.9937 108.4356 -46.05527 -173.664 -252.1113 -272.6112 -234.3371 -215.3049 -362.6702 -328.9549 -303.8929 -293.6371 -345.4977 -406.7285 -256.3551 -165.7518 -403.9226 -425.2459 -214.1226 -218.0103 -191.9471 -230.8257 -438.3452 -615.4421 -533.0597 -444.264 -567.5037 -825.0131 -946.6201 -1031.029 -1044.776 -1087.078 -1123.597
283.8617 286.6372 348.4784 391.3926 428.3914 404.9922 436.4809 449.761 385.4599 354.7867 386.9208 397.9933 272.1392 259.9564 384.1007 383.558 346.093 326.6371 299.6056 365.6791 416.6719 391.8044 272.214 336.5412 303.5309 252.701 230.7809 250.234 237.2777 210.8741 63.54064 -66.24979 -187.1391 -246.7432 -102.7858 22.85282 -127.4822 -213.0181 -227.166 -327.5271 -273.0951 -193.4609 -160.4169 -86.10874 -60.36901 -109.4859 -134.2897 -92.18214 -60.96477 -52.95862 -106.8992 -200.9815 -288.2832 -284.5256 -380.9 -547.1462 -695.4338 -906.5966 -1051.55 -1038.519 -1111.274 -1195.309
274.9413 279.0162 281.306 275.1933 363.6516 452.9825 469.3606 448.0738 385.428 281.6684 309.0511 337.4373 262.0624 262.925 404.2664 395.7593 349.0376 302.6482 290.4943 397.6049 485.5183 453.9471 307.7879 316.1692 281.9072 245.3068 209.5227 183.8048 129.7705 98.41093 -51.39957 -133.8445 -146.8687 -137.2345 22.0812 148.2183 -55.57789 -76.40001 -26.03052 -193.3974 -105.4264 41.87965 62.10161 65.37439 13.38495 -11.07051 -70.82887 9.180097 -28.72145 -80.36507 -91.51782 -112.4905 -169.4336 -255.0882 -425.6805 -573.0744 -640.9193 -920.0892 -1055.266 -1087.475 -1125.216 -1215.709
274.8995 290.5335 307.2423 280.2375 282.3616 466.9355 521.6818 457.9975 488.7965 281.4817 270.8016 251.4245 260.2748 261.3147 414.5696 418.7618 380.2602 295.7823 300.4103 416.1043 456.2236 404.233 344.077 330.6891 273.4051 251.5124 221.4199 152.7522 10.45342 -47.68436 -155.9212 -177.572 -66.10002 35.08927 113.9665 188.3541 81.49229 76.69009 119.0845 33.89987 73.7604 139.9574 127.0256 55.59557 -30.24131 -148.5897 -104.6488 -58.89299 -101.3705 -245.8065 -323.6154 -263.0558 -194.8187 -252.4941 -476.0256 -774.06 -864.2503 -921.4275 -1047.992 -1057.9 -1119.883 -1183.443
279.2961 335.4665 391.6283 301.7244 298.2042 476.3343 549.8256 529.7631 488.0822 308.8834 300.6293 278.4312 269.7449 275.6674 395.3783 423.0271 423.1804 311.2433 298.5421 402.7816 379.5252 302.2357 288.0396 283.2687 266.765 261.9159 243.2464 241.614 -28.65055 -114.8877 -142.9477 -101.1531 25.85949 143.5042 178.1845 211.5293 187.9432 181.0345 168.7694 157.4346 150.9427 115.3646 31.19348 -101.2677 -214.7813 -343.1629 -297.8013 -190.04 -184.9863 -359.3765 -541.3422 -498.4731 -326.9136 -280.5641 -483.76 -819.8963 -960.3702 -970.931 -1054.409 -1087.521 -1097.193 -1157.186
289.724 350.191 485.7532 499.2507 511.9069 543.5903 563.1326 547.3397 496.3802 487.2374 433.4572 276.9344 256.9861 366.4096 469.3285 467.8497 505.7428 386.4585 300.5295 377.4457 374.4836 336.859 260.7643 255.1852 253.0689 257.4789 246.4804 318.3192 -32.18469 -57.17589 -11.28848 61.25486 138.0327 178.2482 217.3778 225.265 201.7087 191.9916 166.065 122.6054 125.2774 16.20605 -140.2704 -284.8037 -355.0455 -398.8967 -408.7541 -358.2991 -338.9845 -481.959 -642.2083 -646.308 -461.1618 -325.2629 -442.9094 -743.0366 -948.256 -970.2224 -1019.476 -1063.883 -1085.646 -1148.132
281.095 361.3513 497.6422 503.9272 520.0149 563.0162 575.1956 569.7131 497.019 501.0735 469.1848 283.5694 276.2818 419.9398 557.3335 449.0924 485.0237 357.3072 290.43 337.3158 321.6445 262.8837 260.4188 256.586 258.3919 253.014 252.2402 322.3966 74.59293 88.68589 106.9126 114.2514 221.0989 245.6008 262.1208 221.3829 200.9252 176.4037 150.1642 16.67497 47.62083 -101.6361 -274.8423 -380.9912 -362.896 -363.3918 -408.3381 -485.7338 -498.9019 -567.6625 -566.4536 -597.4094 -550.2435 -482.4108 -475.0063 -637.7006 -882.7325 -972.2043 -986.1017 -1050.11 -1124.459 -1168.026
276.8889 306.0491 353.0562 340.3911 362.5829 405.2644 442.463 567.0214 540.7991 550.0038 496.6175 279.3315 279.5912 301.8155 342.155 419.8816 422.4177 339.7962 302.8273 317.8999 333.4783 262.8393 258.5989 249.8321 256.0373 255.9773 255.726 325.1374 305.8909 298.7382 248.6931 258.3698 227.1559 251.0986 250.0296 187.8542 156.1469 150.7354 146.1732 -123.7 -89.49094 -106.9484 -294.966 -381.8958 -388.3766 -436.3474 -539.8456 -479.605 -499.4988 -494.1712 -406.0669 -477.139 -606.8101 -712.6671 -641.7538 -631.7803 -804.6483 -927.5284 -967.6095 -1085.352 -1150.683 -1187.237
276.9971 281.7764 292.5847 284.2531 282.8926 304.0484 335.0505 489.0795 557.8486 568.8315 515.6459 276.2178 278.9004 328.7078 331.8784 381.1247 374.826 367.0015 369.2876 375.7626 348.5306 263.5563 237.3774 234.4544 247.1376 320.2035 316.0598 324.6249 308.0664 246.2831 250.2038 264.1749 260.7448 260.2357 215.5238 154.486 -56.17128 -48.31994 34.47425 -144.461 -208.0499 -120.9737 -224.2168 -403.9637 -425.8207 -448.9178 -555.8579 -491.4173 -432.541 -419.3634 -475.332 -578.0588 -659.9732 -768.0897 -798.0673 -779.4534 -794.3525 -840.9896 -969.0518 -1101.787 -1111.074 -1177.496
277.9704 281.2219 292.4973 291.1459 274.6404 281.2239 291.5748 352.9316 517.0864 517.0447 462.2134 280.8441 282.4464 337.2672 369.5055 386.8033 334.9005 356.0711 410.8915 379.9205 344.5352 259.5811 243.9585 250.5053 299.0386 312.367 293.0747 344.5867 245.0436 255.5463 252.5067 259.7367 259.0665 227.4676 191.555 101.7766 -94.15842 -196.5398 -179.6416 -204.7948 -251.8239 -345.9872 -365.1494 -446.9713 -530.1172 -362.8936 -548.0128 -564.213 -548.3801 -459.2468 -484.8635 -648.1253 -700.3282 -715.6017 -767.867 -851.8808 -919.5829 -1076.586 -1068.572 -1055.902 -1092.721 -1166.238
279.5512 285.0595 295.092 295.4532 285.5356 292.4155 297.9602 284.8715 482.1674 473.4491 365.8293 290.3676 292.7766 346.6674 405.6321 368.4182 315.6499 341.6728 434.6388 431.8256 341.9672 264.8302 243.7559 290.4708 343.6955 299.4078 277.6851 281.9714 226.8949 207.2247 228.1847 266.7999 260.9413 252.0299 153.5809 -18.00432 -149.4306 -176.5478 -186.4075 -218.4383 -262.835 -279.6432 -286.2031 -303.2735 -377.3248 -500.6477 -626.2695 -626.1745 -472.6404 -421.8586 -423.9146 -507.4368 -599.6011 -633.5079 -701.139 -853.2918 -1000.65 -1098.431 -1068.779 -1087.17 -1131.081 -1167.987
281.797 288.5569 291.7137 295.5427 297.5168 303.0736 311.6831 298.3245 469.5038 461.0424 303.5359 295.9836 301.0933 354.5646 423.5022 375.5536 341.6463 378.0468 428.5955 465.485 365.7475 269.3993 241.2407 270.8041 309.7806 258.664 231.4608 236.5974 193.9416 177.4375 237.6243 257.2366 270.0922 275.8058 178.6694 -39.39708 -51.7485 -82.48427 -176.0409 -225.0254 -328.5175 -363.1071 -374.2232 -299.3113 -351.8209 -470.7976 -470.9569 -477.3352 -571.5179 -519.4103 -533.2321 -538.3826 -582.5682 -708.4023 -860.2402 -928.189 -961.2714 -1046.274 -1124.498 -1144.897 -1143.903 -1189.405
282.549 287.2193 292.1581 304.6184 309.2045 303.3638 304.5241 302.6211 413.4041 409.4868 305.8033 296.4325 319.3124 372.0991 418.2831 418.6355 397.3906 429.6835 406.3481 431.5443 393.2032 286.0021 240.7065 223.5219 241.2746 215.0676 188.2286 211.7861 172.1535 197.9303 292.2777 261.6254 270.375 270.0154 212.9515 98.19154 110.5334 61.92392 -99.81127 -165.3911 -288.9101 -400.1095 -434.088 -362.935 -359.6977 -465.6651 -481.7487 -481.0634 -526.1012 -401.3368 -406.2309 -420.7701 -468.3848 -573.1497 -722.0239 -869.5093 -940.5394 -974.0011 -1044.715 -1150.29 -1192.277 -1211.562
281.6888 284.8258 297.7198 307.235 301.9605 293.4774 307.5184 317.261 306.9958 304.4391 318.9648 302.6313 372.083 457.8467 416.3296 404.4398 408.007 402.6462 400.8258 391.631 389.0469 325.8932 258.7769 225.1745 216.7078 203.9848 198.7901 201.4795 199.6594 238.5439 314.9125 294.1874 267.2965 275.8342 229.7115 213.5009 201.591 174.4693 32.74179 -52.26619 -206.6817 -376.9622 -430.2946 -400.3882 -381.7263 -435.4551 -414.7733 -390.6102 -321.7387 -257.8583 -382.8887 -500.0133 -584.5421 -630.8716 -696.7452 -777.5474 -857.9215 -877.9612 -988.1185 -1150.158 -1238.195 -1258.655
282.8991 284.279 293.7238 294.7836 295.2043 294.1656 300.3323 301.5587 335.0642 314.4142 314.7632 315.0907 384.2642 455.5057 406.3504 423.771 336.5144 317.2367 402.3774 360.0352 386.9559 336.4651 322.4977 252.331 219.3957 211.9224 232.6728 244.2442 238.4868 260.8693 259.2216 304.2202 244.46 240.5957 218.1221 194.0441 210.1689 217.9052 152.2933 64.7355 -174.0475 -358.8765 -395.6178 -353.6082 -304.1553 -283.2125 -222.0251 -193.8219 -180.5044 -274.0572 -509.1558 -673.3873 -766.4832 -788.9938 -815.1076 -847.4302 -948.0606 -936.4944 -965.3357 -1131.282 -1221.862 -1268.731
275.4464 282.2428 284.5972 288.0713 291.8787 297.3341 300.2155 299.4722 334.3385 313.6994 331.8297 328.0432 358.447 389.603 419.6971 369.7017 310.9499 411.0647 441.627 449.8814 377.7534 300.9995 287.041 268.0691 235.4208 256.5617 267.9853 262.3717 261.533 257.6027 252.9805 252.4474 153.2846 11.95165 110.101 156.7174 195.791 203.1519 207.2601 145.3605 -152.9368 -291.0846 -265.5862 -191.5329 -77.17454 -48.65635 -79.01428 -117.3857 -246.1017 -442.6648 -652.3358 -728.0947 -762.5566 -816.5474 -890.4863 -952.76 -1033.16 -1048.945 -972.9224 -1112.045 -1212.999 -1260.199
268.1306 275.1028 276.3886 286.5086 303.9959 305.1531 306.2635 306.9955 314.6706 326.1827 333.4679 336.1397 359.1623 350.5126 350.0153 334.1903 414.2325 434.7274 405.5938 407.6028 364.7948 281.0459 279.2843 255.056 252.6321 273.7248 354.7046 394.8966 407.7129 393.9219 353.5915 315.6152 151.6229 -25.25158 -59.54385 -5.79284 -5.09025 -13.09376 145.1831 159.9082 -77.65879 -54.38647 18.57223 52.16007 88.73235 50.85055 -107.9151 -286.6342 -454.6706 -589.0447 -684.261 -660.0369 -648.0323 -750.1888 -880.0778 -968.2065 -996.5765 -1082.934 -1012.355 -1102.032 -1189.031 -1242.739
264.2511 266.9983 271.1376 278.1175 296.0469 310.9976 320.4045 307.5081 307.6873 340.4347 329.7647 330.3659 347.1585 357.5427 358.2641 334.6255 392.6379 422.6156 332.5927 322.8004 312.5922 283.7033 266.4359 256.2296 259.7235 276.7322 294.5456 297.255 293.8689 359.5954 213.7525 207.6332 101.4646 -49.7962 -124.5457 -153.0802 -146.2447 -157.4744 44.37109 176.0877 159.7587 121.173 55.49603 78.65207 -13.15667 -175.9001 -377.1458 -585.7432 -676.3043 -557.5587 -509.6307 -600.9643 -718.4866 -825.2789 -929.6854 -1007.787 -1043.685 -1088.841 -1066.823 -1093.543 -1121.106 -1235.608
262.9777 262.2741 264.5794 267.4653 279.8018 299.3831 309.3886 315.1503 305.9917 322.6145 329.9135 321.6992 335.0582 360.7935 376.5003 362.3753 361.6187 378.3846 313.8903 303.2181 294.4777 281.0813 265.8129 257.6894 265.68 279.303 271.9925 274.2729 276.1854 367.5927 264.419 75.71107 38.44845 -68.28748 -80.64776 -104.4096 -173.8544 -192.4471 33.25783 99.64135 -15.27799 -81.39163 -104.5767 -168.2542 -265.0407 -296.0618 -317.745 -492.9991 -668.9531 -571.8196 -511.9638 -652.1942 -734.2432 -801.6352 -912.54 -1005.106 -1038.276 -1078.347 -1091.339 -1099.996 -1167.581 -1299.227
