Dropbox/GRP Data/GRP mammal paper/NN_analysis/DATA/2014 input files/ss_c_bio_5.asc
ncols         211
nrows         307
xllcorner     27099.1390263
yllcorner     -314514.2499113
cellsize      821.1860311
NODATA_value  -9999
[rows 116 to 144 of 307, columns 0 to 63 of 211]
-9999 -9999 -9999 -9999 -9999 3626.242 3625.574 3623.411 3622.255 3621.882 3621.81 3613.818 3613.513 3613.194 3616.675 3628.133 3639.481 3643.264 3650.951 3652.491 3662.557 3654.111 3650.994 3645.256 3647.024 3651.632 3651.714 3651.861 3660.551 3662.694 3662.966 3663.018 3662.719 3661.982 3662.464 3670.094 3670.585 3660.134 3666.651 3677.048 3678.159 3678.631 3679.2 3679.719 3676.58 3674.995 3670.188 3658.859 3638.935 3659.274 3660.829 3646.827 3641.335 3626.36 3614.788 3627.857 3592.955 3614.146 3616.24 3599.02 3588.496 3658.698 3665.307 3679.477
-9999 -9999 -9999 -9999 -9999 3625.297 3624.481 3623.889 3623.578 3623.284 3623.012 3618.941 3612.563 3612.184 3613.12 3623.65 3638.48 3642.393 3649.929 3652.021 3648.003 3644.677 3643.896 3641.36 3645.109 3650.712 3650.904 3651.086 3659.425 3661.732 3661.96 3662.181 3662.591 3662.048 3661.157 3668.685 3668.862 3652.548 3656.879 3675.611 3677.105 3677.748 3678.274 3678.67 3678.68 3679.002 3678.714 3677.741 3668.137 3670.438 3667.056 3673.932 3653.528 3642.518 3627.3 3640.914 3632.217 3625.863 3629.174 3644.014 3594.755 3659.248 3688.692 3679.2
-9999 -9999 -9999 -9999 -9999 3629.635 3628.784 3628.133 3627.901 3623.063 3622.081 3621.516 3616.952 3615.102 3610.912 3620.991 3634.179 3639.654 3644.461 3645.431 3641.064 3635.019 3635.967 3640.244 3644.062 3649.802 3650.139 3650.223 3653.323 3659.956 3660.933 3661.321 3661.733 3662.043 3661.137 3667.534 3671.894 3656.832 3660.382 3674.758 3675.883 3676.621 3677.214 3677.686 3678.214 3678.533 3679.149 3680.064 3672.301 3671.4 3666.833 3679.535 3670.301 3658.949 3640.001 3633.345 3629.31 3629.409 3639.854 3648.136 3644.516 3662.18 3682.637 3663.925
-9999 -9999 -9999 -9999 -9999 3633.507 3632.677 3632.016 3631.626 3626.386 3625.438 3620.771 3620.365 3618.719 3614.524 3622.356 3630.834 3637.303 3636.536 3631.37 3635.274 3629.964 3631.66 3639.146 3641.107 3646.558 3649.289 3649.277 3649.288 3658.409 3659.823 3660.349 3660.841 3661.333 3661.204 3666.95 3672.734 3662.913 3667.667 3673.814 3674.421 3675.039 3675.599 3676.228 3676.891 3677.203 3677.626 3678.603 3670.777 3670.15 3665.1 3679.006 3673.498 3670.806 3659.697 3646.435 3658.441 3631.982 3663.836 3650.827 3688.095 3686.441 3693.186 3688.188
-9999 -9999 -9999 -9999 -9999 -9999 3631.972 3631.402 3630.868 3630.351 3627.099 3619.677 3619.531 3619.542 3619.307 3624.328 3630.046 3633.982 3627.895 3619.95 3628.918 3628.926 3630.576 3638.342 3638.356 3641.478 3646.949 3648.477 3648.473 3653.771 3658.829 3659.277 3659.844 3660.231 3660.493 3663.904 3669.72 3667.689 3671.147 3672.607 3673.114 3673.526 3674.117 3674.754 3675.475 3675.817 3676.177 3673.243 3668.686 3668.963 3666.701 3670.907 3671.074 3673.674 3672.077 3668.138 3674.51 3642.049 3681.445 3680.196 3689.309 3667.558 3650.447 3691.325
-9999 -9999 -9999 -9999 -9999 -9999 3631.343 3630.714 3630.267 3629.578 3621.609 3618.78 3618.873 3618.663 3619.336 3623.773 3625.589 3624.108 3619.601 3618.389 3628.021 3628.03 3629.627 3637.695 3637.665 3637.736 3642.049 3646.875 3647.754 3647.671 3655.036 3655.581 3658.586 3659.047 3659.167 3659.587 3666.528 3670.3 3670.742 3671.279 3671.955 3672.211 3672.884 3673.407 3674.039 3674.453 3674.96 3668.339 3666.874 3667.614 3668.625 3666.946 3670.391 3672.737 3675.775 3679.962 3680.814 3656.192 3681.184 3669.973 3655.827 3632.45 3616.795 3655.136
-9999 -9999 -9999 -9999 -9999 -9999 3630.562 3629.963 3629.657 3629.199 3628.561 3620.262 3619.111 3618.923 3622.055 3623.385 3612.657 3608.19 3614.529 3617.419 3625.903 3627.294 3628.535 3635.658 3636.637 3636.665 3636.638 3643.454 3646.728 3647.121 3647.068 3648.205 3655.892 3657.77 3657.807 3658.032 3665.97 3669.949 3669.619 3669.995 3670.548 3670.81 3671.526 3671.994 3671.462 3670.517 3671.032 3666.404 3665.556 3666.235 3667.947 3670.155 3672.295 3673.808 3675.808 3679.851 3673.611 3664.001 3673.25 3651.821 3614.788 3619.912 3623.559 3627.119
-9999 -9999 -9999 -9999 -9999 -9999 3629.876 3629.407 3629.144 3628.572 3628.579 3637.982 3628.234 3627.879 3624.308 3617.586 3611.913 3607.021 3606.679 3615.231 3616.46 3626.217 3625.926 3628.642 3635.737 3635.635 3635.534 3641.888 3645.504 3646.149 3646.301 3646.431 3648.376 3656.674 3656.753 3656.851 3664.673 3669.967 3668.745 3668.755 3668.853 3669.421 3670.123 3670.186 3666.224 3661.925 3662.467 3663.093 3663.961 3665.492 3667.153 3670.223 3674.682 3677.437 3675.795 3673.322 3649.094 3660.057 3663.791 3667.766 3604.362 3630.802 3644.816 3644.297
-9999 -9999 -9999 -9999 -9999 -9999 -9999 3628.609 3628.317 3628.009 3627.546 3629.501 3628.04 3625.471 3620.758 3617.512 3607.108 3606.034 3605.694 3614.141 3615.483 3625.236 3624.841 3627.511 3634.674 3634.519 3634.411 3634.789 3642.691 3645.079 3644.854 3644.868 3646.955 3655.725 3655.56 3655.591 3663.415 3668.946 3668.958 3667.572 3667.36 3668.759 3668.624 3666.018 3659.914 3660.486 3661.187 3662.021 3663.082 3665.223 3667.094 3669.299 3677.195 3680.575 3675.215 3647.987 3639.047 3652.833 3639.73 3656.785 3644.062 3638.407 3656.055 3677.957
-9999 -9999 -9999 -9999 -9999 -9999 -9999 3627.832 3627.623 3627.326 3626.907 3626.774 3626.048 3618.568 3616.904 3615.958 3609.01 3605.06 3604.713 3613.13 3614.424 3624.17 3623.85 3624.298 3628.408 3633.284 3633.227 3633.293 3641.242 3643.515 3643.585 3643.548 3644.003 3645.533 3645.506 3649.891 3655.658 3656.623 3665.479 3668.175 3666.275 3667.387 3666.087 3658.692 3658.584 3659.449 3660.002 3660.694 3662.581 3666.51 3670.036 3645.728 3675.909 3684.834 3645.817 3566.779 3626.705 3639.048 3620.326 3646.602 3659.538 3650.5 3657.161 3685.258
-9999 -9999 -9999 -9999 -9999 -9999 -9999 3627.027 3626.833 3626.481 3625.897 3625.287 3619.372 3615.794 3615.449 3615.258 3612.906 3610.754 3610.51 3613.187 3613.39 3616.523 3622.783 3622.668 3626.035 3632.221 3632.084 3632.089 3634.358 3641.244 3642.075 3641.602 3634.969 3637.243 3642.727 3644.134 3645.717 3651.246 3656.282 3658.856 3658.807 3657.825 3657.873 3657.094 3657.743 3658.201 3658.709 3659.433 3654.258 3655.908 3670.36 3648.754 3574.729 3551.196 3553.021 3602.75 3619.406 3596.671 3606.902 3645.935 3659.251 3649.973 3612.654 3664.417
-9999 -9999 -9999 -9999 -9999 -9999 -9999 -9999 3625.884 3625.478 3624.845 3613.722 3610.338 3615.026 3614.791 3614.566 3614.014 3613.288 3612.888 3612.631 3612.365 3612.035 3616.744 3621.524 3622.969 3625.594 3628.357 3630.78 3630.812 3634.116 3640.411 3640.413 3636.135 3632.185 3634.964 3635.105 3635.313 3642.318 3645.931 3646.917 3648.546 3655.475 3654.815 3653.629 3649.404 3649.947 3650.494 3650.988 3649.87 3646.648 3662.122 3633.461 3627.063 3605.602 3612.015 3637.643 3653.123 3638.896 3593.537 3627.233 3665.977 3663.371 3632.351 3610.413
-9999 -9999 -9999 -9999 -9999 -9999 -9999 -9999 3624.865 3624.423 3620.07 3607.737 3608.479 3613.829 3613.752 3613.755 3613.178 3612.582 3612.142 3611.57 3611.229 3610.749 3612.18 3620.663 3620.562 3620.43 3622.63 3627.792 3629.46 3629.294 3634.007 3634.23 3633.515 3629.654 3629.849 3629.978 3630.138 3637.106 3640.834 3636.366 3643.615 3648.661 3647.893 3646.938 3644.699 3645.51 3646.523 3647.103 3648.107 3647.877 3655.667 3637.225 3652.174 3645.806 3649 3654.948 3662.55 3661.805 3637.092 3609.043 3633.479 3667.323 3658.868 3633.929
-9999 -9999 -9999 -9999 -9999 -9999 -9999 -9999 3623.883 3623.397 3613.715 3612.998 3612.635 3612.346 3612.487 3613.042 3612.387 3611.907 3611.486 3610.863 3610.341 3609.909 3611.376 3619.792 3619.448 3619.048 3618.448 3624.613 3628.067 3627.875 3627.791 3627.854 3628.44 3631.041 3628.166 3628.203 3628.374 3635.202 3638.961 3630.779 3641.76 3642.522 3642.192 3642.186 3643.013 3643.939 3645.144 3645.793 3646.731 3648.746 3651.758 3646.903 3653.208 3654.588 3656.432 3658.608 3661.307 3665.217 3668.849 3635.646 3595.221 3625.146 3672.658 3661.151
-9999 -9999 -9999 -9999 -9999 -9999 -9999 -9999 3622.898 3620.939 3612.768 3612.044 3611.708 3611.528 3612.293 3614.177 3612.673 3611.196 3610.647 3610.403 3609.94 3609.389 3609.963 3616.675 3618.101 3617.612 3617.099 3621.519 3623.957 3625.958 3623.756 3626.193 3627.217 3630.952 3623.398 3624.732 3626.594 3631.156 3633.872 3628.58 3636.546 3637.284 3640.471 3640.778 3641.408 3642.366 3643.536 3644.244 3645.2 3646.675 3649.12 3650.067 3652.014 3653.714 3655.506 3657.635 3659.873 3662.878 3680.287 3666.83 3606.836 3634.672 3676.885 3671.846
-9999 -9999 -9999 -9999 -9999 -9999 -9999 -9999 -9999 3613.335 3610.955 3611.201 3610.907 3610.811 3614.453 3621.047 3616.132 3610.798 3609.968 3609.404 3609.206 3608.698 3607.817 3609.229 3615.795 3615.975 3615.625 3615.442 3615.15 3621.887 3615.446 3622.934 3624.236 3620.786 3614.584 3618.331 3622.87 3622.779 3623.269 3623.618 3628.271 3628.478 3636.402 3637.225 3637.458 3638.181 3639.329 3640.222 3641.125 3642.462 3644.333 3648.9 3650.81 3651.922 3651.565 3655.076 3659.484 3662.454 3684.426 3675.8 3633.447 3679.579 3681.232 3678.829
-9999 -9999 -9999 -9999 -9999 -9999 -9999 -9999 -9999 3612.471 3610.197 3610.326 3609.912 3609.868 3613.622 3620.174 3619.828 3613.24 3608.816 3608.721 3607.951 3607.392 3606.978 3606.219 3608.871 3614.814 3614.359 3613.995 3613.571 3613.312 3613.195 3613.276 3620.971 3612.681 3612.602 3612.709 3612.804 3612.367 3612.463 3612.766 3625.728 3626.238 3626.926 3627.946 3628.714 3629.122 3630.351 3631.785 3632.597 3634.031 3635.628 3646.449 3647.958 3647.41 3643.707 3649.657 3657.037 3659.449 3671.549 3670.929 3641.042 3682.978 3687.697 3689.37
-9999 -9999 -9999 -9999 -9999 -9999 -9999 -9999 -9999 3610.03 3609.375 3609.462 3609.122 3609.149 3609.988 3610.335 3614.173 3612.164 3614.057 3609.366 3607.232 3606.451 3605.963 3607.175 3613.946 3613.688 3612.977 3612.476 3611.901 3611.403 3611.357 3611.069 3611.451 3610.764 3610.735 3610.695 3610.607 3604.845 3601.718 3601.952 3623.092 3624.282 3624.892 3625.819 3626.974 3627.825 3628.605 3630.077 3631.702 3633.189 3634.864 3637.037 3638.8 3640.679 3642.784 3645.147 3647.802 3644.119 3632.262 3645.461 3679.956 3677.656 3689.875 3696.354
-9999 -9999 -9999 -9999 -9999 -9999 -9999 -9999 -9999 -9999 3608.524 3608.387 3607.982 3607.911 3608.681 3607.964 3608.681 3612.735 3616.196 3614.523 3606.584 3605.317 3604.729 3604.468 3607.837 3612.208 3611.454 3610.793 3610.366 3610.111 3602.241 3601.022 3601.6 3608.813 3608.724 3608.541 3608.614 3607.858 3601.601 3599.541 3611.69 3613.071 3613.941 3615.068 3619.074 3625.917 3626.957 3628.769 3630.219 3631.825 3633.49 3635.331 3637.573 3639.769 3642.692 3645.278 3648.185 3653.443 3656.032 3570.723 3665.383 3685.467 3696.659 3695.111
-9999 -9999 -9999 -9999 -9999 -9999 -9999 -9999 -9999 -9999 3608.269 3607.339 3606.913 3606.833 3607.738 3607.108 3606.507 3612.126 3615.812 3615.279 3605.715 3604.189 3603.471 3602.81 3602.989 3604.241 3603.287 3606.538 3608.683 3602.588 3598.099 3597.396 3597.311 3599.461 3599.198 3599.099 3599.046 3599.188 3597.679 3597.233 3607.864 3609.565 3610.352 3611.869 3613.887 3616.597 3617.607 3618.812 3620.321 3621.906 3623.792 3625.911 3636.381 3638.641 3641.422 3644.249 3647.446 3658.047 3591.521 3520.985 3628.642 3685.169 3688.969 3697.013
-9999 -9999 -9999 -9999 -9999 -9999 -9999 -9999 -9999 -9999 3612.298 3606.554 3605.978 3605.726 3605.952 3605.397 3605.156 3611.093 3614.737 3614.239 3609.659 3603.135 3602.33 3601.687 3600.822 3599.925 3598.84 3600.445 3601.233 3597.251 3595.891 3595.455 3594.983 3594.414 3594.211 3594.148 3594.107 3594.333 3594.502 3594.214 3604.83 3606.912 3607.901 3609.381 3610.938 3612.509 3614.019 3615.211 3616.787 3618.449 3620.481 3622.61 3627.78 3631.667 3640.461 3643.303 3646.275 3651.366 3634.521 3559.733 3598.273 3684.949 3695.729 3698.748
-9999 -9999 -9999 -9999 -9999 -9999 -9999 -9999 -9999 -9999 3615.881 3609.748 3605.14 3604.701 3604.313 3603.812 3603.938 3607.715 3612.492 3613.31 3612.771 3602.102 3601.262 3600.442 3599.563 3598.62 3597.563 3596.549 3595.554 3594.779 3593.961 3593.332 3592.817 3592.403 3592.793 3592.606 3592.469 3592.397 3592.573 3591.97 3597.119 3598.659 3599.646 3601.08 3602.866 3604.362 3606.168 3611.049 3614.914 3616.658 3618.789 3621.163 3624.132 3627.619 3633.298 3638.547 3645.298 3648.437 3662.214 3628.73 3608.747 3664.174 3697.341 3699.29
-9999 -9999 -9999 -9999 -9999 -9999 -9999 -9999 -9999 -9999 -9999 3612.313 3604.576 3604.156 3603.75 3603.292 3603.44 3603.82 3610.128 3612.746 3612.068 3601.33 3600.434 3599.405 3597.536 3594.095 3594.751 3595.428 3594.146 3593.053 3592.067 3591.128 3586.769 3587.241 3591.191 3590.921 3590.759 3590.428 3590.486 3589.817 3590.169 3590.939 3592.058 3593.782 3595.851 3597.492 3599.541 3604.407 3608.162 3610.094 3612.316 3619.794 3622.967 3625.839 3628.517 3635.46 3644.687 3651.535 3669.948 3673.273 3659.682 3671.942 3697.187 3700.867
-9999 -9999 -9999 -9999 -9999 -9999 -9999 -9999 -9999 -9999 -9999 3604.986 3604.437 3604.07 3603.542 3603.006 3603.23 3603.764 3609.932 3612.476 3609.911 3600.951 3599.881 3598.796 3594.989 3586.7 3589.222 3592.091 3590.399 3588.872 3587.946 3586.722 3578.827 3582.325 3588.581 3588.222 3588.095 3587.735 3587.333 3586.738 3586.907 3584.396 3585.744 3590.699 3592.765 3594.671 3596.922 3598.889 3600.965 3603.243 3605.765 3614.515 3621.572 3624.534 3627.234 3634.443 3644.157 3654.148 3670.587 3686.25 3691.758 3688.96 3697.393 3705.534
-9999 -9999 -9999 -9999 -9999 -9999 -9999 -9999 -9999 -9999 -9999 3604.526 3604.055 3603.57 3602.97 3602.204 3602.378 3602.922 3608.455 3610.804 3602.049 3599.933 3598.973 3597.66 3593.927 3585.379 3584 3582.753 3581.475 3580.258 3579.398 3578.156 3579.533 3586.629 3584.442 3583.706 3583.273 3582.718 3581.648 3581.27 3581.396 3574.505 3575.945 3585.315 3587.24 3589.335 3591.858 3595.435 3598.887 3601.319 3604.086 3606.972 3620.1 3623.316 3626.142 3633.361 3643.397 3651.386 3665.922 3681.647 3690.897 3697.249 3700.939 3709.516
-9999 -9999 -9999 -9999 -9999 -9999 -9999 -9999 -9999 -9999 -9999 3603.798 3603.224 3602.871 3602.302 3601.862 3602.016 3602.609 3602.213 3601.54 3600.359 3599.427 3598.188 3596.938 3593.151 3584.55 3583.106 3581.676 3580.262 3578.983 3577.708 3576.399 3585.585 3582.909 3573.394 3572.337 3571.81 3571.2 3570.073 3569.847 3570.108 3570.698 3571.882 3574.36 3576.423 3578.577 3581.414 3589.218 3595.257 3598.893 3602.188 3605.079 3616.994 3621.964 3625.08 3631.596 3641.356 3646.146 3656.839 3673.302 3689.049 3703.355 3706.691 3709.901
-9999 -9999 -9999 -9999 -9999 -9999 -9999 -9999 -9999 -9999 -9999 -9999 3602.625 3602.173 3601.668 3601.187 3601.473 3601.994 3601.251 3600.357 3599.406 3598.405 3597.247 3596.019 3592.048 3583.048 3581.461 3579.973 3578.432 3576.864 3575.386 3574.005 3574.554 3573.18 3571.549 3569.715 3568.602 3567.864 3566.678 3566.239 3566.33 3567.381 3568.776 3570.337 3572.654 3575.032 3578.154 3581.39 3584.06 3594.216 3599.79 3603.413 3607.66 3620.144 3624.006 3627.562 3636.661 3645.503 3655.274 3672.395 3687.399 3703.092 3706.042 3711.096
-9999 -9999 -9999 -9999 -9999 -9999 -9999 -9999 -9999 -9999 -9999 -9999 3602.092 3601.594 3601.202 3603.237 3604.966 3601.345 3600.653 3599.759 3598.692 3597.464 3596.225 3594.972 3592.757 3586.58 3579.875 3578.209 3576.551 3574.71 3572.968 3571.365 3570.905 3569.615 3568.631 3567.514 3566.257 3564.792 3563.895 3563.467 3562.678 3563.293 3564.728 3566.728 3569.223 3572.178 3575.125 3578.342 3581.707 3585.28 3588.593 3601.241 3605.372 3611.114 3623.207 3626.986 3641.596 3645.665 3644.835 3667.432 3677.742 3701.968 3705.348 3710.283
-9999 -9999 -9999 -9999 -9999 -9999 -9999 -9999 -9999 -9999 -9999 -9999 3601.423 3600.951 3600.619 3601.459 3602.444 3600.698 3600.029 3599.072 3597.907 3596.612 3595.263 3593.891 3590.711 3582.56 3578.408 3576.417 3574.434 3572.4 3570.501 3568.629 3567.769 3566.499 3565.351 3564.532 3563.545 3561.921 3560.625 3559.86 3552.975 3552.45 3553.825 3555.952 3560.23 3568.573 3571.878 3575.434 3579.125 3582.287 3585.879 3599.13 3603.587 3609.388 3621.946 3625.906 3627.612 3631.341 3643.694 3659.158 3673.909 3691.472 3695.849 3709.376
