Dropbox/GRP Data/GRP mammal paper/NN_analysis/DATA/2014 input files/ss_c_bio_1.asc
ncols         211
nrows         307
xllcorner     27099.1390263
yllcorner     -314514.2499113
cellsize      821.1860311
NODATA_value  -9999
[rows 114 to 151 of 307, columns 0 to 86 of 211]
-9999 -9999 -9999 -9999 1756 1756 1757 1758 1758 1759 1761 1760 1764 1763 1766 1767 1769 1768 1767 1768 1768 1769 1770 1767 1761 1759 1760 1760 1761 1760 1760 1761 1761 1762 1760 1760 1760 1759 1757 1755 1755 1755 1755 1757 1759 1763 1767 1771 1773 1778 1772 1752 1766 1773 1773 1781 1811 1808 1766 1759 1736 1739 1745 1742 1738 1732 1719 1696 1685 1655 1551 1524 1601 1652 1674 1662 1617 1535 1468 1492 1515 1541 1565 1576 1601 1566 1429
-9999 -9999 -9999 -9999 1755 1755 1756 1756 1757 1758 1758 1762 1764 1765 1765 1767 1768 1767 1766 1768 1767 1767 1766 1766 1761 1758 1759 1758 1760 1759 1759 1761 1761 1760 1759 1759 1760 1759 1756 1755 1754 1756 1755 1757 1760 1765 1769 1773 1776 1784 1778 1739 1751 1766 1767 1769 1807 1808 1769 1764 1753 1742 1753 1749 1746 1727 1691 1649 1606 1561 1486 1512 1616 1688 1697 1668 1616 1533 1478 1471 1489 1527 1547 1578 1608 1574 1481
-9999 -9999 -9999 -9999 -9999 1755 1755 1755 1755 1757 1757 1760 1762 1764 1763 1765 1767 1767 1766 1766 1767 1765 1765 1764 1761 1759 1759 1758 1760 1760 1762 1762 1760 1760 1758 1757 1757 1762 1755 1753 1753 1753 1754 1756 1759 1765 1769 1780 1779 1781 1781 1762 1751 1745 1751 1757 1804 1792 1783 1782 1776 1736 1737 1746 1747 1715 1654 1588 1552 1515 1495 1516 1626 1696 1705 1683 1643 1550 1507 1460 1454 1483 1490 1534 1582 1589 1615
-9999 -9999 -9999 -9999 -9999 1753 1754 1754 1755 1756 1758 1759 1760 1762 1761 1763 1765 1765 1766 1765 1765 1763 1762 1763 1762 1760 1759 1759 1759 1760 1761 1761 1759 1758 1756 1756 1755 1764 1760 1753 1753 1752 1753 1755 1757 1759 1759 1764 1765 1767 1770 1773 1773 1760 1746 1748 1775 1746 1741 1783 1782 1756 1749 1749 1748 1728 1696 1658 1621 1626 1616 1617 1671 1714 1701 1698 1673 1584 1538 1467 1430 1421 1459 1495 1531 1557 1619
-9999 -9999 -9999 -9999 -9999 1753 1754 1754 1754 1755 1756 1758 1759 1759 1760 1762 1763 1763 1764 1763 1761 1760 1760 1760 1761 1761 1760 1758 1758 1758 1759 1760 1758 1756 1755 1755 1755 1762 1758 1754 1754 1753 1754 1754 1755 1756 1756 1760 1762 1765 1768 1776 1772 1770 1759 1743 1741 1736 1748 1754 1743 1754 1748 1759 1775 1760 1744 1722 1651 1670 1642 1662 1720 1713 1713 1716 1675 1578 1539 1483 1395 1396 1439 1459 1508 1578 1643
-9999 -9999 -9999 -9999 -9999 1753 1754 1753 1753 1754 1755 1757 1758 1758 1758 1760 1761 1762 1761 1759 1758 1758 1757 1757 1759 1760 1760 1757 1757 1757 1758 1758 1756 1755 1755 1754 1755 1758 1755 1754 1754 1754 1754 1754 1755 1754 1755 1759 1760 1763 1766 1771 1768 1770 1773 1766 1754 1734 1761 1755 1750 1749 1748 1759 1760 1753 1735 1714 1682 1732 1715 1710 1721 1729 1725 1673 1614 1543 1485 1460 1371 1398 1423 1486 1572 1604 1656
-9999 -9999 -9999 -9999 -9999 -9999 1752 1752 1753 1753 1754 1755 1757 1757 1757 1758 1759 1760 1758 1757 1757 1757 1756 1756 1757 1758 1758 1757 1756 1756 1756 1756 1754 1754 1755 1754 1755 1755 1755 1754 1754 1754 1754 1755 1755 1753 1755 1757 1758 1760 1764 1766 1765 1767 1774 1774 1757 1746 1775 1760 1745 1746 1745 1758 1769 1764 1730 1723 1717 1748 1747 1743 1743 1735 1717 1663 1610 1582 1535 1482 1465 1436 1454 1476 1576 1641 1670
-9999 -9999 -9999 -9999 -9999 -9999 1749 1751 1752 1752 1752 1754 1755 1756 1756 1758 1757 1756 1755 1756 1758 1757 1757 1756 1755 1757 1757 1756 1754 1753 1754 1755 1753 1753 1753 1754 1755 1755 1755 1755 1755 1754 1755 1755 1755 1753 1754 1755 1758 1758 1760 1762 1762 1765 1769 1771 1760 1767 1782 1758 1733 1737 1749 1752 1770 1764 1711 1669 1714 1753 1752 1750 1751 1749 1734 1690 1666 1639 1574 1541 1517 1528 1551 1523 1554 1648 1686
-9999 -9999 -9999 -9999 -9999 -9999 1748 1750 1750 1750 1751 1753 1754 1754 1755 1757 1755 1753 1754 1755 1756 1755 1755 1755 1755 1755 1756 1755 1753 1751 1752 1752 1752 1752 1752 1753 1756 1756 1755 1755 1755 1755 1755 1755 1755 1753 1753 1754 1757 1759 1758 1759 1760 1764 1767 1770 1769 1780 1779 1760 1735 1741 1755 1751 1762 1755 1727 1673 1708 1744 1739 1735 1751 1749 1744 1723 1701 1653 1595 1549 1514 1602 1655 1613 1524 1580 1677
-9999 -9999 -9999 -9999 -9999 -9999 1747 1749 1749 1749 1750 1753 1755 1755 1754 1755 1753 1750 1750 1753 1753 1752 1751 1753 1754 1754 1755 1754 1753 1750 1750 1750 1751 1751 1751 1752 1755 1757 1756 1756 1755 1756 1756 1756 1754 1752 1751 1752 1755 1758 1757 1758 1762 1766 1770 1775 1771 1777 1774 1767 1751 1759 1756 1761 1766 1756 1759 1750 1737 1721 1733 1719 1748 1732 1742 1739 1720 1644 1600 1533 1517 1648 1709 1668 1563 1571 1655
-9999 -9999 -9999 -9999 -9999 -9999 -9999 1746 1746 1747 1748 1750 1752 1752 1751 1752 1751 1750 1749 1749 1751 1750 1751 1754 1753 1752 1753 1753 1754 1752 1750 1749 1750 1752 1751 1752 1754 1756 1758 1756 1756 1756 1755 1754 1753 1752 1751 1752 1754 1756 1760 1760 1770 1777 1783 1795 1778 1777 1782 1766 1762 1760 1759 1770 1779 1763 1744 1780 1780 1720 1747 1714 1748 1735 1753 1733 1723 1650 1615 1533 1535 1670 1711 1673 1623 1616 1663
-9999 -9999 -9999 -9999 -9999 -9999 -9999 1745 1745 1745 1747 1749 1750 1750 1749 1749 1749 1750 1749 1749 1749 1752 1752 1753 1753 1752 1753 1753 1754 1753 1751 1750 1749 1750 1751 1752 1752 1753 1756 1756 1755 1756 1756 1755 1755 1752 1750 1751 1753 1754 1775 1764 1780 1784 1797 1810 1789 1767 1772 1767 1765 1763 1761 1774 1770 1755 1756 1792 1807 1775 1744 1720 1766 1785 1769 1714 1684 1677 1671 1553 1533 1653 1687 1674 1651 1645 1704
-9999 -9999 -9999 -9999 -9999 -9999 -9999 1745 1744 1744 1745 1748 1749 1748 1748 1748 1749 1750 1750 1749 1749 1749 1752 1753 1753 1752 1752 1753 1754 1753 1752 1750 1748 1749 1749 1750 1750 1752 1753 1754 1755 1754 1754 1754 1753 1750 1750 1751 1753 1756 1762 1769 1791 1797 1793 1788 1766 1750 1759 1766 1764 1764 1755 1768 1759 1772 1802 1812 1813 1795 1741 1762 1779 1786 1756 1712 1700 1744 1737 1634 1534 1608 1646 1693 1707 1696 1732
-9999 -9999 -9999 -9999 -9999 -9999 -9999 -9999 1745 1744 1744 1745 1747 1748 1746 1747 1748 1749 1750 1749 1750 1749 1749 1751 1751 1750 1751 1752 1754 1753 1753 1750 1749 1748 1748 1749 1749 1750 1751 1750 1753 1753 1752 1754 1752 1750 1749 1750 1751 1756 1767 1756 1775 1782 1786 1776 1763 1760 1750 1761 1764 1765 1761 1768 1775 1774 1803 1815 1818 1813 1747 1752 1790 1797 1775 1759 1770 1759 1733 1642 1534 1584 1653 1701 1733 1745 1746
-9999 -9999 -9999 -9999 -9999 -9999 -9999 -9999 1746 1745 1745 1743 1745 1746 1746 1746 1748 1748 1749 1749 1750 1749 1748 1749 1749 1749 1750 1751 1753 1753 1753 1751 1749 1748 1748 1748 1748 1749 1749 1748 1751 1752 1752 1752 1751 1749 1749 1750 1750 1751 1759 1752 1758 1759 1763 1761 1760 1764 1759 1757 1765 1768 1769 1770 1767 1761 1767 1775 1782 1815 1780 1782 1791 1781 1779 1761 1760 1757 1690 1608 1575 1593 1654 1684 1721 1748 1745
-9999 -9999 -9999 -9999 -9999 -9999 -9999 -9999 1747 1746 1745 1745 1744 1744 1745 1747 1747 1747 1748 1750 1751 1749 1748 1748 1748 1748 1749 1751 1752 1753 1753 1751 1750 1748 1748 1748 1748 1749 1749 1748 1750 1750 1751 1750 1749 1748 1749 1750 1750 1747 1749 1751 1750 1751 1752 1755 1758 1762 1765 1760 1756 1762 1772 1772 1764 1757 1752 1756 1754 1795 1790 1806 1803 1773 1774 1744 1732 1714 1645 1633 1636 1639 1663 1713 1747 1749 1719
-9999 -9999 -9999 -9999 -9999 -9999 -9999 -9999 1747 1748 1747 1747 1745 1745 1746 1747 1746 1746 1747 1750 1751 1749 1747 1747 1747 1747 1748 1749 1750 1752 1752 1751 1750 1749 1748 1747 1747 1748 1748 1748 1750 1748 1749 1749 1748 1747 1748 1749 1748 1747 1747 1749 1751 1752 1753 1755 1757 1760 1765 1765 1756 1763 1773 1774 1769 1758 1743 1744 1738 1763 1786 1794 1786 1770 1775 1734 1697 1681 1611 1624 1660 1665 1673 1718 1761 1735 1684
-9999 -9999 -9999 -9999 -9999 -9999 -9999 -9999 -9999 1747 1749 1746 1746 1745 1745 1746 1746 1747 1747 1750 1751 1749 1748 1747 1747 1747 1747 1747 1748 1750 1751 1751 1750 1748 1747 1747 1747 1748 1747 1747 1749 1749 1749 1748 1746 1745 1746 1747 1747 1747 1749 1751 1752 1754 1754 1755 1758 1761 1765 1767 1764 1771 1775 1776 1774 1764 1745 1745 1747 1762 1782 1780 1769 1773 1783 1743 1688 1634 1586 1598 1664 1679 1682 1733 1764 1730 1676
-9999 -9999 -9999 -9999 -9999 -9999 -9999 -9999 -9999 1748 1749 1748 1745 1745 1744 1745 1746 1746 1746 1749 1751 1749 1748 1747 1746 1747 1746 1746 1746 1749 1751 1751 1751 1748 1746 1745 1745 1746 1746 1746 1749 1749 1749 1748 1746 1746 1746 1746 1746 1747 1750 1752 1753 1754 1754 1755 1757 1762 1765 1767 1766 1773 1777 1778 1777 1772 1759 1760 1768 1780 1766 1763 1767 1778 1784 1747 1694 1632 1612 1622 1671 1684 1684 1727 1762 1745 1717
-9999 -9999 -9999 -9999 -9999 -9999 -9999 -9999 -9999 1746 1747 1750 1748 1744 1745 1744 1745 1746 1747 1747 1748 1748 1750 1748 1747 1746 1746 1746 1746 1750 1751 1751 1750 1749 1746 1745 1745 1744 1745 1747 1749 1749 1749 1748 1746 1747 1746 1745 1745 1747 1749 1749 1750 1753 1754 1755 1755 1758 1760 1761 1772 1774 1778 1779 1776 1772 1773 1773 1774 1776 1743 1739 1769 1779 1776 1733 1694 1683 1682 1686 1685 1677 1680 1698 1747 1759 1754
-9999 -9999 -9999 -9999 -9999 -9999 -9999 -9999 -9999 -9999 1746 1749 1749 1746 1745 1745 1744 1746 1747 1747 1747 1749 1749 1748 1746 1746 1746 1746 1747 1750 1750 1749 1750 1750 1748 1746 1746 1746 1745 1745 1748 1748 1748 1747 1748 1748 1748 1747 1746 1747 1748 1747 1748 1751 1753 1755 1756 1760 1752 1730 1770 1776 1778 1778 1774 1769 1779 1781 1778 1777 1773 1779 1781 1780 1776 1731 1697 1697 1723 1719 1694 1660 1676 1681 1719 1757 1752
-9999 -9999 -9999 -9999 -9999 -9999 -9999 -9999 -9999 -9999 1746 1746 1748 1747 1745 1746 1745 1747 1747 1746 1747 1748 1748 1748 1747 1747 1746 1746 1746 1747 1748 1748 1749 1749 1748 1746 1745 1745 1746 1747 1749 1749 1746 1747 1747 1748 1748 1746 1745 1746 1746 1748 1750 1751 1753 1757 1758 1760 1734 1723 1765 1774 1776 1778 1782 1782 1783 1783 1783 1780 1785 1783 1782 1784 1790 1745 1709 1730 1748 1731 1688 1631 1683 1685 1711 1757 1756
-9999 -9999 -9999 -9999 -9999 -9999 -9999 -9999 -9999 -9999 1745 1745 1746 1746 1746 1746 1745 1747 1747 1746 1746 1747 1747 1748 1748 1747 1746 1746 1745 1745 1746 1747 1749 1749 1749 1747 1745 1745 1747 1746 1748 1748 1745 1746 1747 1748 1749 1748 1747 1747 1747 1748 1750 1751 1752 1754 1755 1757 1756 1738 1759 1774 1776 1778 1781 1782 1785 1785 1784 1782 1786 1774 1787 1790 1787 1741 1722 1758 1770 1741 1698 1690 1713 1768 1772 1768 1759
-9999 -9999 -9999 -9999 -9999 -9999 -9999 -9999 -9999 -9999 1744 1745 1746 1747 1747 1747 1746 1747 1747 1746 1745 1745 1746 1748 1747 1746 1746 1745 1744 1744 1745 1746 1748 1748 1749 1748 1747 1747 1747 1747 1747 1747 1746 1746 1747 1747 1747 1746 1746 1746 1747 1748 1749 1750 1751 1753 1755 1757 1763 1757 1762 1769 1775 1777 1781 1783 1784 1769 1774 1783 1778 1783 1789 1794 1789 1769 1771 1778 1772 1720 1699 1708 1706 1747 1777 1766 1763
-9999 -9999 -9999 -9999 -9999 -9999 -9999 -9999 -9999 -9999 -9999 1744 1746 1748 1748 1748 1747 1746 1747 1746 1745 1744 1745 1746 1747 1746 1745 1745 1744 1744 1744 1744 1747 1747 1749 1749 1748 1748 1748 1747 1747 1746 1746 1746 1746 1746 1746 1745 1746 1746 1747 1748 1749 1750 1752 1753 1756 1758 1763 1766 1768 1770 1773 1775 1779 1782 1783 1776 1781 1774 1776 1798 1793 1794 1794 1793 1795 1780 1744 1710 1740 1743 1739 1748 1763 1769 1766
-9999 -9999 -9999 -9999 -9999 -9999 -9999 -9999 -9999 -9999 -9999 1743 1745 1746 1747 1748 1748 1747 1747 1746 1745 1743 1744 1745 1746 1744 1744 1744 1744 1743 1743 1744 1745 1747 1750 1750 1749 1748 1747 1747 1747 1747 1746 1745 1745 1746 1745 1745 1745 1746 1747 1748 1749 1750 1753 1754 1756 1759 1763 1767 1770 1772 1773 1773 1777 1780 1782 1785 1788 1782 1771 1788 1796 1793 1794 1800 1805 1792 1767 1716 1754 1764 1764 1765 1770 1774 1770
-9999 -9999 -9999 -9999 -9999 -9999 -9999 -9999 -9999 -9999 -9999 1744 1744 1745 1745 1745 1747 1748 1746 1745 1744 1742 1742 1743 1745 1744 1743 1743 1742 1742 1742 1743 1744 1747 1748 1750 1749 1747 1747 1747 1747 1746 1744 1745 1746 1746 1745 1745 1745 1746 1746 1747 1749 1751 1752 1754 1756 1759 1763 1767 1770 1772 1773 1774 1775 1778 1782 1786 1789 1792 1779 1783 1801 1795 1795 1805 1806 1802 1795 1757 1771 1777 1777 1785 1779 1780 1776
-9999 -9999 -9999 -9999 -9999 -9999 -9999 -9999 -9999 -9999 -9999 1742 1743 1744 1744 1744 1746 1746 1745 1742 1743 1743 1741 1742 1744 1743 1743 1742 1742 1741 1742 1742 1744 1746 1748 1749 1749 1748 1747 1746 1746 1746 1745 1745 1746 1746 1745 1745 1746 1746 1747 1747 1749 1751 1752 1753 1755 1758 1760 1765 1769 1773 1774 1774 1775 1778 1781 1784 1788 1791 1794 1794 1801 1796 1799 1810 1807 1805 1803 1792 1787 1790 1762 1756 1740 1752 1745
-9999 -9999 -9999 -9999 -9999 -9999 -9999 -9999 -9999 -9999 -9999 -9999 1742 1743 1744 1743 1744 1745 1745 1743 1741 1743 1743 1741 1742 1743 1742 1741 1741 1740 1741 1741 1745 1746 1747 1747 1748 1749 1747 1745 1746 1746 1744 1745 1746 1744 1744 1745 1745 1746 1747 1747 1748 1750 1752 1753 1755 1759 1761 1765 1769 1772 1774 1774 1777 1778 1781 1785 1788 1790 1794 1795 1794 1792 1801 1813 1807 1804 1798 1796 1789 1794 1747 1703 1696 1712 1698
-9999 -9999 -9999 -9999 -9999 -9999 -9999 -9999 -9999 -9999 -9999 -9999 1741 1741 1742 1743 1743 1744 1744 1744 1742 1742 1743 1743 1743 1742 1741 1741 1740 1740 1741 1740 1743 1744 1746 1747 1748 1749 1748 1746 1746 1744 1744 1744 1745 1745 1744 1745 1746 1747 1747 1747 1750 1750 1752 1753 1761 1768 1762 1763 1767 1771 1771 1773 1777 1779 1782 1786 1789 1792 1794 1795 1798 1795 1803 1813 1798 1790 1770 1789 1792 1786 1776 1703 1708 1709 1688
-9999 -9999 -9999 -9999 -9999 -9999 -9999 -9999 -9999 -9999 -9999 -9999 1739 1740 1741 1742 1742 1742 1743 1744 1743 1742 1742 1743 1743 1742 1741 1740 1740 1739 1741 1739 1742 1743 1745 1747 1748 1749 1748 1747 1747 1744 1745 1746 1746 1746 1745 1745 1746 1746 1746 1747 1748 1749 1751 1753 1760 1764 1761 1761 1762 1768 1769 1774 1776 1778 1780 1785 1789 1792 1792 1794 1793 1797 1798 1804 1779 1727 1718 1757 1789 1798 1792 1740 1703 1715 1706
-9999 -9999 -9999 -9999 -9999 -9999 -9999 -9999 -9999 -9999 -9999 -9999 -9999 1740 1740 1740 1741 1742 1742 1744 1744 1743 1742 1742 1742 1742 1741 1740 1739 1740 1740 1739 1740 1741 1743 1745 1747 1749 1749 1749 1747 1745 1745 1746 1747 1747 1746 1744 1745 1745 1746 1746 1748 1748 1750 1756 1762 1759 1760 1760 1762 1765 1767 1772 1776 1778 1780 1783 1787 1789 1792 1793 1794 1794 1797 1800 1797 1751 1723 1739 1768 1795 1796 1726 1700 1701 1697
-9999 -9999 -9999 -9999 -9999 -9999 -9999 -9999 -9999 -9999 -9999 -9999 -9999 1740 1740 1740 1740 1741 1742 1742 1743 1743 1742 1741 1741 1741 1741 1740 1740 1740 1739 1738 1738 1740 1742 1744 1746 1748 1750 1750 1749 1746 1746 1747 1747 1746 1745 1745 1745 1745 1746 1745 1747 1748 1751 1759 1765 1760 1758 1760 1762 1764 1767 1771 1776 1777 1780 1782 1786 1789 1792 1792 1799 1796 1805 1803 1789 1779 1771 1769 1781 1795 1769 1745 1737 1703 1689
-9999 -9999 -9999 -9999 -9999 -9999 -9999 -9999 -9999 -9999 -9999 -9999 -9999 1738 1739 1740 1739 1740 1740 1741 1742 1743 1743 1741 1740 1740 1740 1741 1740 1739 1738 1737 1737 1740 1742 1742 1745 1748 1750 1751 1751 1748 1747 1747 1747 1745 1745 1745 1745 1746 1746 1745 1747 1748 1750 1756 1760 1758 1757 1760 1760 1762 1767 1771 1776 1778 1779 1782 1785 1789 1791 1790 1795 1799 1798 1797 1789 1785 1782 1777 1777 1785 1772 1728 1733 1712 1690
-9999 -9999 -9999 -9999 -9999 -9999 -9999 -9999 -9999 -9999 -9999 -9999 -9999 1737 1738 1740 1739 1738 1739 1740 1742 1743 1744 1743 1741 1739 1740 1740 1740 1739 1737 1736 1736 1739 1741 1742 1745 1748 1751 1752 1751 1750 1749 1748 1747 1746 1746 1746 1746 1746 1747 1745 1747 1748 1749 1752 1753 1754 1756 1759 1759 1760 1766 1771 1775 1778 1780 1781 1784 1788 1790 1790 1788 1791 1789 1789 1782 1770 1780 1782 1782 1778 1778 1732 1730 1704 1691
-9999 -9999 -9999 -9999 -9999 -9999 -9999 -9999 -9999 -9999 -9999 -9999 -9999 -9999 1737 1738 1739 1737 1738 1740 1741 1743 1743 1744 1743 1740 1738 1739 1739 1738 1737 1735 1734 1738 1740 1742 1744 1747 1750 1751 1752 1752 1750 1750 1748 1747 1747 1746 1746 1746 1746 1746 1746 1748 1749 1750 1751 1753 1754 1757 1758 1759 1765 1770 1776 1777 1780 1781 1783 1786 1789 1790 1784 1784 1794 1787 1769 1742 1759 1777 1780 1774 1771 1743 1733 1703 1679
-9999 -9999 -9999 -9999 -9999 -9999 -9999 -9999 -9999 -9999 -9999 -9999 -9999 -9999 1736 1737 1738 1737 1738 1739 1742 1742 1742 1743 1744 1742 1739 1739 1738 1737 1736 1734 1736 1738 1739 1742 1744 1747 1750 1751 1753 1753 1752 1750 1748 1748 1747 1746 1746 1745 1746 1746 1746 1748 1748 1750 1751 1752 1754 1756 1758 1759 1765 1770 1776 1777 1779 1780 1782 1785 1787 1788 1786 1785 1803 1786 1765 1726 1732 1768 1773 1774 1769 1749 1732 1711 1675
-9999 -9999 -9999 -9999 -9999 -9999 -9999 -9999 -9999 -9999 -9999 -9999 -9999 -9999 1734 1736 1737 1738 1737 1739 1740 1743 1742 1743 1744 1742 1738 1738 1738 1736 1736 1735 1736 1737 1739 1741 1744 1747 1749 1750 1753 1754 1753 1750 1750 1748 1747 1746 1746 1745 1745 1746 1746 1748 1748 1749 1750 1752 1754 1756 1758 1761 1764 1769 1773 1776 1778 1778 1780 1785 1783 1785 1785 1784 1796 1779 1772 1739 1726 1759 1771 1767 1758 1736 1721 1706 1676
