Dropbox/GRP Data/GRP mammal paper/NN_analysis/DATA/2014 input files/ss_c_bio_12.asc
ncols         211
nrows         307
xllcorner     27099.1390263
yllcorner     -314514.2499113
cellsize      821.1860311
NODATA_value  -9999
[rows 232 to 260 of 307, columns 128 to 191 of 211]
72252.41 65944.9 58783.92 51009.69 44985.44 41379.56 40063.38 38762.23 37210.02 35982.09 30715.75 26973.56 26192.49 27033.99 29227.49 31931.2 34816.08 37631.09 40200.59 42174.13 43232.77 44251.89 43062.05 42026.47 40932.12 40794.36 42159.98 44705.32 48141.19 50682.55 51674.96 50648.45 48629.29 47420.33 46404.25 44787.96 42253.1 37832.86 33932.17 31408.02 30023.22 29192.54 28564.69 27786.36 27233.52 26879.91 26550.88 26851.43 28087.6 30752.18 32416.4 32479.18 31960.09 31202.54 31260.38 31275.94 32678.14 34057.06 34541.65 34282.24 32776.8 30272.31 27053.82 24131.37
67755.16 61776.12 54816.19 48015.33 41729.75 38275.69 36772.71 35485.52 34250.18 32079.41 28721.95 26650.86 26353.91 27244.01 29062.82 31262.26 33552.66 35889 37897.99 39259.4 40250.12 40842.61 40484.74 39801.93 38815.2 38396.41 39363.18 41338.27 43842.11 45740.77 46251.92 45414.07 43804.01 41722.42 40851.14 38940.46 36356.43 34024.92 32361.23 31239.31 30141.77 29396.05 28862.8 28409.93 27777.97 27213.19 26836.92 27161.99 28015.95 30119.63 31860.04 31788.75 31153.68 30348.71 30220.15 30593.6 31983.42 33013.09 33433.09 33797.18 32732.05 30427.9 27307.94 24668.43
66293.53 59760 52440.24 46424.64 40580.81 37021.61 34701.32 32688.01 31042.66 28810.79 27343.07 26580.92 26680.9 27475.56 29019.15 30634.34 32575.47 34652.19 36232.39 36947.44 37562.81 38197.83 38280.21 38086.83 36728.27 35963.18 36456.17 38018.61 39711.25 40620.41 40902.71 40563.91 39215.43 37450.36 36388.07 35219.86 33980.4 32439.21 31703.15 31288.92 30849.95 30122.71 29567.19 28825.84 28243.51 27626.13 27802.89 27994.45 28379.2 29704.96 31061.51 31091.58 30246.1 29463.21 29033.58 29723.53 30642.64 31404.76 32275.22 33276.11 32585.6 30432.66 27558.63 24938.32
66572.24 58351.89 51528.92 46008.02 40519.53 36549.2 33597.26 30925.56 28910.25 27410.17 26889.35 26907.27 27200.85 27903.14 29191.35 30360 31819.53 33241.7 34125.36 34575.41 35266.45 36377.88 36737.74 36450.28 35104.8 34055.91 33919.64 34778.88 35584.32 36129.31 36241.31 36121.25 35454.96 34485.44 33234.67 32451.94 31738.03 31311.17 31284.85 30905.5 30269.73 29603.38 29303.32 28597.39 28288.08 27820.76 28049.94 28531.06 28972.2 29404.96 30133.91 30257.36 29353.13 28779.09 28213.68 28588.83 28856.14 29840.39 31349.5 32446.29 32167.44 30416.05 27879.66 25228.48
66212.32 57932.86 51094.54 45898.2 40246.02 36309.4 33376.02 30364.26 28416.29 27417.28 27074.75 27397.79 27851.02 28559.46 29487.83 30206.04 31086.72 31654.17 31972.33 32495.35 33461.19 34707.56 35450.23 34939.42 33545.46 32074.37 31489.61 31804.25 32178.7 32385 32484.99 32518.52 32389.52 32173.01 31407.41 31357.64 31419.14 31441.73 31271.03 30493.04 30002.74 29209.75 28523.54 28576.98 28797.45 29162.38 29636.47 29863.87 29884.11 29885.49 29491.32 29065.24 28742.94 28197.62 27694.79 27719.32 28365.78 29356.3 30750.97 31648.93 31590.65 30393.46 28308.17 26005.25
65447.47 58188.04 50582.37 45514.95 40396.8 36669.57 33580.37 30434.63 28581.77 27707.94 27494.07 27680.28 28308.17 28942.12 29508.29 29739.67 30089.37 30016.07 30059.22 30752.29 32000.27 33195.8 34000.87 33236.04 31645.92 30155.7 29425.13 29447.48 29621.25 29778.66 30046.18 30666.44 31276.15 31739.96 31655.24 31870.8 32262.54 31697.86 30989.41 30316.59 29733.76 28882.94 28382.7 28611.98 29249.65 30061.5 30570.66 30861.03 30738.89 30313.73 29647 28365.8 28102.14 27322.71 26839.57 27307.82 28251.96 29328.6 30380.38 30935.68 30859.26 30181.16 28870.61 27514.87
62417.66 56288.49 49964.02 44341.44 39978.96 36810.8 33415.51 30561.96 28671.79 27899.07 27883.01 27801.72 28290.03 28577.24 28935.69 28915.12 28852.09 28562.05 28566.83 29309.82 30597.85 31667.94 32121.59 31084.69 29623.8 28637.17 28087.35 28005.13 28078.6 28451.73 29264.73 30815.13 32520.82 33557.3 33872.75 33775.44 33563.16 32513.23 31423.47 30742.03 29916.51 29057.37 28741.26 29106.26 30077.16 31013.38 31460.62 31521.65 31127.19 30465.39 29594.24 28393.24 27774.83 27252.68 26912.12 27237.08 28237.37 29158.99 29608.92 29804.43 29722.7 29225.36 28759.18 28060.93
59739.77 56887.46 48805.73 41957.63 38324.17 36063.23 32839.01 30196.87 28583.74 27886.24 27818.98 27949.09 28003.4 28137.74 28241.66 28080.82 27949.02 27799.15 27985.22 28472.3 29149.83 29705.84 29903.96 28921.99 28181.79 27773.15 27590.83 27494.94 27566.7 28093.26 29523.18 32180.2 34944.84 36461.25 36526.77 35871.79 34623.02 33245.15 31900.3 31182.25 30298.97 29512.5 29147.45 29682.67 30670.67 31494.42 31855.75 31729.43 31272.89 30501.06 29579.11 28367.58 27830.22 27626.87 27277.9 27308.17 27920.21 28379.63 28542.11 28408.67 28166.93 27879.15 27893.43 27891.38
57614.86 54934.93 47236.42 41798.8 38465.2 35094.3 31944.75 29778.22 28502.93 28216.03 28050.66 27930.16 27888.99 27950.11 27892.26 27612.01 27483.66 27258.33 27310.36 27529.97 27835.55 28196.39 28206.13 27863.13 27725.92 27837.38 27814.54 27742.65 27759.7 28216.8 29794.79 33279.29 36800.93 38547.58 38060.38 37006.18 35347.34 33694.52 32165.92 31386.12 30602.03 29917.74 29441.89 29952.22 30858.36 31572.46 31944.73 31813.17 31382.53 30571.94 29729.54 28693.72 28234.76 28138.67 27922.08 27660.92 27656.76 27475.76 27385.69 27024.14 26739.42 26396.01 26348.44 26796.65
56240.29 53649.92 46995.78 40473.04 37306.86 33897.73 31030.43 29154.31 28556.52 28791.47 28762.46 28528.84 28151.62 27848.07 27731.55 27242.27 27103.5 26946.38 26951.14 27116.94 27108.42 27367.57 27509.11 27832.54 28195.26 28644.07 28846 28707.06 28385.22 28658.57 29971.43 33035.64 37105.09 38746.82 38229.25 37105.97 35867.91 34110.13 32522.16 31577.22 30861.57 30295.08 29803.52 30019.3 30777.47 31441.22 31821.2 31893.41 31578.62 30886.74 30159.65 29382.55 29020.03 28943.06 28823.36 28447.88 27830.6 27108.45 26607.54 25977.53 25387.4 24936.18 24671.48 25078.57
55780.2 52449.6 46090.77 39420.17 36501.61 32658.73 30073.43 28969.13 29558.34 30742.75 30857.38 29828.4 28869.01 28216.14 27769.26 27472.84 27083.66 27031.62 27093.66 27221.84 27337.07 27702.41 28244.88 28718.28 29893.96 30413.6 30766.45 30431.79 29632.46 29115.35 29773.83 32069.7 35547.21 37839.61 37603.77 36722.07 35553.28 33714.43 32444.79 31603.12 31148.35 30720.15 30323.21 30266.03 30680.95 31271.52 31558.39 31916.09 31880.37 31493.47 30980.7 30454.29 30218.6 30129.14 30044.44 29798.12 28622.14 27487.96 26411.27 25604.17 24472.79 23475.74 22943.86 22884.27
55658.32 50565.36 43951.73 38975.11 35256.27 31378.44 29208.21 29174.18 31242.02 34006.92 34120.58 32138.71 30092.02 28830.09 28102.94 27909.11 27586.4 27421.24 27533.02 27790.39 28104.47 28805.07 29734.23 30559.59 31827.6 32825.66 33838.48 33256.97 31415.35 30238.76 30026.04 31259.69 34023.06 36106.34 36203.66 35390.55 34427.84 33119.2 32167.64 31289.95 30800.32 30589.63 30509.12 30683.78 30850.65 31326.31 31550.21 31974.29 32248.35 32254.33 32050.03 31785.37 31565.95 31401.24 31304.17 31119.59 29755.46 28260.76 26790.4 25813.62 24359.31 22815.19 21782.43 21192.66
54046.92 47564.07 42049.31 37747.76 33162.18 30015.8 28641.63 29564.38 32803.09 36207.19 36344.4 33889.58 31045.95 29570.43 28661.32 28557.47 28469.95 28356.58 28577.17 28954.15 29471.13 30285.73 31557.85 32531.99 34046.81 34864.52 35409.17 34880.79 33188.23 31505.14 30434.36 30832.57 32642.92 33860.85 34322.84 33909.35 33987.95 32619.55 31514.56 30757.96 30399.07 30338.04 30602.84 30851.03 31157.36 31394.7 31872.81 32176 32688.86 32953.22 32886.7 32676.86 32427.37 32184.42 31976.93 31556.47 30535.18 28787.21 27419.38 26197.75 24911.6 23290.47 21604.06 20357.05
49451.14 44253.64 40790.22 35013.65 31055.37 28834.36 28373.32 29835.38 33594.32 36390.14 36570.96 34245.75 31815.2 30487.28 29619 29637.28 29755.93 29829.37 30070.15 30532.34 31283.65 31956.88 33294.03 34537.16 35268.96 36335.36 36608.73 35657.96 33871.87 31854.78 30680.71 30628 31866.13 32359.2 32664.85 32592.87 32846.72 31852.5 31014.67 30306.18 29836.06 30122.42 30565.29 31048.37 31394.69 31562.42 32077.92 32430.36 32826.35 32996.18 33028.63 32939.09 32549.5 32152.92 31813.21 31364.54 30353.52 28633.09 27550.35 26350.55 25496.89 24092.81 22048.68 20048.52
43645.68 42678.08 37303.96 32719.98 29568.73 28274.67 28177.9 29774.32 33632.87 36053.2 36084.08 34308.07 32572.7 31507.04 30922.04 31106.22 31479 31699.19 31865.4 32312.68 33114.39 33659.05 34381.08 35499.66 36583.08 37904.69 38118.55 36359.43 34225.54 32490.53 31065.62 30684.29 31205.13 31031.33 31178.47 31051.46 31060.55 30748.97 30596.96 30088.99 29710.44 30032.64 30565.72 31030 31482.12 31821.33 32130.98 32270.79 32470.39 32426.75 32425.63 32337.93 31957.4 31407.32 30676.31 30012.37 29161.85 27732.65 26528.99 25980.48 25434.07 24358.94 22408.82 20098.05
41160.21 37184.03 34038.95 31172.5 28802.92 27983.25 27978.83 29724.36 33535.03 36369.29 36258.32 35356.65 32842.69 32297.77 31935.71 32406.29 33075.01 33341.63 33461.59 33729.36 34331.95 34958.61 35289.23 36283.62 38305.08 39190.86 39085.95 37249.9 34764.34 32977.29 31280.25 30548.44 30349.21 30017.09 30012.42 29773.57 29455.21 29789.94 30034.57 30070.62 29992.06 30366.66 30878.21 31745.65 32224.52 32424.72 32515.82 31980.66 31727.83 31441.83 31177.47 31038.55 30600.34 29961.22 29262.26 28758.97 27975.26 26568.41 25377.16 24976.42 24705.67 23858.17 22084.54 20190.63
35623.17 32610.33 31150.78 29500.37 28392.7 27722.42 27975.89 29557.83 32729.94 35990.93 36697.36 35237.84 33656.14 32621.99 32215.47 32976.89 33515.02 33873.41 34159.49 34405.89 34968.2 35904.61 37112.8 38567.18 39234.07 39299.97 38811.8 37930.11 35363.66 32734.7 31102.02 30008.19 29490.93 29372.24 29321.72 29193.76 28961.04 29305.95 29414.99 29762.03 30075.07 30602.37 31088.02 32164.42 32657.59 32726.7 32580.98 31292.58 30685.03 29981.77 29579.07 29273.85 28869.77 28339.3 27815.87 27479.78 26887.42 25872.59 24698.71 23849.9 23242.72 22499.46 21100.53 19532.32
32498.36 30322.76 29545.33 28964.85 28438.16 28049.83 28466.84 29866.74 32235.71 34931.76 35347.94 34850.44 34076.38 33309.33 33255.92 34979.44 35373.21 36168.79 36918.75 37265.91 37429.86 38445.18 39259.29 39814.27 39542.51 38839.41 38281.34 37891.24 35518.68 32402.47 30766.46 29325.02 28863.8 28840.85 28923.57 29182.15 29355.38 29250.96 29075.51 29276.71 29718.06 30300.22 31096.37 32255.26 32676.3 32796.53 32200.97 30629.43 29908.73 28832.8 28170.85 27601.07 27154.87 26729.79 26350.73 26168.79 25722.97 25118.01 23830.96 22443.56 21811.67 21115.39 20037.42 18933.19
31248.16 29930.04 29516.59 29840.29 29686.04 29491.29 29767.3 30823.51 32675.54 34274.98 34451.16 34336.36 34364.37 33751.81 34566.27 35920.24 36820.8 37675.9 38423.95 38116.29 38428.62 39498.72 39914.75 39720.02 39205.86 38537.3 37282.88 36949.9 34843.44 31467.02 30114.15 28666.71 28228.9 28269.2 28402.93 29185.26 29485.44 29426.99 29207.27 29105.93 29306.7 29704.16 30713.7 31844.15 32479.18 32990.29 31765.36 30218.2 29426.75 28158.64 27260.28 26479.98 25865.63 25431.44 25091.78 24901.5 24468.09 23995.6 22661.64 21400.67 20531.2 19882 19054.29 18110.22
31242.31 30656.13 30849.26 31701.84 31732.03 31519.93 30948.88 31440.19 32998.71 33753.21 34359.16 34352.77 34730.25 34365.73 34925.68 36107.1 37074.16 38163.33 38955.05 39340.05 39742.17 40529.27 40912.61 40266.69 39087.04 37091.99 35171.72 34350.24 32393.21 30004.13 29100.24 28071.44 27738.66 27848.28 27757.92 28841 29450.04 29723.45 29586.69 29070.24 29242.27 29475.75 29804.81 30452.54 31756.08 32920.49 31370.03 29863.12 28934.52 27630.82 26682.42 25931.37 25216.91 24531.03 23991.71 23524.88 23033.73 22741.14 21590.2 20494.74 19489.65 18864.82 18212.48 17481.17
32504.55 32248.74 32410.92 32774.68 32915.48 32738.13 31723.25 31789.89 32720.63 33162.27 34141.49 34647.61 35072.36 34560.66 34874.86 35913.61 36711.52 37853.03 38933.52 39705.69 40405.46 41033.93 40920.95 40338.18 38612 35686.52 33964.9 31682.01 30453.23 29074.36 28557.19 27592.7 27171.8 27320.93 27449.05 28213.4 29065.01 29458.61 29432.66 28877.51 29170.88 29514.12 29460.96 29568.74 30382.67 31622.78 30628.93 29494.65 28408.13 27199.79 26193.51 25597.45 24968.76 23906.97 22907.62 22103.73 21598.78 21483.05 20608.62 19548.99 18681.29 18044.28 17542.89 16974.23
34321.91 33816.36 33221.5 32723.16 32773.37 32856.75 32104.3 32035.98 32240.24 32684.11 33688.46 34722.63 35281.44 34790.89 34895.52 35592.35 36117.05 37086.93 38205.03 39376.29 40344.82 40860.26 40590.36 39903.09 38297.29 35135.04 33660.26 31302.28 29651.16 28623.87 28148.47 27205.2 26595.95 26570.12 26576.32 27028.46 27526.35 28352.01 28620.77 28095.36 28623.01 29334.97 28719.1 28905.36 29849.23 31134.11 30677.79 29583.89 28118.55 27219.41 26125.64 25220.7 24568.74 23446.65 21995.65 21041.12 20496.48 20168.35 19440.92 18650.34 18011.03 17394.36 16979.94 16459.71
35083.43 33996.15 33074.02 32433.01 32036.6 32481.95 32037.24 32057.15 31991.47 32527.88 33368.17 34660.67 35662.9 35513.02 35476.05 35411.45 35682.36 36332.29 37038.16 38465.31 39602.07 40192.08 40119.81 39663.01 38188.3 35214.42 34008.69 31885.06 29631.42 28453.93 28036.86 26881.29 25934.45 25734.86 25473.26 25368.06 25575.34 26479.52 26923.28 27570.52 27649.07 27978.66 27708.53 28126.93 29697.19 30749.17 30372.01 29411.25 28126.93 27411.33 26371.86 25102.6 24306.02 23192.81 21613.05 20421.94 19558.84 19008.75 18346.09 17793.03 17368.28 16935.66 16439.14 16095.35
34598.14 33038.12 32329.7 31524.1 30958.32 31795.66 31500.66 31927.9 32030.12 32702.03 33384.08 34801 36155.73 36560.21 36335.57 35755.46 35791.01 35810.46 35862.22 37178.77 38238.86 39135.52 39415.08 39322.19 38093.64 35853.33 34426.2 32276.18 30212.73 28600.92 27813.57 26481.61 25437.64 25117.43 24834.12 24477.56 24613.38 25593.73 26570.53 27516.34 27651.07 27778.33 27747.26 28112.16 29372.21 30060.49 29604.05 28835.92 28082.51 27454.38 26825.89 25797.38 24528.24 23135.63 21514.26 20096.69 19067.16 18362.3 17826.36 17289.74 16774.06 16551.31 16175.46 15964.78
33741.27 32092.13 31234.19 30427.64 29808.85 30854.09 31393.13 32241.51 32636.47 33242.53 33652.09 34959.2 35987.41 37326.77 36736.04 36794.8 36521.56 35355.37 34891.84 35873.53 36660 37843.69 38470.54 38603.99 37850.23 36526.57 34481.55 32456.27 30727.35 29008.7 27566.42 26238.8 25247.72 24878.55 24642.57 24160.86 24611.04 25294.54 26604.18 27560.78 27888.3 28133.39 28161.43 28562.03 29593.75 29458.34 28759.37 27883.92 27610.3 27187.1 27019.09 26168.98 24554.75 23049.01 21424.26 19963.6 18702 17954.56 17394.15 16864.66 16786.86 16326.87 16010.42 15692.59
32721.98 30892.93 30287.67 29429.05 28657.14 29099.16 30384.62 31696.17 32753.7 33728.27 34009.96 34880.29 36501.35 37639.91 37841.84 37727.39 37260.88 34883.51 34195.42 34978.47 35554.71 36843.78 37572.54 37974.71 37546.79 36667.37 34360.36 32934.14 31014.62 29563.28 27605.05 26290.91 25406.75 25125.05 24962.87 24510.27 24854.12 25195.79 26385.01 27288.79 27865.3 28199.53 28283.56 28974.75 29803.19 29234.68 28056.72 27231.66 27093.74 26748.04 26849.03 26058.85 24283.28 22753.15 21087.21 19669.39 18470.98 17578.98 17196.65 16824.39 16566.46 16252.86 15948.11 15583.26
31931.4 30068.18 29406.5 28603.38 27787.43 27721.98 28371.24 30377.55 32004.04 33143.8 33805.72 34543.3 36054.93 36980.53 38008.98 37366.45 36889.34 35703.91 34707.78 34863.37 35270.58 36585.15 37201.24 37556.34 37334.77 36745 34707.2 33542.86 31834.39 30129.11 27973.2 26491.54 25853.85 25712.48 25675.23 25373.77 25025.97 25216.81 26113.48 26868.29 27633.91 27945.16 28295.68 29194.53 29753.33 29213.21 27801.62 26909.98 26462.62 25968.46 25982.86 25289.97 23930.06 22182.92 20623.76 19295.71 18229.96 17435.3 17120.65 16761.09 16461.34 16248.43 15874.85 15590.78
31343.11 29336.72 28714.64 28059.89 27372.83 27049.78 27417.93 28597.55 30602.08 32099.13 33086.75 34143.88 35555.57 37194.12 38580.54 37358.06 36970.62 36048.4 35558.88 35819.27 36246.02 36772.21 36913.2 37181.07 36846.41 36529.36 35112.57 33569.41 31957.96 30186.06 28534.1 26991.31 26425.87 26166.73 26101.31 25723.64 25285.4 25282.89 25983.6 26726.43 27479.03 27767.14 28449.23 29250.47 29703.51 29301.77 27956.37 26946.11 25896.06 24963.83 24609.17 24143.75 23293.17 21598.9 20265.35 19045.46 18093.08 17424.11 17060.76 16728.13 16491.55 16303.98 15856.53 15591.07
31049.84 28655.1 28119.53 27605.13 26967.46 26894.78 27116.77 27595.54 29327.26 31156.67 32472.14 33661.81 35452.12 37638.63 38709.32 37200.55 37086.46 36216.32 35773.21 35976.28 36320.07 36635.05 36740.86 36976.49 36685.32 36351.86 35276.98 33642.91 32126.83 30657.55 29395.41 27931.05 27167.07 26873 26497.06 25892.19 25464.59 25304.16 25756.42 26643.9 27528.14 27831.11 28332.37 29187.32 29739.43 29492.45 28214.86 27271.85 25696.85 24189.17 23403.36 22993.53 22373.58 21179.56 20002.65 18922.45 18099.44 17539 17087.67 16734.94 16558.88 16339.59 15894.02 15574.08
