Dropbox/GRP Data/GRP mammal paper/NN_analysis/DATA/2014 input files/ss_c_bio_12.asc
ncols         211
nrows         307
xllcorner     27099.1390263
yllcorner     -314514.2499113
cellsize      821.1860311
NODATA_value  -9999
[rows 174 to 202 of 307, columns 0 to 63 of 211]
-9999 -9999 -9999 -9999 -9999 -9999 -9999 -9999 -9999 -9999 -9999 -9999 -9999 -9999 -9999 -9999 -9999 -9999 -9999 -9999 -9999 21198.79 21369.21 21534.56 21686.86 21781.01 21928.23 22177.7 22362.63 22537.04 22656.19 22762.94 22913.37 23017.96 23039.89 23125.76 23334.62 23521.57 23642.66 23844.17 23931.58 24138.3 24383.5 24461.43 24806.97 25027.42 25079.64 25233.28 25378.4 25507.79 25772.84 26018.93 26137.1 26464.23 26582.55 26705.7 26963.22 27149.2 27304.71 27493.5 27763.05 27905.12 28068.82 28196.5
-9999 -9999 -9999 -9999 -9999 -9999 -9999 -9999 -9999 -9999 -9999 -9999 -9999 -9999 -9999 -9999 -9999 -9999 -9999 -9999 -9999 21125.43 21272.69 21315.25 21575.46 21703.23 21792.01 21966.64 22211.16 22392.94 22544.66 22661.85 22772.06 22844.7 22992.1 23036.29 23114.62 23201.53 23407.86 23655.89 23841.03 23919.59 24176.78 24333.98 24495.08 24847.58 24995.76 25117.9 25254.96 25368.84 25602.36 25835.54 26031.08 26286.94 26542.38 26638.4 26877.41 27105.9 27238.88 27403.47 27646.48 27843.17 28000.14 28125.12
-9999 -9999 -9999 -9999 -9999 -9999 -9999 -9999 -9999 -9999 -9999 -9999 -9999 -9999 -9999 -9999 -9999 -9999 -9999 -9999 -9999 20987.46 21124.56 21306.45 21331.75 21678.03 21707.1 21806.07 22005.95 22235.44 22345.66 22535.88 22660.98 22686.06 22816.28 22994.8 22997.64 23052.68 23223.23 23380.74 23630.42 23843.36 23905.81 24232.28 24395.98 24512.31 24787.35 25006.93 25149.8 25261.45 25407.54 25696.45 26001.7 26135.93 26501.49 26540.69 26834.26 27029.25 27129.77 27338.08 27528.63 27748.26 27875.12 27996.09
-9999 -9999 -9999 -9999 -9999 -9999 -9999 -9999 -9999 -9999 -9999 -9999 -9999 -9999 -9999 -9999 -9999 -9999 -9999 -9999 -9999 20820.31 21019.65 21227.74 21316.17 21458.26 21678.23 21712.89 21818.89 22042.67 22245.85 22354.22 22483.34 22670.25 22640.27 22826.36 22923.72 22997.5 23068.73 23199.17 23263.92 23559.29 23844.39 23895.98 24196.44 24480.52 24512.68 24734.78 24990.2 25192.25 25294.61 25549.49 25935.9 26039.86 26388.34 26520.32 26726.98 26934.64 27092.4 27262.76 27400.39 27661.12 27755.31 27855.84
-9999 -9999 -9999 -9999 -9999 -9999 -9999 -9999 -9999 -9999 -9999 -9999 -9999 -9999 -9999 -9999 -9999 -9999 -9999 -9999 -9999 -9999 20870.59 21129.87 21233.16 21317.99 21455.49 21667.43 21720.02 21848.65 22044.14 22236.73 22364.25 22496.82 22628.84 22585.49 22695.19 22850.64 22941.58 23002.43 23102.32 23273.77 23544.59 23846.49 23905.96 24387.83 24470.77 24574.31 24900.18 25043.73 25183.47 25380.05 25755.85 25999.76 26113.01 26502.54 26623.96 26827.13 27016.87 27137.23 27274.29 27489.7 27681.65 27708.36
-9999 -9999 -9999 -9999 -9999 -9999 -9999 -9999 -9999 -9999 -9999 -9999 -9999 -9999 -9999 -9999 -9999 -9999 -9999 -9999 -9999 -9999 20796.17 20912.02 21207.3 21232.16 21337.13 21608.2 21669.97 21738.18 21835.4 22012.5 22188.61 22213.16 22415.4 22476.52 22564.37 22599.24 22669.28 22794.13 22886.72 22943.44 23183.98 23511.98 23714.67 23901.83 24319.24 24487.6 24670.18 24857.43 25055.79 25241.65 25510.96 25943.06 26013.61 26302.45 26514.04 26789.05 26911.44 27001.32 27168.87 27293.51 27496.61 27648.29
-9999 -9999 -9999 -9999 -9999 -9999 -9999 -9999 -9999 -9999 -9999 -9999 -9999 -9999 -9999 -9999 -9999 -9999 -9999 -9999 -9999 -9999 20786.97 20820.96 21089.67 21207.98 21299.27 21508.55 21633.26 21621.53 21681.85 21812.25 22013.43 22110.61 22197.73 22379.13 22426.01 22523.18 22543.11 22620.17 22680.68 22758.98 22911.59 23172.47 23519.64 23642.74 23955.61 24327.28 24525.5 24705.38 24868.8 25131.24 25392.02 25901.59 25991.04 26190.79 26477.21 26703.82 26861.66 26922.66 27069.33 27193.72 27318.22 27492.37
-9999 -9999 -9999 -9999 -9999 -9999 -9999 -9999 -9999 -9999 -9999 -9999 -9999 -9999 -9999 -9999 -9999 -9999 -9999 -9999 -9999 -9999 -9999 20817.25 20956.46 21193.88 21238.98 21417.41 21559.09 21562.85 21594.28 21715 21897.34 22011.36 22103.27 22214.06 22295.03 22437.99 22510.81 22524.77 22540.55 22617.26 22717.52 22903.35 23220.54 23456.18 23665.52 24015.23 24246.26 24505.7 24732.04 24978.33 25209.51 25600.67 25932.69 26009.5 26242.07 26525.47 26768.88 26844.63 26946.33 27076.44 27202.28 27378.51
-9999 -9999 -9999 -9999 -9999 -9999 -9999 -9999 -9999 -9999 -9999 -9999 -9999 -9999 -9999 -9999 -9999 -9999 -9999 -9999 -9999 -9999 -9999 20805.24 20895.14 21170.94 21136.75 21309.26 21433.6 21538.09 21558.98 21637.02 21832.27 21885.66 22021.03 22026.68 22174.73 22293.59 22383.78 22442.18 22480.79 22509 22554.34 22704.38 22882.45 23211.88 23458.5 23718.89 24037.36 24347.65 24620.11 24807.67 25079.21 25325.84 25706.87 25921.72 26111.99 26331.9 26668.08 26787.21 26869.17 27039.52 27124.48 27308.87
-9999 -9999 -9999 -9999 -9999 -9999 -9999 -9999 -9999 -9999 -9999 -9999 -9999 -9999 -9999 -9999 -9999 -9999 -9999 -9999 -9999 -9999 -9999 20808.27 20884.47 21098.61 21088.81 21185.8 21304.58 21472.64 21538.04 21546.46 21750.91 21815.61 21884.3 21914.84 22065.43 22165.12 22211.24 22321.95 22404.35 22415.71 22419.73 22536.94 22646.95 22996.52 23268.87 23499.69 23859.96 24184.85 24472.42 24648.48 24938.53 25164.27 25444.92 25902.88 26011.76 26172.59 26508.14 26744.51 26822.36 26981.5 27065.99 27241.54
-9999 -9999 -9999 -9999 -9999 -9999 -9999 -9999 -9999 -9999 -9999 -9999 -9999 -9999 -9999 -9999 -9999 -9999 -9999 -9999 -9999 -9999 -9999 20881.16 20866.4 20923.32 21163.2 21167.21 21234.41 21388.33 21500.53 21555.58 21641.62 21774.45 21804.09 21885.44 21981.5 22073.25 22156.09 22210.19 22256.54 22305.98 22339.74 22393.34 22532.79 22860.19 23108.89 23354.31 23633.07 23978.11 24280.87 24504.89 24762.89 25021.51 25303.28 25827.1 25893.96 26080.16 26335.11 26693.54 26773.83 26854.96 26999.8 27159.29
-9999 -9999 -9999 -9999 -9999 -9999 -9999 -9999 -9999 -9999 -9999 -9999 -9999 -9999 -9999 -9999 -9999 -9999 -9999 -9999 -9999 -9999 -9999 -9999 20792.75 20989.64 21160.03 21162.29 21200.6 21343.08 21490.46 21624.8 21663.81 21698.04 21801.2 21809.48 21902.4 21972.55 22037.64 22162.22 22204.96 22239.06 22298.39 22324.96 22395.76 22649.41 23002.65 23309.21 23555.05 23833.07 24090.29 24359.2 24658.92 24871.02 25245.96 25638.54 25876.57 26022.18 26221.83 26588.36 26729.81 26746.46 26917.45 27057.66
-9999 -9999 -9999 -9999 -9999 -9999 -9999 -9999 -9999 -9999 -9999 -9999 -9999 -9999 -9999 -9999 -9999 -9999 -9999 -9999 -9999 -9999 -9999 -9999 20991.8 20987.13 21159.25 21158.4 21193.77 21263.22 21431 21698.75 21738.78 21729.28 21813.15 21908.22 21898.45 21904.48 22006.48 22114.18 22150.72 22141.63 22207.26 22301.78 22312.33 22557.23 22797.95 23156.21 23561.25 23686.64 23899.23 24192.49 24522.07 24778.83 25118.24 25397.84 25841.86 25895.24 26085.4 26385.25 26706.94 26725.88 26836.54 26944.34
-9999 -9999 -9999 -9999 -9999 -9999 -9999 -9999 -9999 -9999 -9999 -9999 -9999 -9999 -9999 -9999 -9999 -9999 -9999 -9999 -9999 -9999 -9999 -9999 20974.56 20905.51 21082.56 21140.4 21328.48 21393.11 21465.7 21589.51 21652.23 21655.6 21664.87 21822.33 21826 21919.24 21983.65 22043.03 22145.02 22137.19 22138.77 22212.71 22298.34 22320.56 22659.64 22852.31 23236.37 23426.44 23678.84 24106.92 24430.94 24677.34 24953.05 25273.09 25681.77 25883.15 26053.96 26245.29 26599.71 26669.19 26738.01 26900.95
-9999 -9999 -9999 -9999 -9999 -9999 -9999 -9999 -9999 -9999 -9999 -9999 -9999 -9999 -9999 -9999 -9999 -9999 -9999 -9999 -9999 -9999 -9999 -9999 20905.29 20970.85 21232.36 21258.83 21353.75 21416.39 21431.95 21552.07 21641.39 21704.83 21638.73 21679.38 21804.56 21846.12 21934.52 21980 22063.04 22132.88 22124.52 22134.51 22280.37 22290.89 22450.69 22776.53 23009.64 23327.76 23489.48 23847.03 24284.29 24562.11 24792.83 25248.55 25467.35 25871.59 25956.88 26141.36 26526.02 26657.46 26722.41 26883.62
-9999 -9999 -9999 -9999 -9999 -9999 -9999 -9999 -9999 -9999 -9999 -9999 -9999 -9999 -9999 -9999 -9999 -9999 -9999 -9999 -9999 -9999 -9999 -9999 -9999 21076.34 21309.24 21326.82 21387.34 21414.78 21413.45 21463.02 21522.29 21655.55 21689.22 21691.7 21751.52 21801.32 21850.83 21930.9 21976.45 22071.73 22117.96 22109.77 22157.77 22281.1 22325.27 22621.5 22853.24 23184.72 23412.78 23697.83 24146.01 24464.06 24748.67 25018.93 25332.76 25736.14 25881.78 26075.14 26363.59 26577.03 26671.21 26741.46
-9999 -9999 -9999 -9999 -9999 -9999 -9999 -9999 -9999 -9999 -9999 -9999 -9999 -9999 -9999 -9999 -9999 -9999 -9999 -9999 -9999 -9999 -9999 -9999 -9999 21129.89 21275.91 21328.71 21368.65 21369.6 21392.06 21396.03 21434.68 21528.46 21666.15 21725.69 21720.98 21752.69 21809.99 21909.97 21918.45 21975.79 22043.69 22087.82 22098.81 22166.76 22221.54 22412.35 22699.32 22968.66 23305.07 23524.4 23922.62 24327.12 24563.32 24843.36 25294.19 25631.67 25845.79 25957.01 26209.98 26552 26618.22 26684.35
-9999 -9999 -9999 -9999 -9999 -9999 -9999 -9999 -9999 -9999 -9999 -9999 -9999 -9999 -9999 -9999 -9999 -9999 -9999 -9999 -9999 -9999 -9999 -9999 -9999 21137.74 21266.47 21320.69 21318.34 21318.4 21350.28 21349.17 21393.27 21441.35 21543.03 21722.43 21719.84 21711.86 21767.1 21864.69 21874.39 21900.68 21971.47 22026.86 22084.21 22082.89 22166.37 22245.48 22527.93 22839.13 23197.12 23391.01 23678.2 24145.25 24400.71 24776.06 25063.45 25435.2 25744.37 25865.6 26082.99 26403.16 26554.12 26673.41
-9999 -9999 -9999 -9999 -9999 -9999 -9999 -9999 -9999 -9999 -9999 -9999 -9999 -9999 -9999 -9999 -9999 -9999 -9999 -9999 -9999 -9999 -9999 -9999 -9999 -9999 21352.69 21342.69 21319.18 21318.61 21318.57 21290.66 21319.25 21403.32 21430.72 21659.76 21716.29 21709.3 21723.77 21774.85 21811.24 21822.35 21912.34 21961.07 22028.65 22035.72 22129.44 22165.4 22346.42 22726.1 23058.04 23325.42 23504.54 23890.41 24306.68 24646.86 24833.02 25295.14 25667.52 25818.94 25955.68 26229.79 26519.26 26646.12
-9999 -9999 -9999 -9999 -9999 -9999 -9999 -9999 -9999 -9999 -9999 -9999 -9999 -9999 -9999 -9999 -9999 -9999 -9999 -9999 -9999 -9999 -9999 -9999 -9999 -9999 21446.64 21421.41 21335.12 21328.29 21319.3 21289.59 21266.47 21320.87 21405.97 21492.49 21677.29 21716.96 21746.02 21696.28 21715.49 21694.49 21792.83 21917.88 21948.04 21949.6 22040.3 22145.47 22195.2 22499.37 22875.03 23239.91 23405.09 23621.55 24125.08 24425.64 24781.57 25243.52 25579.11 25803.24 25870.6 26119.72 26450.05 26571.25
-9999 -9999 -9999 -9999 -9999 -9999 -9999 -9999 -9999 -9999 -9999 -9999 -9999 -9999 -9999 -9999 -9999 -9999 -9999 -9999 -9999 -9999 -9999 -9999 -9999 -9999 21415.83 21448.79 21443.89 21388.73 21316.29 21288.84 21264.56 21258.4 21331.4 21422.97 21513.95 21694.56 21691.63 21656.67 21616.08 21612.19 21661.3 21808.43 21908.63 21931.8 21929.79 22114.11 22113.57 22277.62 22726.43 23046.42 23312.96 23478.43 23808.65 24293.64 24706.63 25086.13 25373.34 25768.7 25850.77 26008.09 26288.25 26495.03
-9999 -9999 -9999 -9999 -9999 -9999 -9999 -9999 -9999 -9999 -9999 -9999 -9999 -9999 -9999 -9999 -9999 -9999 -9999 -9999 -9999 -9999 -9999 -9999 -9999 -9999 21414.47 21406.28 21389.19 21385.89 21350.61 21268.62 21262.48 21254.93 21323.76 21420.33 21503.36 21618.15 21711.1 21687.42 21571.57 21609.39 21601.65 21595.84 21667.84 21829.07 21838.38 21926.62 22021.39 22161.02 22428.16 22833.22 23223.19 23439.32 23697.19 24248.48 24420.89 24849.55 25268.02 25615.21 25762.98 25838.48 26131.49 26471.51
-9999 -9999 -9999 -9999 -9999 -9999 -9999 -9999 -9999 -9999 -9999 -9999 -9999 -9999 -9999 -9999 -9999 -9999 -9999 -9999 -9999 -9999 -9999 -9999 -9999 -9999 -9999 21404.56 21373.65 21315.84 21294 21261.93 21255.77 21247.31 21318.69 21340.86 21428.96 21590.88 21621.69 21635.71 21532.54 21571.35 21598.46 21592.09 21593.65 21669.84 21743.47 21758.33 21957.87 22138.47 22338.36 22715.8 23082.23 23329.01 23585.48 23998.05 24402.98 24764.59 25119.68 25378.93 25693.75 25797.05 25924.85 26262.95
-9999 -9999 -9999 -9999 -9999 -9999 -9999 -9999 -9999 -9999 -9999 -9999 -9999 -9999 -9999 -9999 -9999 -9999 -9999 -9999 -9999 -9999 -9999 -9999 -9999 -9999 -9999 21395.16 21380.51 21358.39 21356.05 21298.09 21251.84 21241.48 21264.94 21322.2 21348.34 21470.39 21568.33 21502.65 21486.5 21527.09 21569.26 21586.25 21574.95 21580.76 21659.64 21714.81 21776.67 21973.94 22184 22546.61 22889.11 23221.36 23451.07 23740.23 24216.08 24455.74 24892.09 25280.27 25580.14 25768.81 25849.28 26136.1
-9999 -9999 -9999 -9999 -9999 -9999 -9999 -9999 -9999 -9999 -9999 -9999 -9999 -9999 -9999 -9999 -9999 -9999 -9999 -9999 -9999 -9999 -9999 -9999 -9999 -9999 -9999 21388.79 21384.41 21382.05 21382.75 21306.44 21247.62 21240.66 21239.71 21258.23 21256.71 21341.81 21381.99 21316.89 21316.89 21326.92 21408.75 21543.43 21571.82 21562.63 21582.06 21709.87 21708.15 21803.03 22049.82 22406.18 22767.13 23111.99 23339.97 23611.2 24049.09 24331.71 24675.32 25083.56 25366.85 25664.12 25775.82 25929.34
-9999 -9999 -9999 -9999 -9999 -9999 -9999 -9999 -9999 -9999 -9999 -9999 -9999 -9999 -9999 -9999 -9999 -9999 -9999 -9999 -9999 -9999 -9999 -9999 -9999 -9999 -9999 21354.54 21382.49 21378.14 21346.98 21270.43 21239.64 21238.71 21229.38 21214.77 21210.41 21250.88 21267.7 21205.18 21226.74 21220.33 21264.69 21382.97 21451.54 21499.5 21497.79 21612.28 21649.22 21741.35 21936.38 22178.03 22576.17 22897.28 23252.77 23432.95 23742.55 24242.8 24435.33 24914.97 25236.03 25479.81 25768.64 25895.75
-9999 -9999 -9999 -9999 -9999 -9999 -9999 -9999 -9999 -9999 -9999 -9999 -9999 -9999 -9999 -9999 -9999 -9999 -9999 -9999 -9999 -9999 -9999 -9999 -9999 -9999 -9999 -9999 21379.21 21374.85 21311.39 21235.62 21208.72 21198.97 21214.36 21211.01 21206.25 21200.84 21193.86 21168.2 21193.18 21186.6 21198.64 21201.56 21257.45 21345.7 21347.97 21440.89 21588.1 21692.62 21831.18 21986.65 22377.79 22763.46 23030.46 23299.78 23547.06 23890.45 24321.11 24693.49 25101.27 25364.89 25694.96 25845.38
-9999 -9999 -9999 -9999 -9999 -9999 -9999 -9999 -9999 -9999 -9999 -9999 -9999 -9999 -9999 -9999 -9999 -9999 -9999 -9999 -9999 -9999 -9999 -9999 -9999 -9999 -9999 -9999 21360.99 21359.25 21293.26 21222.2 21157.08 21132.29 21201.81 21209.17 21203.7 21158.01 21085.63 21134.89 21144.67 21105.03 21093.72 21062.69 21047.91 21142.77 21175.16 21255.79 21443.77 21563.84 21731.11 21882.63 22198.06 22624.08 22815.65 23184.11 23430.22 23604.55 24230.68 24477.93 24945.25 25296.66 25628.8 25788.39
-9999 -9999 -9999 -9999 -9999 -9999 -9999 -9999 -9999 -9999 -9999 -9999 -9999 -9999 -9999 -9999 -9999 -9999 -9999 -9999 -9999 -9999 -9999 -9999 -9999 -9999 -9999 -9999 21306.13 21322.98 21237.09 21175.76 21130.53 21133.14 21202.24 21208.16 21184.17 21071.22 21070 21080.38 21105.54 21001.75 20899.26 20915.86 20855.81 20956.04 21088.31 21122.7 21199.29 21360.39 21611.1 21784.33 22018.19 22351.6 22674.46 22995.94 23280.82 23526.47 23982.46 24359.74 24778.97 25219.07 25591.04 25758.16
