Dropbox/GRP Data/GRP mammal paper/NN_analysis/DATA/2014 input files/ss_c_bio_6.asc
ncols         211
nrows         307
xllcorner     27099.1390263
yllcorner     -314514.2499113
cellsize      821.1860311
NODATA_value  -9999
[rows 224 to 251 of 307, columns 62 to 123 of 211]
289.6151 289.5283 289.6842 285.5141 286.5645 288.5126 287.8106 287.8375 288.0172 289.6231 299.6577 309.2647 318.7535 324.4816 324.5316 325.5043 325.9376 330.2353 339.6945 358.5663 369.6585 364.8317 359.4788 396.5667 419.5332 436.8601 473.4871 459.7744 435.4458 428.7373 394.7919 356.0545 363.2974 302.383 252.3184 227.3964 171.6846 95.72337 57.94419 47.49044 37.70791 10.726 17.64347 3.958731 -2.97638 -16.16038 -56.01322 -54.12865 -21.41338 -36.87 -90.99706 -141.9823 -208.2661 -284.2425 -263.523 -322.2125 -376.1432 -407.0864 -407.961 -382.0955 -369.0469 -317.4516
289.2373 287.019 284.8899 284.6901 285.416 293.4852 295.5757 295.4033 295.0806 303.1053 306.146 314.3611 318.6353 325.2115 328.1196 331.8972 335.1519 326.309 338.4617 365.3772 381.4412 375.5427 379.2039 406.1998 425.2601 447.133 475.7563 451.3067 402.5804 391.9685 367.7371 341.2819 295.6803 238.7334 180.6372 127.4074 100.7104 68.43176 53.27278 31.41574 23.99566 12.6619 -5.524119 -2.396054 -9.07187 -33.6806 -71.63046 -71.25024 -47.3013 -28.28617 -33.76745 -98.01884 -162.1366 -266.9827 -290.971 -300.0851 -390.4285 -424.4922 -350.4982 -352.4224 -362.4566 -318.266
282.7387 281.471 280.7046 284.0321 287.0409 294.2504 302.4307 304.2209 303.4269 306.3376 308.3389 321.451 323.6571 330.4863 331.7301 336.6221 338.7618 335.5313 344.6743 358.3612 383.5433 395.3487 399.8306 422.1738 457.5121 485.2993 465.999 440.882 422.2973 386.4608 356.0363 341.116 301.8262 237.7269 178.2631 124.4446 76.59044 53.84508 48.93375 26.49434 0.9521163 -10.38072 -11.09037 -47.6545 -68.97721 -52.48972 -82.9696 -85.68226 -84.60457 -61.61984 -32.5631 -73.34346 -121.402 -182.6178 -267.6632 -261.9052 -367.6486 -447.6335 -402.8858 -338.6879 -329.4945 -322.1395
278.314 278.3894 280.9514 285.8316 287.5668 293.7317 304.4307 307.4191 301.8911 301.056 307.7512 318.7756 320.7061 329.0936 332.9921 334.0291 336.9798 338.1649 346.394 350.8117 371.9369 390.3939 402.4776 421.1902 463.025 491.6738 479.0261 456.076 429.5728 406.157 356.8156 313.2383 287.2089 240.5597 194.3063 137.7867 71.4557 4.127111 -42.51057 -49.19956 -148.8996 -71.80199 -34.91285 -96.47768 -107.199 -100.8123 -96.76019 -90.94621 -85.09534 -47.74234 -38.20164 -53.83752 -103.0753 -119.6468 -270.7239 -283.2682 -407.1533 -441.2678 -447.558 -425.8256 -364.6027 -337.7046
273.9177 275.2094 280.6833 285.6731 287.1708 293.2858 303.8273 310.4647 306.7112 306.0074 310.5555 311.7635 316.5772 319.5946 321.6668 324.1167 332.0404 334.84 342.0434 348.5204 361.0754 380.7809 397.5707 413.3182 448.9472 482.1573 480.3796 452.9932 414.8505 382.8032 349.9131 292.9538 277.0837 231.6339 181.9381 137.3624 72.02299 -34.02745 -105.2454 -151.2924 -183.6161 -179.1478 -51.54664 -66.27132 -121.5485 -122.799 -100.2677 -71.54632 -78.74132 -74.32809 -47.97795 -45.47751 -123.9832 -111.3752 -184.8326 -264.5608 -240.2165 -278.905 -366.4685 -389.4199 -296.0568 -255.1725
268.217 270.9916 278.2444 281.0923 285.66 292.9023 300.9359 313.3243 318.5208 318.8985 317.8113 312.0718 321.5189 317.3652 316.8647 320.8183 324.2362 329.749 338.6301 348.2292 361.2758 368.4493 387.0106 405.9317 441.4919 474.7824 470.557 434.9304 400.8394 364.5994 338.7225 299.1413 277.5079 210.586 185.1938 150.8313 86.63661 5.056066 -41.13462 -96.81235 -91.45078 -99.91012 -53.68485 -61.43073 -125.158 -135.0458 -106.9788 -97.5956 -133.4873 -155.4576 -170.5832 -182.3523 -222.6904 -120.3535 -134.899 -201.9655 -246.5816 -260.3197 -260.0533 -286.5484 -293.1943 -259.9866
268.2263 271.0981 277.9718 278.3235 284.417 294.6216 298.2461 312.1408 323.6206 328.9132 328.3557 323.1355 331.4388 325.6614 328.8428 329.7605 324.7067 326.8671 333.1124 344.5876 356.9464 356.2514 375.453 399.2318 439.7124 472.0858 460.7147 425.7852 395.6435 357.0248 333.4593 313.3729 266.3475 216.4991 193.0527 158.0492 114.2977 50.25363 0.1707649 -45.59882 -41.18868 -52.71537 -58.43672 -58.60413 -109.9611 -149.6905 -146.4448 -138.7617 -167.9434 -206.3044 -213.2979 -226.509 -244.9146 -206.4374 -223.0382 -162.2376 -197.1174 -252.0042 -232.0817 -214.3572 -216.8702 -258.612
268.1622 271.5241 278.167 282.2505 291.8845 301.8452 306.2481 312.8652 323.6548 341.2384 342.6061 337.3166 334.1454 330.1333 338.9824 339.9502 340.1789 333.7333 328.7106 337.4041 338.0893 350.7473 367.1947 390.4038 436.1503 471.9013 460.4269 428.3919 391.3353 354.6906 342.0813 323.8521 269.7051 238.7227 196.1333 166.3763 137.7133 80.34305 15.23906 -32.09415 -39.41737 -47.07568 -66.40491 -56.18828 -100.6482 -162.0566 -174.4916 -183.9752 -202.6361 -199.6895 -191.0138 -221.4612 -197.1918 -164.1045 -155.2353 -133.5167 -164.6958 -225.5352 -276.5788 -309.5123 -243.6725 -252.1064
268.8947 276.8423 280.664 286.8565 291.5706 301.8405 311.6296 314.614 321.8715 340.3289 351.7607 350.5814 342.2114 338.3475 345.8717 346.2019 347.3777 355.1743 352.8988 336.8344 331.7337 345.0085 355.4366 377.6326 430.4101 473.1485 469.0956 427.5113 386.4472 364.0866 351.2543 322.5716 293.8874 244.1377 207.0192 187.4356 145.9297 100.27 49.25879 -8.931204 -37.86319 -39.03265 -70.99474 -64.22211 -112.5226 -171.4348 -183.9006 -203.4437 -224.6167 -200.4547 -181.481 -174.7901 -141.882 -123.8613 -118.8867 -147.347 -204.5684 -252.8637 -329.9235 -302.9614 -237.7047 -282.9771
268.7522 279.3032 288.3787 297.8864 303.252 309.1795 313.6467 318.6279 321.4623 340.106 351.3376 358.2563 350.5842 349.2917 346.2011 352.0392 363.4324 361.2725 364.3321 358.4451 333.5309 314.6861 328.2926 362.9175 394.535 457.65 475.1099 428.4687 400.6452 374.9582 330.722 293.799 269.3329 247.3087 233.8711 203.063 144.6727 103.2033 68.90479 16.45168 -30.35849 -35.41362 -69.15087 -80.98447 -127.4681 -174.6956 -187.0345 -204.2835 -229.3368 -227.1851 -209.6039 -127.6769 -126.7646 -139.4182 -181.4858 -235.3706 -280.8026 -315.9478 -356.7471 -260.9039 -215.0801 -316.9408
275.6602 286.305 294.4099 302.1789 314.4213 319.1597 319.4993 326.3699 335.2413 340.1502 351.0539 367.6741 362.3836 353.6931 353.9644 357.8325 360.0309 371.0082 374.1361 366.9584 354.8245 346.1867 340.2103 351.521 399.311 467.0909 483.2477 443.364 397.7314 354.7877 335.1621 304.2409 289.3257 275.7031 239.6734 198.5866 147.2836 87.58057 30.65225 -18.02682 -32.48515 -40.41593 -63.81678 -95.85748 -124.0811 -166.1244 -180.8743 -210.7564 -234.5536 -235.2442 -237.8449 -157.924 -179.4636 -195.0732 -252.1737 -327.7394 -321.8153 -335.5177 -325.6963 -261.3038 -226.8403 -344.7734
278.1397 288.3506 297.5905 306.9896 314.9317 319.6837 322.6578 324.696 333.427 340.0458 350.7174 374.2993 374.8083 377.4011 374.6885 365.8291 363.1627 368.2048 368.1428 372.8204 364.6298 357.5048 350.2981 367.4424 390.1043 429.1496 468.5347 443.8463 395.9757 356.8319 338.8532 313.5797 313.3113 280.0405 245.6649 173.3924 114.2668 59.61009 17.97409 -4.449004 -37.42252 -48.90594 -63.15696 -125.0845 -146.4018 -156.1515 -166.9403 -188.9038 -214.2875 -219.2792 -239.5518 -267.8096 -281.6129 -272.4282 -260.7468 -289.1893 -299.5896 -285.0931 -265.1118 -285.2978 -309.7533 -389.1503
282.4253 292.6188 301.3441 308.7727 316.3667 323.8395 328.6235 336.9452 347.8047 347.0785 362.4393 382.0916 384.3169 394.1248 396.5312 380.6719 369.6023 369.0588 370.7776 380.468 373.5423 359.3856 357.9751 373.2429 400.419 435.1658 452.556 438.4656 413.4425 391.7511 377.065 351.2443 341.424 297.1695 198.6443 127.9592 65.45803 25.63676 8.799517 -6.400397 -30.09733 -36.8699 -73.11839 -105.7344 -135.7418 -130.6768 -150.8717 -171.4847 -200.4966 -213.9758 -218.8053 -249.7713 -266.4971 -117.1698 -112.065 -154.1508 -252.2404 -253.3229 -287.7274 -352.8591 -462.1473 -445.4178
286.5482 296.5653 304.6441 310.0363 318.3137 330.9164 340.1023 353.357 365.4883 366.0023 376.2986 383.3502 390.7543 407.7419 412.8269 393.1898 374.9066 376.5865 380.0794 385.0136 386.7891 363.4311 360.5242 372.4554 396.2337 436.8217 448.7012 418.5956 378.8541 343.257 335.1623 299.9228 278.7498 275.1672 189.1741 124.7187 59.6691 23.7585 0.701184 -9.740761 -27.58753 -27.68941 -62.50467 -111.6445 -125.45 -120.2155 -154.178 -164.9579 -190.0373 -212.1241 -222.8347 -178.4298 -119.7543 -103.3085 -163.3615 -184.7784 -239.5088 -242.1741 -310.1237 -353.2994 -382.8165 -437.0743
288.2884 295.6352 303.3098 311.3026 317.6008 332.4612 346.2244 354.5507 364.2021 374.8464 375.3357 380.415 393.1144 414.1838 419.9725 405.3164 384.3398 386.2625 393.0711 391.4712 395.1155 379.6875 363.6862 374.4433 389.3076 422.3427 444.1907 406.2857 345.8552 304.5755 283.4374 238.642 214.1567 202.7406 153.4627 113.3858 51.12828 17.14775 1.993521 -2.594533 -14.23989 -43.05363 -76.57142 -113.0947 -120.4672 -110.295 -119.8096 -135.2704 -171.3443 -194.4942 -217.0795 -173.9765 -131.5739 -60.4358 -83.70395 -145.6872 -243.2373 -324.9558 -423.1674 -461.1199 -471.9334 -473.7898
294.6368 296.56 299.7447 309.6211 319.5606 330.8729 341.6523 345.3707 354.9387 365.993 369.1627 381.1273 395.0053 413.8087 423.9219 421.66 408.0497 404.5712 407.8493 401.693 396.5372 395.1875 374.1011 384.0713 389.7485 408.4259 440.2557 403.3258 336.0056 298.6528 268.0854 227.9678 189.8647 155.2384 120.081 90.7101 39.65682 10.62158 -6.074153 -16.73717 -18.4185 -37.42685 -63.80912 -122.2399 -125.1671 -98.14133 -114.8594 -148.9656 -117.5698 -102.0529 -145.8807 -144.4162 -134.9096 -53.1511 -61.59576 -107.9346 -230.8423 -325.5819 -399.9171 -442.8052 -432.7768 -463.9654
294.9877 303.0728 306.1281 317.1399 328.5747 339.976 350.7706 354.5985 369.2357 380.4954 391.1075 386.3681 407.371 424.8081 435.2331 435.9541 440.8318 435.3652 422.8799 412.9064 400.2948 398.5216 391.2021 399.7131 396.2639 408.2442 438.8688 404.1115 343.3158 304.9733 271.9398 241.4463 193.2443 147.8585 107.6622 75.49478 44.31641 24.97044 -2.371927 -25.62889 -22.89423 -34.67295 -74.06029 -142.4043 -123.7698 -77.57193 -106.4283 -124.8529 -58.2704 -51.28067 -70.80527 -75.75956 -75.93523 -69.18329 -142.2611 -204.3814 -333.6137 -413.3262 -416.4228 -430.8282 -421.2751 -401.6755
294.079 297.2169 306.3105 316.7661 332.4382 349.4204 360.1486 370.5852 372.2487 388.6844 401.2992 412.8364 436.7999 437.5715 438.8898 441.8731 450.213 446.9348 437.5538 429.6097 414.3175 408.4576 407.1941 414.8261 411.5172 419.208 432.8663 410.3438 360.3285 317.7344 272.1483 237.4449 196.2996 148.121 110.1697 80.25887 66.34118 50.83905 15.245 -16.02077 -18.25902 -38.95468 -99.04505 -143.4217 -103.019 -58.61406 -103.4414 -86.86566 -31.12028 -61.10573 -65.79102 -74.33218 -104.3389 -149.4138 -263.013 -330.3805 -441.9402 -467.0269 -440.1175 -463.0531 -436.6607 -371.0407
294.6073 302.7649 314.1675 322.7082 332.1969 349.1824 360.3452 371.6909 391.6338 399.4108 424.5204 441.3095 444.7333 448.5024 461.7223 464.9312 463.5286 457.7721 449.3697 442.1422 449.1967 419.3149 417.6452 424.9469 433.3245 435.3064 443.2166 413.1534 358.167 321.0348 286.8009 246.569 191.5386 166.5579 134.7676 97.7273 79.84087 52.18539 13.87966 -14.31937 -18.97998 -26.02298 -77.16546 -120.7621 -84.01362 -62.56557 -92.9332 -88.60919 -56.96658 -102.4466 -138.8155 -157.9607 -199.6845 -253.8405 -347.1714 -388.7312 -455.4579 -453.2254 -445.8096 -473.5455 -452.7915 -395.8467
302.1517 305.075 317.6798 336.1129 351.9706 361.1125 372.8847 382.0914 397.1273 417.9908 433.9545 445.5014 453.4337 462.8257 470.5259 473.598 473.2646 463.0671 467.4153 476.327 462.6571 429.4353 418.5383 432.7991 445.4952 442.8776 438.6693 400.6169 359.5264 318.6189 278.6012 228.0366 198.4647 175.8508 141.3172 96.29871 64.07648 31.29013 7.677918 -9.801861 -13.81927 -14.35791 -38.61168 -126.2258 -100.7092 -76.47763 -20.2077 -84.1441 -87.9886 -127.701 -186.6505 -196.8242 -202.971 -267.0359 -329.9253 -358.3907 -373.5113 -388.5749 -430.745 -460.67 -434.9181 -408.7496
305.0871 305.718 323.3384 339.1339 353.4155 368.3658 388.6959 396.822 406.0156 421.0089 436.504 455.5966 472.37 476.4321 483.6173 485.3217 484.7018 482.6811 483.1505 483.6458 466.3175 437.4851 424.6833 441.3349 453.2266 447.11 429.0112 400.5493 359.5751 315.2449 271.7408 234.2547 192.6461 168.534 130.0003 96.60149 53.30992 21.09284 -2.109634 -12.75149 -18.64133 -24.18714 -63.6368 -95.25046 -85.44304 13.80345 17.36426 -10.68505 -9.473667 -40.1658 -65.06057 -86.98125 -109.4331 -157.8148 -200.8676 -266.8415 -270.7957 -294.0813 -399.9585 -472.3213 -403.6872 -387.1595
304.2041 306.3605 325.383 334.6357 352.2244 373.2626 393.231 406.5451 417.312 426.6971 446.8679 456.8616 476.183 478.9243 492.7729 492.4644 491.6148 491.7908 485.1717 477.3604 467.8159 453.516 449.0023 446.4651 451.1546 453.2226 453.0685 433.9199 383.4589 318.8849 268.7674 243.9916 208.1634 162.594 125.1103 90.91411 43.79769 28.6147 16.0677 1.768 -1.84047 -38.9876 -100.7506 -103.1486 -73.19263 -77.13309 -71.97266 -69.4276 -55.81109 -44.50532 -39.74817 -44.95668 -68.6016 -96.82478 -121.0648 -205.7188 -225.7556 -299.8358 -407.6899 -448.7744 -435.8437 -433.6611
303.799 310.5764 325.4071 334.0834 354.3615 376.0226 393.305 410.921 423.1772 431.7781 449.1311 450.7812 466.9025 467.8722 478.3019 480.4577 478.0387 481.8068 481.1151 474.7277 468.0533 459.2191 461.4826 456.9184 451.5894 453.0081 450.3574 428.8947 398.3164 338.1115 278.1184 236.4166 201.0361 163.1501 136.9837 95.21423 72.84306 58.8535 32.59716 7.61413 -0.2522169 -51.95535 -82.04736 -89.19685 -66.8731 -41.76328 -102.5606 -95.45076 -67.04383 -68.55967 -74.67887 -107.2076 -144.0564 -167.8796 -193.6904 -264.3669 -282.8553 -396.3526 -408.1199 -433.8998 -434.5244 -430.8792
304.683 316.3122 325.1992 339.1544 352.5797 371.6894 393.4867 410.2925 421.2899 427.9395 436.6046 445.793 455.5928 452.6785 449.5742 453.5756 455.5562 465.8081 473.4171 470.5665 462.2953 452.9079 456.8996 457.6051 445.1 437.5513 430.5826 413.4539 400.8549 349.7962 285.4956 228.9348 191.3629 169.5774 148.4392 116.4535 91.47496 56.82183 33.51837 12.13223 -7.243897 -60.97518 -70.45052 -59.72619 -52.02213 1.376945 -83.76882 -77.07773 -81.73342 -76.63597 -69.52624 -77.55125 -112.5747 -163.1168 -281.4774 -353.1694 -361.4784 -388.7036 -384.9011 -397.489 -393.0906 -393.7197
305.4588 316.8456 321.2032 339.8685 348.6461 362.4611 386.6901 401.3477 411.28 417.5857 425.1064 441.7381 446.6914 443.6371 431.2026 429.96 441.5593 455.7022 462.5716 458.2578 448.0866 441.3416 444.809 445.8432 430.8865 416.7861 414.4799 406.0674 392.6486 349.9062 286.3849 224.2604 188.9542 164.638 139.389 110.2728 79.4112 40.693 18.79292 3.292444 -13.42101 -33.15743 -50.03672 -40.47107 -31.06164 27.98482 -12.61041 -64.2375 -68.56122 -65.59292 -62.31759 -66.17921 -93.68799 -138.0502 -215.2664 -291.6747 -322.4548 -369.0277 -314.897 -316.3182 -343.7742 -326.0819
306.4594 325.4055 328.6817 340.7974 352.7377 363.8932 378.9348 387.3985 388.0629 407.5766 424.8405 430.2889 437.9036 438.3599 426.8293 419.9655 432.9269 444.6718 447.0352 439.0588 430.1227 428.9113 432.0666 434.8913 418.8287 401.6329 401.328 391.3864 373.4151 346.0766 285.7606 216.8217 185.6103 152.2156 128.383 95.1143 71.74144 48.0271 23.24958 10.31583 -5.495021 -12.08412 -26.12382 -31.31378 -2.664809 33.64024 1.372597 -43.69394 -50.05297 -63.90921 -82.68534 -108.7784 -133.4458 -179.2514 -249.3544 -249.0718 -263.5109 -291.6145 -258.2567 -257.6015 -266.8687 -217.5865
315.118 324.48 322.4478 341.8455 350.2517 355.5219 366.6621 372.4796 387.8106 413.0419 418.9244 412.5798 421.4427 419.4444 420.7476 413.0456 422.1339 423.8275 414.7663 408.3317 416.3759 419.4659 420.9776 428.0298 411.1292 386.711 382.4762 361.8927 354.6356 345.1204 288.2357 208.5335 174.2699 146.921 131.2897 102.4138 85.294 68.8371 44.56276 29.63583 3.548517 -22.1809 -22.54568 -24.88568 5.030328 27.44251 -14.55042 -18.90642 -32.44075 -60.57261 -102.1499 -144.7661 -175.3917 -237.4335 -317.4554 -245.6489 -228.501 -214.5716 -205.6353 -228.9609 -222.0276 -105.7962
316.0491 325.672 327.969 339.5453 341.9799 350.5619 363.6068 369.0585 378.6563 396.0558 407.3037 427.8864 428.3573 417.5892 414.6716 411.5169 414.363 415.8033 405.5307 404.441 414.7941 417.2627 418.7905 424.4297 407.1813 387.294 377.381 347.1117 367.7839 362.8114 301.8235 210.8463 163.5153 140.1408 119.3781 92.98895 80.06949 59.72982 38.60879 16.08425 -6.511346 -29.70533 -34.38024 -16.57809 -15.57366 13.3608 7.357729 -7.549582 -19.38421 -56.44383 -102.2727 -142.36 -185.6144 -267.0338 -328.2753 -230.2474 -161.471 -144.8887 -150.7413 -145.4784 -128.4808 -10.04578
