Dropbox/GRP Data/GRP mammal paper/NN_analysis/DATA/2014 input files/ss_demsrtm30.asc
ncols         174
nrows         253
xllcorner     26907.269967165
yllcorner     -314811.53128703
cellsize      1000
NODATA_value  -9999
[rows 39 to 77 of 253, columns 0 to 87 of 174]
-9999 -9999 -9999 -9999 -9999 -9999 -9999 -9999 -9999 -9999 -9999 -9999 -9999 -9999 -9999 -9999 -9999 -9999 -9999 -9999 -9999 -9999 -9999 -9999 -9999 -9999 -9999 -9999 -9999 -9999 -9999 -9999 -9999 -9999 -9999 -9999 1733 1766 1737 1747 1790 1928 2094 2301 2287 2235 2122 1999 2100 2329 2415 2530 2660 2664 2682 2728 2764 2857 2828 2791 2779 2763 2649 2528 2494 2506 2650 2762 2823 2813 2578 2517 2665 2715 2866 2940 3022 3171 3151 3176 3297 3464 3481 3319 3377 3520 3807 3748
-9999 -9999 -9999 -9999 -9999 -9999 -9999 -9999 -9999 -9999 -9999 -9999 -9999 -9999 -9999 -9999 -9999 -9999 -9999 -9999 -9999 -9999 -9999 -9999 -9999 -9999 -9999 -9999 -9999 -9999 -9999 -9999 -9999 -9999 -9999 1751 1739 1743 1758 1806 1814 1862 2016 2187 2240 2190 2102 1944 2033 2201 2304 2554 2710 2728 2699 2734 2830 2948 2910 2908 2916 2803 2656 2506 2497 2517 2693 2638 2684 2702 2472 2459 2529 2587 2705 2800 2989 3079 3040 3176 3307 3469 3431 3457 3460 3513 3678 3666
-9999 -9999 -9999 -9999 -9999 -9999 -9999 -9999 -9999 -9999 -9999 -9999 -9999 -9999 -9999 -9999 -9999 -9999 -9999 -9999 -9999 -9999 -9999 -9999 -9999 -9999 -9999 -9999 -9999 -9999 -9999 -9999 -9999 -9999 1765 1783 1692 1497 1580 1674 1681 1797 1914 2055 2136 2104 2039 1895 1905 2091 2274 2473 2555 2526 2510 2644 2773 2884 2799 2870 2935 2804 2670 2515 2491 2507 2587 2436 2473 2456 2386 2464 2575 2563 2582 2652 2848 2916 3011 3144 3338 3375 3333 3410 3506 3534 3452 3490
-9999 -9999 -9999 -9999 -9999 -9999 -9999 -9999 -9999 -9999 -9999 -9999 -9999 -9999 -9999 -9999 -9999 -9999 -9999 -9999 -9999 -9999 -9999 -9999 -9999 -9999 -9999 -9999 -9999 -9999 -9999 -9999 -9999 1745 1752 1689 1629 1374 1352 1404 1476 1699 1891 1996 2009 1980 1957 1867 1855 2042 2260 2337 2337 2354 2365 2500 2607 2726 2693 2778 2835 2799 2710 2580 2463 2425 2401 2274 2275 2318 2426 2604 2802 2723 2699 2609 2762 2959 3094 3257 3352 3243 3220 3315 3489 3518 3316 3295
-9999 -9999 -9999 -9999 -9999 -9999 -9999 -9999 -9999 -9999 -9999 -9999 -9999 -9999 -9999 -9999 -9999 -9999 -9999 -9999 -9999 -9999 -9999 -9999 -9999 -9999 -9999 -9999 -9999 -9999 -9999 -9999 1714 1731 1677 1555 1611 1397 1225 1269 1426 1625 1814 1952 1983 1955 1892 1804 1803 1972 2173 2208 2221 2274 2344 2425 2535 2626 2583 2647 2739 2737 2716 2636 2469 2366 2229 2170 2256 2364 2577 2731 2972 2880 2845 2715 2680 2861 3050 3202 3228 3138 3169 3298 3402 3491 3379 3192
-9999 -9999 -9999 -9999 -9999 -9999 -9999 -9999 -9999 -9999 -9999 -9999 -9999 -9999 -9999 -9999 -9999 -9999 -9999 -9999 -9999 -9999 -9999 -9999 -9999 -9999 -9999 -9999 -9999 -9999 -9999 1612 1646 1634 1546 1477 1543 1416 1221 1200 1298 1443 1711 1800 1886 1938 1855 1765 1781 1943 2113 2129 2177 2254 2386 2508 2592 2584 2470 2555 2679 2683 2669 2560 2458 2336 2136 2227 2450 2541 2756 2896 3032 2984 2925 2865 2828 2731 2837 3004 3052 3035 3077 3200 3331 3518 3428 3227
-9999 -9999 -9999 -9999 -9999 -9999 -9999 -9999 -9999 -9999 -9999 -9999 -9999 -9999 -9999 -9999 -9999 -9999 -9999 -9999 -9999 -9999 -9999 -9999 -9999 -9999 -9999 -9999 -9999 -9999 1345 1447 1520 1527 1449 1410 1483 1411 1237 1161 1169 1312 1571 1683 1827 1915 1817 1736 1746 1867 1948 2048 2113 2185 2299 2469 2549 2496 2376 2528 2582 2584 2536 2450 2436 2387 2120 2351 2668 2689 2898 2993 3057 3079 3018 3003 3024 2871 2802 2865 2913 3013 3093 3182 3311 3432 3333 3163
-9999 -9999 -9999 -9999 -9999 -9999 -9999 -9999 -9999 -9999 -9999 -9999 -9999 -9999 -9999 -9999 -9999 -9999 -9999 -9999 -9999 -9999 -9999 -9999 -9999 -9999 -9999 -9999 -9999 1104 1167 1245 1339 1373 1381 1380 1395 1323 1179 1114 1082 1242 1392 1550 1763 1869 1800 1807 1755 1757 1880 2039 2122 2205 2263 2354 2384 2343 2336 2530 2550 2488 2410 2327 2305 2183 2043 2316 2707 2871 2897 2917 3033 3126 3066 3083 3063 3059 2929 2930 3138 3144 3110 3212 3375 3422 3280 3259
-9999 -9999 -9999 -9999 -9999 -9999 -9999 -9999 -9999 -9999 -9999 -9999 -9999 -9999 -9999 -9999 -9999 -9999 -9999 -9999 -9999 -9999 -9999 -9999 -9999 -9999 -9999 1048 1043 985 1018 1093 1149 1177 1293 1377 1351 1283 1171 1150 1091 1144 1283 1481 1757 1814 1831 1936 1809 1707 1768 1962 2118 2219 2213 2238 2258 2261 2342 2434 2507 2501 2401 2249 2113 2045 2155 2481 2716 2754 2776 2925 3038 3074 3038 2964 2981 3123 3128 3053 3154 3097 3139 3298 3426 3492 3398 3413
-9999 -9999 -9999 -9999 -9999 -9999 -9999 -9999 -9999 -9999 -9999 -9999 -9999 -9999 -9999 -9999 -9999 -9999 -9999 -9999 -9999 -9999 -9999 -9999 -9999 -9999 696 894 1080 980 929 965 915 959 1104 1230 1307 1229 1130 1178 1116 1040 1222 1433 1720 1774 1761 1881 1880 1814 1744 1766 2019 2225 2179 2162 2166 2215 2281 2301 2320 2442 2411 2230 2015 2080 2302 2458 2541 2639 2797 2902 2923 2999 3054 2925 2908 2998 3143 3148 3090 2960 3145 3303 3286 3264 3281 3458
-9999 -9999 -9999 -9999 -9999 -9999 -9999 -9999 -9999 -9999 -9999 -9999 -9999 -9999 -9999 -9999 -9999 -9999 -9999 -9999 -9999 -9999 -9999 -9999 -9999 618 610 750 1067 1134 953 856 735 814 1022 1168 1199 1067 1078 1183 1152 1033 1173 1398 1656 1715 1676 1748 1849 1898 1688 1682 1953 2129 2091 2111 2122 2204 2268 2213 2201 2226 2198 2096 1994 2092 2282 2409 2552 2655 2704 2794 2840 2917 2992 2895 2836 2905 2936 2986 2899 2900 3193 3244 3109 3108 3244 3411
-9999 -9999 -9999 -9999 -9999 -9999 -9999 -9999 -9999 -9999 -9999 -9999 -9999 -9999 -9999 -9999 -9999 -9999 -9999 -9999 -9999 -9999 -9999 -9999 604 589 577 653 878 1055 1074 873 657 681 881 1084 1048 957 991 1078 1195 1099 1070 1283 1552 1588 1559 1630 1741 1852 1637 1559 1771 1889 1989 2105 2120 2161 2213 2188 2164 2159 2067 1975 1967 2116 2445 2593 2673 2789 2738 2773 2806 2907 2919 2855 2765 2793 2842 2826 2740 2877 3133 3095 2929 3142 3254 3266
-9999 -9999 -9999 -9999 -9999 -9999 -9999 -9999 -9999 -9999 -9999 -9999 -9999 -9999 -9999 -9999 -9999 -9999 -9999 -9999 -9999 -9999 -9999 744 542 531 574 625 736 772 977 942 720 645 821 904 950 947 883 814 1030 1124 1018 1180 1298 1401 1469 1486 1636 1719 1532 1516 1635 1821 2099 2275 2192 2194 2267 2226 2165 2133 2018 1920 1996 2192 2484 2713 2781 2784 2756 2856 2909 3014 2963 2829 2723 2679 2719 2673 2613 2800 3039 2955 2812 3181 3275 3139
-9999 -9999 -9999 -9999 -9999 -9999 -9999 -9999 -9999 -9999 -9999 -9999 -9999 -9999 -9999 -9999 -9999 -9999 -9999 -9999 -9999 -9999 582 516 451 511 560 604 676 693 854 788 643 661 911 1059 986 941 788 705 873 1037 951 982 1117 1368 1498 1415 1499 1576 1379 1478 1784 2020 2179 2324 2367 2361 2365 2295 2198 2108 1995 1940 2048 2271 2494 2676 2723 2675 2719 2817 2942 3051 2978 2815 2698 2589 2594 2519 2565 2780 3006 2864 2708 3001 3099 3018
-9999 -9999 -9999 -9999 -9999 -9999 -9999 -9999 -9999 -9999 -9999 -9999 -9999 -9999 -9999 -9999 -9999 -9999 -9999 -9999 -9999 352 408 425 508 628 657 609 608 611 708 627 579 577 726 970 975 923 826 689 708 728 796 848 1032 1360 1457 1394 1395 1429 1344 1410 1671 1980 2168 2280 2419 2429 2365 2270 2158 2028 1887 1920 2053 2279 2393 2512 2552 2602 2690 2746 2894 2986 2874 2747 2660 2524 2478 2439 2588 2829 2962 2763 2656 2979 2993 2859
-9999 -9999 -9999 -9999 -9999 -9999 -9999 -9999 -9999 -9999 -9999 -9999 -9999 -9999 -9999 -9999 -9999 -9999 -9999 -9999 316 347 380 467 623 806 796 681 621 614 619 549 478 483 612 848 890 772 816 732 585 541 692 729 913 1298 1458 1358 1204 1183 1141 1270 1507 1791 2088 2279 2402 2396 2285 2189 2070 1805 1748 1902 2036 2202 2293 2417 2492 2568 2612 2665 2831 2875 2728 2611 2560 2454 2398 2385 2602 2878 2884 2579 2646 2847 2859 2719
-9999 -9999 -9999 -9999 -9999 -9999 -9999 -9999 -9999 -9999 -9999 -9999 -9999 -9999 -9999 -9999 -9999 -9999 325 371 369 372 364 514 687 735 714 723 672 686 665 592 521 463 642 872 864 712 764 852 632 518 652 749 916 1292 1420 1236 925 912 1037 1239 1486 1671 1943 2199 2331 2360 2222 2101 1994 1635 1817 1990 2034 2136 2256 2356 2447 2511 2538 2596 2698 2740 2561 2480 2470 2389 2313 2324 2548 2796 2663 2439 2597 2665 2595 2502
-9999 -9999 -9999 -9999 -9999 -9999 -9999 -9999 -9999 -9999 -9999 -9999 -9999 -9999 -9999 -9999 -9999 315 490 530 486 402 393 522 644 656 600 607 592 556 589 568 532 507 731 914 897 708 669 793 584 566 772 939 1010 1272 1290 1048 812 850 1093 1383 1570 1712 1938 2120 2243 2300 2212 2063 1880 1537 1829 1993 2020 2157 2333 2388 2433 2521 2569 2582 2614 2600 2478 2420 2382 2311 2240 2260 2523 2676 2555 2350 2480 2381 2216 1933
-9999 -9999 -9999 -9999 -9999 -9999 -9999 -9999 -9999 -9999 -9999 -9999 -9999 -9999 -9999 -9999 255 312 477 469 495 461 456 554 700 632 552 539 541 475 465 456 453 518 715 786 877 771 647 582 513 655 871 1077 1132 1264 1273 1018 852 752 978 1359 1628 1769 1966 2059 2174 2242 2165 1955 1697 1456 1735 1990 2043 2165 2403 2479 2515 2539 2604 2624 2628 2605 2491 2403 2335 2275 2182 2212 2357 2529 2497 2257 2157 1681 1604 1792
-9999 -9999 -9999 -9999 -9999 -9999 -9999 -9999 -9999 -9999 -9999 -9999 -9999 -9999 -9999 217 211 269 377 415 442 467 505 597 762 694 539 496 501 459 444 438 417 445 569 549 647 642 692 540 505 692 847 1051 1055 1137 1244 1183 970 687 831 1225 1425 1793 1831 1846 2003 2048 1821 1630 1472 1390 1677 2038 2131 2240 2400 2554 2639 2623 2634 2671 2689 2585 2516 2465 2349 2252 2141 2121 2254 2329 2269 1808 1474 1787 2159 2305
-9999 -9999 -9999 -9999 -9999 -9999 -9999 -9999 -9999 -9999 -9999 -9999 -9999 -9999 203 195 224 281 346 408 407 438 540 642 689 676 561 567 508 464 455 457 414 410 452 471 467 442 602 545 505 628 838 1040 963 1004 1189 1153 991 679 679 1069 1068 1325 1392 1529 1662 1653 1448 1331 1337 1455 1783 2036 2191 2362 2560 2700 2719 2730 2781 2813 2734 2673 2644 2567 2477 2301 2207 2074 1926 2119 1726 1488 1827 2295 2571 2529
-9999 -9999 -9999 -9999 -9999 -9999 -9999 -9999 -9999 -9999 -9999 -9999 -9999 184 181 186 231 281 315 363 393 440 563 646 594 649 650 705 639 585 537 496 443 491 481 529 479 370 420 504 454 613 913 1032 915 904 1064 961 849 691 541 818 794 830 932 1178 1379 1356 1254 1302 1510 1865 2016 2080 2221 2070 2350 2629 2637 2708 2811 2891 2798 2822 2786 2783 2624 2451 2307 2128 1636 1353 1498 1678 2325 2698 2705 2679
-9999 -9999 -9999 -9999 -9999 -9999 -9999 -9999 -9999 -9999 -9999 -9999 180 175 177 193 211 251 286 319 360 404 499 532 553 675 689 646 586 643 688 624 618 634 520 418 390 395 316 447 425 641 864 977 944 853 939 717 718 817 555 512 617 768 817 918 1119 1156 1276 1481 1742 2017 2012 1971 2058 1714 1893 2328 2279 2214 2378 2635 2783 2752 2604 2540 2612 2460 2238 1917 1455 1602 2107 2480 2573 2860 2816 2807
-9999 -9999 -9999 -9999 -9999 -9999 -9999 -9999 -9999 -9999 174 170 167 168 176 214 223 238 259 307 335 348 411 489 583 657 627 587 488 547 675 765 791 712 551 397 318 318 321 406 429 619 698 901 1015 732 673 489 604 742 582 555 835 1033 1128 996 1002 1285 1527 1636 1778 1781 1647 1676 1831 1547 1624 1987 1875 1754 2061 2214 2418 2703 2517 2229 2299 2196 2098 1613 1434 1820 2351 2582 2891 3023 2949 2971
-9999 -9999 -9999 -9999 -9999 -9999 -9999 -9999 -9999 163 162 159 160 164 184 232 255 262 266 286 296 295 413 543 587 548 582 471 415 513 517 621 729 827 698 414 302 343 386 319 330 378 532 756 799 618 391 374 422 650 573 508 744 952 1123 1175 1232 1171 1196 1198 1342 1479 1399 1295 1537 1462 1452 1536 1473 1593 2056 1905 2088 2325 2276 2086 2026 1901 1931 1399 1524 1903 2401 2668 2923 3130 3129 3155
-9999 -9999 -9999 -9999 -9999 -9999 -9999 -9999 146 150 152 152 156 169 184 207 238 267 258 257 265 281 430 551 575 506 424 371 338 438 430 420 537 706 666 524 303 303 459 426 373 401 538 507 433 387 397 567 389 441 418 532 681 744 895 883 1023 888 875 843 925 1087 1221 990 1182 1295 1194 1150 1364 1682 1990 1772 1755 1908 1945 1950 1736 1570 1435 1391 1750 1903 2220 2459 2826 3148 3179 3147
-9999 -9999 -9999 -9999 -9999 -9999 -9999 138 141 144 146 149 153 163 177 181 203 244 234 231 259 280 365 472 499 554 492 352 312 359 428 358 383 450 383 365 353 320 323 549 470 358 380 415 515 572 603 724 511 383 427 577 545 568 647 664 741 612 639 623 629 771 892 714 781 955 894 972 1362 1480 1734 1667 1517 1583 1650 1703 1424 1237 1333 1719 2056 2162 2228 2389 2754 3015 2971 2912
-9999 -9999 -9999 -9999 -9999 -9999 -9999 137 139 141 143 146 149 154 159 164 181 208 210 214 238 258 323 408 471 533 584 444 335 272 349 367 327 291 275 272 287 298 306 445 605 609 650 744 904 877 798 926 750 582 499 434 443 436 464 512 510 509 507 584 570 567 656 738 709 775 819 806 1011 1102 1326 1355 1346 1344 1356 1287 1096 1334 1689 2088 2255 2498 2608 2607 2793 2700 2654 2662
-9999 -9999 -9999 -9999 -9999 -9999 131 134 135 138 140 142 144 147 152 156 166 178 187 207 214 237 313 429 454 461 521 525 352 265 406 453 329 279 288 333 325 364 405 402 544 737 810 938 1029 1072 1000 1121 989 817 602 594 548 419 520 545 568 720 659 791 821 732 770 1020 1081 1105 1182 949 816 851 920 963 1078 1038 1038 1090 1065 1379 1850 2295 2480 2605 2714 2704 2660 2437 2382 2412
-9999 -9999 -9999 -9999 -9999 127 129 132 133 135 137 137 137 141 146 152 159 169 180 192 202 249 289 344 386 398 437 532 329 273 376 516 487 320 327 445 474 534 528 452 462 561 705 850 963 1108 1062 1033 1051 991 834 835 723 526 552 606 626 771 819 986 1162 1117 984 1066 1357 1540 1530 1230 1116 1062 1074 952 867 811 1079 1286 1436 1575 1989 2349 2645 2528 2495 2437 2386 2250 2150 2245
-9999 -9999 -9999 -9999 -9999 124 127 130 130 132 134 133 134 138 143 148 155 163 172 182 206 282 266 279 345 368 388 397 327 246 315 330 393 335 387 452 547 621 664 599 556 511 562 684 855 961 885 873 953 1116 1145 1019 857 702 635 699 639 745 927 1175 1408 1499 1235 1145 1432 1766 1810 1630 1577 1465 1421 1289 1050 969 955 1027 1305 1357 1776 1954 2218 2315 2198 2226 2074 2075 2004 2109
-9999 -9999 -9999 -9999 121 123 126 127 127 129 130 130 132 137 141 150 173 165 171 182 204 251 232 256 316 307 323 279 247 198 239 195 242 342 418 497 525 599 669 685 617 583 586 705 823 841 803 856 941 1119 1303 1083 913 760 718 843 791 775 1051 1362 1544 1724 1496 1324 1537 1882 2037 1920 1840 1705 1432 1278 1179 1259 1330 1148 984 1098 1389 1472 1704 1805 1880 1879 1870 1824 1899 1875
-9999 -9999 -9999 -9999 121 122 123 124 125 127 127 128 131 136 139 154 193 167 163 178 207 211 201 226 260 268 282 204 211 240 242 231 222 292 358 497 571 596 566 595 521 575 613 654 827 798 713 805 880 1071 1342 1193 1003 840 768 948 898 792 1002 1353 1647 1828 1808 1700 1743 1889 1997 1900 1835 1715 1522 1315 1311 1343 1551 1513 1180 1247 1120 1141 1340 1393 1482 1461 1589 1692 1715 1745
-9999 -9999 -9999 117 119 119 119 121 123 124 125 128 130 134 135 142 156 153 156 171 205 209 187 188 221 225 236 176 291 472 500 386 247 221 269 369 519 519 416 443 409 463 503 525 722 754 627 708 805 991 1229 1378 1184 997 924 915 858 912 1002 1224 1620 1857 1950 1936 1876 1913 1915 1827 1799 1791 1744 1546 1632 1658 1739 1887 1666 1641 1367 1243 1366 1432 1598 1610 1480 1507 1514 1530
-9999 -9999 -9999 115 116 116 118 120 121 122 125 127 129 131 132 132 135 140 149 163 187 205 179 177 180 181 200 265 393 607 621 490 309 223 214 270 372 358 319 316 324 375 373 465 564 617 598 707 861 1107 1277 1475 1258 1061 979 1066 1033 992 1055 1116 1360 1704 1931 2018 1987 1963 1894 1903 1811 1675 1628 1632 1684 1788 2003 2030 1915 1929 1798 1535 1606 1806 2048 2038 1832 1727 1770 1809
-9999 -9999 -9999 113 113 114 116 117 119 121 123 125 126 127 128 129 133 140 150 166 189 201 171 165 158 159 201 344 431 455 406 387 409 380 234 224 279 482 566 462 408 352 362 503 625 609 674 831 1006 1199 1394 1508 1287 1051 1012 1223 1223 1145 1192 1138 1206 1458 1862 2010 2051 2039 1987 1920 1685 1633 1638 1710 1771 1899 2097 2168 2166 2086 1956 1705 1631 1932 2282 2293 2021 1943 1988 2062
-9999 -9999 109 111 111 113 114 116 118 119 120 122 123 125 126 127 130 136 158 177 187 182 154 149 149 152 177 245 309 294 276 303 388 457 322 262 300 449 627 747 779 611 397 572 842 844 733 785 919 999 1122 1374 1375 1233 1122 1263 1437 1398 1431 1281 1232 1347 1597 1822 1908 2063 2104 1927 1714 1725 1733 1718 1848 2026 2164 2297 2366 2219 2045 1719 1689 1948 2352 2465 2207 2185 2219 2313
-9999 -9999 108 108 109 111 113 115 116 117 118 120 121 123 124 125 126 139 162 168 155 149 142 144 145 150 160 181 211 218 214 273 409 512 449 351 377 378 423 593 804 779 496 723 887 844 725 653 753 810 882 1038 1236 1351 1303 1331 1513 1641 1605 1411 1340 1379 1467 1651 1823 2024 2154 2027 1876 1857 1820 1755 1818 1959 2127 2343 2399 2258 2043 1795 1845 2008 2369 2487 2369 2390 2486 2524
-9999 -9999 107 107 109 110 112 112 114 116 118 119 121 122 123 124 130 137 141 135 136 136 139 152 166 166 174 203 185 182 191 238 321 441 550 476 470 584 580 565 585 594 529 739 759 623 586 589 661 692 730 854 993 1231 1313 1332 1427 1590 1654 1508 1450 1468 1601 1755 1908 2024 2163 2091 1998 1921 1819 1791 1856 1956 2142 2326 2325 2156 2030 1958 1954 2077 2341 2387 2384 2455 2629 2766
