Dropbox/GRP Data/GRP mammal paper/NN_analysis/DATA/2014 input files/ss_demsrtm30.asc
ncols         174
nrows         253
xllcorner     26907.269967165
yllcorner     -314811.53128703
cellsize      1000
NODATA_value  -9999
[rows 78 to 116 of 253, columns 0 to 87 of 174]
-9999 104 105 106 107 110 112 114 114 116 118 120 121 121 122 124 126 127 129 129 131 133 136 155 164 181 249 255 221 170 182 207 257 375 467 543 702 864 775 636 545 515 488 506 520 523 552 557 599 636 642 690 781 951 1170 1240 1331 1436 1583 1606 1588 1571 1687 1827 1962 2049 2207 2187 2030 1940 1859 1833 1927 2084 2275 2352 2238 2098 2083 2079 2053 2105 2273 2338 2365 2471 2702 2903
-9999 103 106 106 108 110 110 110 112 114 116 117 118 119 122 124 124 124 126 127 129 131 136 151 175 346 450 437 271 167 200 259 314 346 405 565 840 841 690 580 519 483 528 600 622 602 634 563 569 603 601 622 675 798 974 1081 1140 1228 1365 1498 1653 1646 1665 1798 1938 2041 2181 2206 2043 2024 1983 1926 1995 2183 2407 2437 2359 2280 2280 2271 2211 2146 2249 2426 2507 2589 2794 2989
-9999 102 104 105 105 107 108 109 111 113 115 116 117 118 120 121 120 121 123 122 126 128 154 208 274 485 423 262 178 199 289 320 370 372 416 511 611 608 557 513 489 481 520 631 715 719 736 672 611 660 636 603 631 696 844 896 959 1075 1173 1314 1582 1699 1669 1744 1899 2003 2122 2225 2184 2142 2063 1992 2070 2253 2457 2458 2444 2406 2377 2337 2292 2321 2281 2499 2743 2742 2865 2950
-9999 101 101 103 105 105 107 108 110 112 114 115 115 117 119 117 118 118 118 120 123 125 138 223 322 335 248 161 154 195 234 313 388 387 401 416 437 493 519 502 489 493 511 565 702 752 777 785 697 706 675 674 641 656 717 803 902 1024 1140 1225 1440 1634 1675 1766 1904 1973 2078 2175 2176 2144 2105 2093 2177 2373 2417 2383 2373 2359 2354 2381 2461 2496 2336 2546 2732 2735 2875 2911
-9999 99 100 102 103 104 106 108 110 111 112 113 115 116 116 113 114 113 115 119 122 122 124 143 174 169 155 142 144 149 158 238 268 300 312 297 360 483 528 506 505 507 493 566 664 760 806 835 769 698 687 786 719 677 750 849 921 996 1164 1243 1346 1470 1533 1708 1835 1835 1863 1919 1927 1986 2060 2212 2286 2392 2365 2341 2329 2380 2437 2511 2636 2630 2407 2543 2671 2710 2788 2786
-9999 99 100 102 103 104 106 107 109 109 111 114 115 115 112 108 110 113 114 116 119 119 119 133 182 181 146 137 139 144 150 165 204 254 213 202 339 469 516 519 547 509 443 511 573 652 734 827 786 712 727 881 858 792 783 839 876 978 1123 1204 1295 1381 1561 1658 1673 1588 1639 1685 1781 1903 1934 2108 2230 2332 2343 2348 2366 2452 2518 2624 2712 2722 2528 2600 2753 2734 2773 2708
-9999 99 100 102 103 104 105 107 108 109 111 113 113 114 109 107 109 110 111 113 115 115 117 175 331 282 159 135 138 148 150 161 233 283 181 181 353 362 467 514 536 507 410 419 468 497 570 701 715 715 719 839 899 913 865 892 923 968 1045 1126 1227 1352 1525 1448 1488 1453 1533 1617 1850 1907 1829 1928 2169 2276 2257 2266 2390 2480 2494 2690 2851 2793 2644 2617 2808 2846 2758 2613
-9999 99 100 102 103 103 104 105 107 108 109 110 112 112 108 106 107 108 109 111 111 113 115 170 291 222 144 133 137 162 153 174 255 243 165 210 347 261 436 519 475 491 406 356 377 393 447 535 634 744 749 798 844 930 958 977 1001 1000 1027 1113 1191 1306 1319 1293 1341 1448 1509 1648 1962 1927 1781 1937 2260 2259 2170 2217 2379 2355 2399 2603 2704 2789 2758 2715 2841 2963 2781 2639
-9999 98 100 101 102 103 103 105 106 107 108 109 110 109 105 104 105 106 106 109 108 111 116 128 150 133 129 131 132 145 148 170 206 166 151 206 353 231 395 451 418 416 322 345 422 361 384 421 578 701 734 831 900 994 977 1005 1011 1046 1030 1076 1129 1191 1166 1176 1278 1450 1508 1669 1954 1898 1742 1922 2244 2263 2121 2135 2240 2182 2318 2497 2613 2774 2791 2782 2835 2929 2803 2789
-9999 -9999 99 101 101 103 103 104 105 106 107 108 109 108 102 103 105 104 104 106 107 111 119 121 122 123 126 127 127 131 135 157 176 145 146 164 262 183 261 343 371 345 261 385 519 389 393 437 540 688 656 784 916 982 936 973 988 1040 1055 1104 1072 1097 1068 1091 1286 1436 1526 1579 1764 1860 1715 2008 2328 2322 2135 2048 2041 2066 2250 2396 2507 2586 2573 2667 2773 2831 2845 2927
-9999 -9999 98 99 100 102 102 103 105 106 105 107 108 108 102 102 103 101 101 103 106 111 118 118 120 122 123 123 125 128 130 136 142 139 143 149 169 183 250 292 334 274 246 360 496 457 448 566 611 639 607 708 784 803 877 881 881 918 987 1107 1055 1045 1019 1031 1212 1397 1479 1488 1591 1729 1658 1918 2234 2257 2155 2025 1999 2088 2214 2269 2374 2386 2434 2633 2721 2688 2749 2937
-9999 -9999 97 98 99 101 102 104 105 106 106 106 108 108 107 106 102 100 100 101 104 113 116 117 119 120 120 121 123 125 128 132 135 136 141 145 151 169 192 306 247 205 279 366 506 513 489 583 610 574 570 664 668 706 825 782 792 788 942 1083 1052 1019 990 972 1100 1331 1419 1427 1484 1639 1596 1683 1951 1990 2024 1964 1972 2073 2145 2152 2223 2302 2459 2630 2618 2621 2732 2887
-9999 -9999 97 98 99 100 102 103 104 105 106 105 107 108 108 109 107 105 108 108 106 113 115 116 118 118 118 119 120 123 127 129 131 135 138 142 146 155 192 256 191 231 385 521 578 540 535 571 592 565 556 564 564 646 748 694 718 713 860 1042 1013 991 958 929 1048 1246 1381 1422 1381 1538 1556 1478 1698 1688 1690 1817 1957 1992 2071 2123 2246 2378 2528 2553 2526 2583 2705 2776
-9999 -9999 -9999 98 99 100 101 101 103 104 104 105 107 107 108 109 109 110 111 110 105 111 113 114 115 116 116 117 119 121 125 127 129 132 135 139 143 151 175 204 181 249 455 634 556 538 595 633 674 603 565 543 535 615 692 628 655 668 754 949 961 962 909 920 1049 1146 1300 1391 1304 1396 1458 1365 1469 1479 1561 1790 2045 2075 2098 2182 2348 2402 2493 2473 2439 2480 2523 2713
-9999 -9999 -9999 98 99 99 99 102 102 103 103 105 106 106 107 108 109 108 109 109 106 111 113 112 113 114 115 116 118 121 123 125 127 130 133 137 142 147 151 165 175 252 404 558 508 545 632 677 710 578 541 516 498 525 594 567 589 623 711 837 923 921 858 932 1062 1066 1169 1230 1249 1282 1302 1240 1331 1442 1578 1786 2116 2207 2219 2303 2353 2297 2411 2426 2333 2348 2348 2585
-9999 -9999 -9999 98 97 98 100 101 102 102 104 104 104 106 107 107 107 107 109 108 104 109 111 111 112 113 113 114 117 119 121 123 126 128 131 136 141 144 146 150 165 276 455 528 498 531 621 630 636 538 492 465 494 471 493 525 571 672 803 876 884 857 840 934 1059 1045 1067 1086 1145 1106 1118 1231 1452 1605 1708 1853 2116 2123 2130 2268 2259 2201 2335 2357 2223 2230 2265 2371
-9999 -9999 -9999 95 97 98 99 100 101 101 102 102 104 105 106 106 106 107 107 108 104 108 110 110 110 111 111 112 115 117 120 122 124 127 131 136 140 140 144 150 164 236 434 470 492 482 582 611 629 510 473 478 467 489 541 580 659 805 951 903 811 792 864 985 1103 1078 1031 1009 1026 919 1008 1269 1438 1565 1694 1761 1915 1909 1967 2108 2118 2077 2137 2166 2102 2091 2127 2217
-9999 -9999 -9999 -9999 96 97 98 100 100 100 102 102 104 104 104 104 105 106 105 106 103 107 109 108 108 109 110 111 113 117 147 130 124 127 130 133 140 168 188 218 230 264 386 427 471 446 544 585 605 547 469 531 448 517 718 793 869 1019 1058 882 725 730 835 962 1098 1123 1049 1007 947 844 958 1152 1232 1274 1523 1666 1605 1597 1764 1973 2010 1949 2002 1954 2044 2206 2304 2453
-9999 -9999 -9999 -9999 96 97 98 99 99 99 101 101 102 103 103 103 104 104 105 106 103 106 107 107 107 108 109 110 112 116 180 178 124 126 129 130 134 162 181 211 221 248 311 375 414 425 510 498 478 558 476 453 427 541 770 842 894 1020 1011 823 709 682 788 894 1012 1116 1122 1082 1032 909 854 896 1016 1065 1257 1583 1507 1423 1706 1928 1883 1787 1840 1907 2131 2289 2448 2578
-9999 -9999 -9999 -9999 94 96 97 98 98 98 99 100 102 102 102 102 103 103 104 104 102 104 105 105 106 107 108 109 110 112 165 213 126 124 126 127 128 128 132 141 151 176 244 270 344 387 437 403 393 491 467 436 488 536 682 724 782 832 823 684 636 612 723 852 967 1101 1193 1151 1082 1041 884 731 874 1181 1364 1290 1283 1530 1647 1800 1751 1674 1841 1984 2140 2299 2491 2346
-9999 -9999 -9999 -9999 -9999 95 96 98 97 98 99 98 100 100 100 101 101 102 103 101 101 103 103 103 105 107 106 107 108 110 148 155 122 122 123 124 125 126 127 131 142 173 212 198 269 350 378 375 298 387 428 391 445 519 555 667 725 716 703 575 498 568 784 915 1010 1110 1251 1160 1104 920 779 713 982 1287 1264 1101 1187 1560 1725 1681 1622 1684 1933 2070 2167 2236 2346 2004
-9999 -9999 -9999 -9999 -9999 93 95 96 96 97 98 98 99 99 99 100 100 101 101 98 102 102 102 102 103 105 105 106 107 108 127 119 117 119 120 121 122 122 124 127 135 160 181 171 203 242 321 352 270 355 378 435 382 436 510 606 672 606 637 534 494 719 883 990 1067 1117 1141 1156 1034 836 688 718 897 1079 1125 990 1111 1464 1708 1703 1508 1681 1941 2064 2119 2133 2101 1806
-9999 -9999 -9999 -9999 -9999 92 93 94 95 95 96 97 98 98 98 98 99 100 98 98 101 101 101 101 102 103 104 106 107 108 115 114 115 116 117 118 119 120 123 126 129 137 141 143 160 161 302 324 324 436 382 296 427 603 761 783 642 568 586 607 463 530 693 791 870 941 1009 926 1021 980 758 648 725 823 883 956 1125 1319 1473 1523 1339 1589 1827 1979 1935 1895 1749 1543
-9999 -9999 -9999 -9999 -9999 91 91 92 93 95 96 96 97 97 97 97 98 99 96 99 100 100 100 100 101 102 103 105 106 108 110 112 113 114 114 116 117 117 120 124 128 131 133 135 142 154 250 262 226 273 282 248 284 409 505 675 677 567 524 494 607 417 546 731 845 956 926 794 838 997 864 606 677 835 934 1085 1209 1355 1379 1205 1128 1393 1482 1684 1543 1491 1421 1345
-9999 -9999 -9999 -9999 -9999 -9999 91 91 92 94 95 94 96 96 96 97 97 96 96 98 99 99 99 99 99 100 101 104 105 106 109 109 109 111 112 113 115 116 119 123 125 130 136 160 174 244 317 264 223 212 230 205 256 350 423 545 640 673 507 438 554 402 543 782 878 990 874 726 768 895 863 595 688 968 1115 1272 1419 1366 1171 1027 1013 1226 1161 1332 1205 1194 1220 1351
-9999 -9999 -9999 -9999 -9999 -9999 89 90 91 92 93 94 95 95 95 96 97 94 96 97 98 98 98 98 98 99 100 102 104 105 107 107 108 110 109 111 112 115 118 120 125 177 203 254 313 440 387 304 234 188 194 241 395 419 416 503 585 694 569 426 398 386 598 754 795 935 869 710 674 718 727 554 613 888 1219 1351 1418 1251 991 880 847 1009 952 1038 1065 1210 1320 1570
-9999 -9999 -9999 -9999 -9999 -9999 89 89 90 90 93 93 94 95 94 95 95 95 96 96 97 97 97 97 97 98 99 101 102 103 104 105 106 107 108 109 111 114 116 117 131 213 350 382 438 440 266 275 249 185 185 286 493 563 483 513 560 649 628 469 285 425 665 644 660 870 923 767 614 565 575 524 614 840 1258 1187 1191 1042 970 760 734 813 940 1050 1168 1429 1565 1818
-9999 -9999 -9999 -9999 -9999 -9999 87 88 89 90 92 92 92 93 92 94 94 94 95 96 96 95 96 97 96 97 98 99 100 101 102 103 104 105 107 108 110 113 114 116 137 211 300 328 303 234 172 214 270 199 179 241 395 529 493 511 548 595 668 522 282 410 564 503 621 830 975 773 607 509 457 548 696 846 1093 968 1080 906 826 709 859 875 1085 1267 1216 1445 1793 2159
-9999 -9999 -9999 -9999 -9999 -9999 -9999 87 88 90 91 91 90 92 92 92 93 93 94 94 94 95 95 96 96 96 97 97 98 99 100 101 102 103 105 106 108 110 111 112 117 159 166 141 135 132 138 165 218 230 197 174 249 342 399 451 500 549 628 541 291 349 479 505 718 843 872 781 571 471 429 599 771 894 878 756 770 689 607 741 1095 1121 1172 1476 1400 1388 1660 2015
-9999 -9999 -9999 -9999 -9999 -9999 -9999 87 87 89 89 90 90 90 91 92 92 93 93 93 93 94 95 94 95 95 96 96 97 97 98 99 101 101 103 105 106 107 108 109 109 110 113 117 118 122 127 137 169 243 213 164 182 283 368 394 423 511 566 522 315 370 561 583 793 823 764 713 539 380 499 714 809 833 705 583 537 529 629 874 1202 1492 1499 1639 1710 1583 1604 1814
-9999 -9999 -9999 -9999 -9999 -9999 -9999 86 86 88 88 89 89 89 90 91 92 91 91 92 92 93 94 94 94 94 95 95 95 95 96 98 99 100 102 103 104 105 106 107 107 108 111 113 116 119 122 128 141 217 187 160 170 216 277 324 334 416 522 442 275 373 598 809 904 864 777 702 515 343 589 719 586 707 596 449 435 567 844 1103 1295 1587 1729 1783 1944 1971 1927 2093
-9999 -9999 -9999 -9999 -9999 -9999 -9999 -9999 86 86 87 88 89 89 90 90 90 90 90 91 91 92 92 93 93 93 93 93 93 94 95 96 98 99 100 102 103 103 104 105 106 108 110 112 114 117 122 146 152 183 166 156 159 186 269 282 271 399 542 378 247 425 650 846 787 831 764 734 509 312 447 527 407 512 419 416 559 593 775 1120 1338 1351 1485 1548 1714 1825 1995 2256
-9999 -9999 -9999 -9999 -9999 -9999 -9999 -9999 85 86 86 87 88 88 89 89 89 89 89 90 90 91 91 92 92 92 92 92 93 94 94 96 97 98 99 101 101 102 103 104 106 107 109 111 113 115 120 197 279 178 159 153 162 236 235 203 238 398 510 331 237 439 651 753 656 657 685 830 618 388 313 386 315 345 392 606 817 683 727 943 1077 1047 1251 1373 1546 1715 1899 2209
-9999 -9999 -9999 -9999 -9999 -9999 -9999 -9999 85 86 86 87 87 88 88 88 88 88 89 89 89 90 90 90 91 91 92 92 92 93 94 96 96 97 98 100 101 102 104 105 107 109 110 111 113 117 127 181 385 268 153 151 163 214 176 168 195 275 377 241 263 461 654 661 539 539 779 817 692 559 311 292 340 394 437 692 921 922 827 826 874 912 1099 1249 1491 1693 1870 2008
-9999 -9999 -9999 -9999 -9999 -9999 -9999 -9999 85 86 85 86 87 87 87 87 86 87 88 88 88 89 90 90 90 90 91 91 92 93 94 95 96 97 98 99 101 102 103 106 108 110 112 113 116 118 122 153 316 299 159 147 151 157 153 161 174 202 310 243 244 413 600 502 449 578 783 689 511 537 334 340 515 603 587 611 783 1013 1208 1085 1037 984 1022 1188 1531 1617 1675 1665
-9999 -9999 -9999 -9999 -9999 -9999 -9999 -9999 -9999 84 85 87 86 85 85 86 86 87 86 87 87 87 88 89 90 90 91 91 92 92 94 95 97 98 99 101 103 103 104 106 108 110 111 114 117 119 121 127 174 281 188 146 144 145 165 272 241 270 314 223 202 337 460 380 464 645 661 618 481 305 280 399 657 756 785 808 896 1026 1331 1366 1290 1261 1164 1181 1417 1362 1380 1427
-9999 -9999 -9999 -9999 -9999 -9999 -9999 -9999 -9999 84 84 85 85 84 84 85 85 86 86 86 86 87 87 87 89 90 90 91 92 93 94 95 96 98 99 100 101 104 104 106 108 110 112 113 119 120 122 126 132 157 171 145 140 142 172 278 308 376 282 203 169 214 273 320 544 627 508 458 402 283 275 430 583 658 679 886 1052 1126 1392 1553 1570 1536 1292 1178 1274 1307 1425 1505
-9999 -9999 -9999 -9999 -9999 -9999 -9999 -9999 -9999 83 84 84 84 84 84 85 85 85 85 84 85 86 87 87 88 89 90 91 92 92 94 95 96 98 99 99 101 103 105 107 109 111 113 114 117 120 123 127 130 133 137 138 137 138 143 162 185 287 337 237 161 178 222 283 378 522 361 294 272 274 285 414 450 465 545 759 1068 1221 1542 1753 1799 1654 1364 1283 1471 1573 1679 1834
-9999 -9999 -9999 -9999 -9999 -9999 -9999 -9999 -9999 -9999 83 83 83 83 84 84 84 84 84 84 85 86 86 87 89 89 90 92 92 93 94 96 97 98 99 100 101 102 105 107 109 111 113 115 117 119 123 126 130 132 135 136 134 135 136 142 153 215 240 236 163 180 232 229 238 310 282 299 364 452 366 438 373 392 534 759 1039 1267 1407 1760 1859 1732 1530 1441 1605 1833 1917 2098
