Dropbox/GRP Data/GRP mammal paper/NN_analysis/DATA/2014 input files/ss_demsrtm30.asc
ncols         174
nrows         253
xllcorner     26907.269967165
yllcorner     -314811.53128703
cellsize      1000
NODATA_value  -9999
[rows 156 to 194 of 253, columns 0 to 87 of 174]
-9999 -9999 -9999 -9999 -9999 -9999 -9999 -9999 -9999 -9999 -9999 -9999 -9999 -9999 -9999 -9999 -9999 -9999 -9999 -9999 -9999 66 67 68 69 70 72 73 74 75 76 78 78 80 82 84 85 86 88 91 93 95 98 100 102 104 107 109 112 114 116 118 120 122 125 127 130 132 134 136 138 141 145 152 152 156 160 165 185 197 319 405 379 312 250 243 297 372 467 584 694 796 808 657 528 522 549 702
-9999 -9999 -9999 -9999 -9999 -9999 -9999 -9999 -9999 -9999 -9999 -9999 -9999 -9999 -9999 -9999 -9999 -9999 -9999 -9999 -9999 65 66 68 68 69 71 72 74 74 76 78 79 81 82 83 85 87 88 91 93 95 98 100 102 104 106 109 111 113 115 118 120 122 125 128 131 134 137 138 140 142 148 156 163 178 195 179 182 215 306 414 360 340 321 261 284 355 496 570 584 631 558 467 494 548 681 730
-9999 -9999 -9999 -9999 -9999 -9999 -9999 -9999 -9999 -9999 -9999 -9999 -9999 -9999 -9999 -9999 -9999 -9999 -9999 -9999 -9999 65 65 67 67 69 70 72 74 75 76 78 80 81 82 83 85 87 89 91 93 95 97 99 103 104 106 109 111 113 116 117 120 123 125 128 131 134 138 141 143 144 149 157 173 246 319 245 206 229 284 320 354 373 396 337 276 318 412 421 408 395 411 590 697 677 908 943
-9999 -9999 -9999 -9999 -9999 -9999 -9999 -9999 -9999 -9999 -9999 -9999 -9999 -9999 -9999 -9999 -9999 -9999 -9999 -9999 -9999 65 65 66 67 68 70 71 73 75 76 78 80 81 82 84 85 87 89 91 92 94 96 99 101 103 105 108 110 113 116 118 121 123 126 129 132 135 139 143 146 148 153 161 172 225 292 252 236 246 245 296 323 384 392 373 323 314 336 377 380 398 564 690 840 896 966 1102
-9999 -9999 -9999 -9999 -9999 -9999 -9999 -9999 -9999 -9999 -9999 -9999 -9999 -9999 -9999 -9999 -9999 -9999 -9999 -9999 -9999 -9999 65 65 67 68 69 71 73 74 76 78 79 80 81 84 84 86 88 90 91 93 95 98 99 102 105 108 110 113 115 118 120 124 126 129 133 136 141 144 148 152 156 163 173 185 189 187 193 206 222 256 304 380 398 372 380 442 404 504 693 597 568 695 868 1032 1133 1157
-9999 -9999 -9999 -9999 -9999 -9999 -9999 -9999 -9999 -9999 -9999 -9999 -9999 -9999 -9999 -9999 -9999 -9999 -9999 -9999 -9999 -9999 64 65 66 68 69 70 72 74 75 76 77 79 80 82 83 84 86 88 90 92 94 96 99 101 104 107 110 113 115 119 121 124 126 129 131 134 137 143 149 154 159 164 167 170 176 195 184 198 213 222 303 383 411 422 437 500 538 576 834 818 641 662 840 1028 1196 1287
-9999 -9999 -9999 -9999 -9999 -9999 -9999 -9999 -9999 -9999 -9999 -9999 -9999 -9999 -9999 -9999 -9999 -9999 -9999 -9999 -9999 -9999 64 65 66 67 68 69 71 73 74 75 77 78 80 81 83 84 85 87 89 91 93 97 99 102 105 107 110 113 116 120 121 124 126 130 133 135 138 144 149 150 154 158 160 174 213 236 201 191 197 225 285 335 361 414 468 525 642 631 811 909 741 788 750 996 1236 1375
-9999 -9999 -9999 -9999 -9999 -9999 -9999 -9999 -9999 -9999 -9999 -9999 -9999 -9999 -9999 -9999 -9999 -9999 -9999 -9999 -9999 -9999 63 65 65 67 67 69 71 71 73 74 76 77 79 80 82 84 85 86 89 91 93 96 100 102 105 108 109 112 115 117 121 124 126 129 132 135 139 141 149 154 159 161 170 187 265 290 222 202 210 210 223 279 336 367 485 562 707 695 798 879 881 966 816 1004 1284 1372
-9999 -9999 -9999 -9999 -9999 -9999 -9999 -9999 -9999 -9999 -9999 -9999 -9999 -9999 -9999 -9999 -9999 -9999 -9999 -9999 -9999 -9999 -9999 64 65 67 67 68 70 71 72 74 75 76 78 80 82 83 84 85 88 92 94 98 101 103 106 108 110 112 115 117 121 123 125 128 131 135 139 143 149 154 161 168 173 188 272 292 221 211 232 243 243 250 279 309 410 558 693 692 749 849 994 1097 954 1049 1346 1428
-9999 -9999 -9999 -9999 -9999 -9999 -9999 -9999 -9999 -9999 -9999 -9999 -9999 -9999 -9999 -9999 -9999 -9999 -9999 -9999 -9999 -9999 -9999 64 65 66 67 68 70 70 70 72 74 76 77 79 81 84 86 87 89 92 95 98 101 103 106 109 111 113 116 118 120 123 127 131 135 138 143 146 151 153 158 165 172 187 222 258 234 225 250 283 263 300 315 269 326 442 516 523 635 786 930 1163 1090 1107 1290 1325
-9999 -9999 -9999 -9999 -9999 -9999 -9999 -9999 -9999 -9999 -9999 -9999 -9999 -9999 -9999 -9999 -9999 -9999 -9999 -9999 -9999 -9999 -9999 64 65 65 65 66 68 68 70 73 75 77 77 79 81 83 86 88 90 93 95 98 101 103 106 108 111 114 116 119 121 124 128 133 137 142 146 150 154 159 161 165 173 185 203 257 286 259 273 309 346 393 349 294 283 324 363 418 624 774 919 1152 1169 1118 1082 1069
-9999 -9999 -9999 -9999 -9999 -9999 -9999 -9999 -9999 -9999 -9999 -9999 -9999 -9999 -9999 -9999 -9999 -9999 -9999 -9999 -9999 -9999 -9999 -9999 64 65 65 66 67 69 69 72 73 75 76 78 81 83 85 89 90 93 95 98 101 103 106 108 111 114 117 120 124 126 130 134 140 144 150 155 157 163 167 168 174 184 204 240 317 327 346 363 460 543 426 349 342 362 327 416 553 674 831 1036 1072 981 909 934
-9999 -9999 -9999 -9999 -9999 -9999 -9999 -9999 -9999 -9999 -9999 -9999 -9999 -9999 -9999 -9999 -9999 -9999 -9999 -9999 -9999 -9999 -9999 -9999 63 63 64 66 67 68 69 70 72 74 76 79 81 83 85 87 90 93 95 98 100 102 105 108 112 115 118 122 125 128 132 136 141 147 152 158 163 167 169 173 180 183 203 225 275 318 362 357 430 588 550 442 406 422 359 390 420 526 678 857 948 787 840 999
-9999 -9999 -9999 -9999 -9999 -9999 -9999 -9999 -9999 -9999 -9999 -9999 -9999 -9999 -9999 -9999 -9999 -9999 -9999 -9999 -9999 -9999 -9999 -9999 62 63 64 65 66 67 68 70 72 73 76 78 80 83 84 87 90 92 94 96 99 103 106 110 113 117 120 124 127 131 134 139 143 149 154 161 167 173 176 177 186 188 206 231 257 299 343 324 334 425 498 469 417 427 467 459 414 436 528 679 775 675 758 988
-9999 -9999 -9999 -9999 -9999 -9999 -9999 -9999 -9999 -9999 -9999 -9999 -9999 -9999 -9999 -9999 -9999 -9999 -9999 -9999 -9999 -9999 -9999 -9999 61 63 64 66 66 66 68 70 72 73 75 77 80 81 83 86 89 91 93 96 100 103 107 111 115 119 123 126 130 134 137 142 146 151 157 163 169 176 183 181 192 195 212 248 269 284 302 297 296 342 400 474 463 468 552 538 538 508 494 541 593 729 877 1039
-9999 -9999 -9999 -9999 -9999 -9999 -9999 -9999 -9999 -9999 -9999 -9999 -9999 -9999 -9999 -9999 -9999 -9999 -9999 -9999 -9999 -9999 -9999 -9999 -9999 62 63 65 66 66 68 70 72 73 75 77 80 81 83 85 88 90 92 96 100 104 108 112 117 120 124 128 132 136 140 144 149 153 159 166 171 177 185 190 193 200 224 251 262 264 276 276 291 360 393 430 458 473 522 591 645 573 591 496 532 698 784 841
-9999 -9999 -9999 -9999 -9999 -9999 -9999 -9999 -9999 -9999 -9999 -9999 -9999 -9999 -9999 -9999 -9999 -9999 -9999 -9999 -9999 -9999 -9999 -9999 -9999 61 62 64 65 67 68 70 71 72 75 77 79 82 84 87 89 91 93 97 102 106 109 113 117 121 126 130 134 139 144 148 152 157 161 168 173 179 187 193 201 201 217 234 236 259 266 267 304 363 378 417 414 444 504 620 709 650 645 525 542 661 627 678
-9999 -9999 -9999 -9999 -9999 -9999 -9999 -9999 -9999 -9999 -9999 -9999 -9999 -9999 -9999 -9999 -9999 -9999 -9999 -9999 -9999 -9999 -9999 -9999 -9999 61 61 62 64 66 68 69 71 72 75 77 79 82 85 88 91 93 95 98 102 107 111 115 119 123 127 131 135 140 144 149 155 160 164 170 177 182 188 194 202 207 206 221 230 240 252 272 306 348 364 382 397 443 495 577 620 660 668 604 732 677 666 688
-9999 -9999 -9999 -9999 -9999 -9999 -9999 -9999 -9999 -9999 -9999 -9999 -9999 -9999 -9999 -9999 -9999 -9999 -9999 -9999 -9999 -9999 -9999 -9999 -9999 -9999 61 62 64 66 67 69 71 73 75 77 80 83 86 89 92 95 98 101 104 108 112 116 120 125 128 133 137 142 146 151 156 160 165 170 175 181 186 192 201 208 213 226 238 248 253 274 302 329 348 359 399 453 515 518 559 631 693 712 918 901 865 871
-9999 -9999 -9999 -9999 -9999 -9999 -9999 -9999 -9999 -9999 -9999 -9999 -9999 -9999 -9999 -9999 -9999 -9999 -9999 -9999 -9999 -9999 -9999 -9999 -9999 -9999 61 62 63 65 66 69 71 73 76 78 80 84 87 90 93 96 100 102 105 109 113 118 122 126 130 135 138 143 147 152 157 161 166 172 179 186 190 195 200 205 215 224 235 250 264 286 298 319 337 379 418 461 473 480 538 645 765 869 1023 1071 1066 998
-9999 -9999 -9999 -9999 -9999 -9999 -9999 -9999 -9999 -9999 -9999 -9999 -9999 -9999 -9999 -9999 -9999 -9999 -9999 -9999 -9999 -9999 -9999 -9999 -9999 -9999 62 62 63 65 66 68 72 74 76 78 80 85 89 91 94 97 100 104 106 110 115 119 123 128 132 136 139 143 148 153 156 161 165 168 176 186 192 198 206 208 213 221 231 242 261 288 321 322 339 378 421 458 444 473 563 648 764 900 988 1054 1040 908
-9999 -9999 -9999 -9999 -9999 -9999 -9999 -9999 -9999 -9999 -9999 -9999 -9999 -9999 -9999 -9999 -9999 -9999 -9999 -9999 -9999 -9999 -9999 -9999 -9999 -9999 62 62 63 65 66 68 70 73 76 78 80 86 89 92 94 98 101 105 109 112 115 120 125 128 133 137 140 143 145 149 153 156 161 167 174 178 184 192 200 211 215 217 227 240 259 285 318 329 344 386 444 459 421 481 557 639 743 835 870 883 914 837
-9999 -9999 -9999 -9999 -9999 -9999 -9999 -9999 -9999 -9999 -9999 -9999 -9999 -9999 -9999 -9999 -9999 -9999 -9999 -9999 -9999 -9999 -9999 -9999 -9999 -9999 -9999 62 64 65 66 68 70 73 76 78 81 86 88 92 95 98 102 106 110 113 116 121 125 128 132 135 138 143 149 152 156 162 169 177 186 190 188 187 192 203 208 216 225 239 263 277 301 324 351 389 427 422 434 479 547 664 747 821 794 757 777 722
-9999 -9999 -9999 -9999 -9999 -9999 -9999 -9999 -9999 -9999 -9999 -9999 -9999 -9999 -9999 -9999 -9999 -9999 -9999 -9999 -9999 -9999 -9999 -9999 -9999 -9999 -9999 62 65 65 66 68 71 73 76 78 81 84 88 91 94 98 102 106 110 114 117 120 123 128 131 134 139 144 148 152 156 162 170 178 187 196 205 199 200 195 201 216 224 243 279 288 304 332 365 374 388 406 440 498 584 648 680 700 673 662 644 626
-9999 -9999 -9999 -9999 -9999 -9999 -9999 -9999 -9999 -9999 -9999 -9999 -9999 -9999 -9999 -9999 -9999 -9999 -9999 -9999 -9999 -9999 -9999 -9999 -9999 -9999 -9999 64 65 66 67 69 71 73 76 78 81 84 88 91 94 97 101 105 109 113 116 121 125 129 133 136 141 144 148 154 159 165 172 180 190 198 207 212 219 207 203 207 220 241 276 298 326 353 369 355 386 436 414 479 521 534 559 568 571 633 694 731
-9999 -9999 -9999 -9999 -9999 -9999 -9999 -9999 -9999 -9999 -9999 -9999 -9999 -9999 -9999 -9999 -9999 -9999 -9999 -9999 -9999 -9999 -9999 -9999 -9999 -9999 -9999 64 66 66 68 69 72 74 77 79 82 85 88 91 94 97 101 105 109 112 117 122 127 131 136 139 143 146 150 156 162 168 176 183 191 196 204 215 226 225 222 219 218 237 263 301 350 359 346 356 387 411 394 425 489 499 496 519 607 779 833 861
-9999 -9999 -9999 -9999 -9999 -9999 -9999 -9999 -9999 -9999 -9999 -9999 -9999 -9999 -9999 -9999 -9999 -9999 -9999 -9999 -9999 -9999 -9999 -9999 -9999 -9999 -9999 -9999 67 68 69 70 72 75 78 80 82 86 89 91 94 98 101 106 110 114 119 125 129 134 138 143 146 149 152 157 163 168 175 181 189 192 203 216 227 235 244 239 228 227 248 297 329 324 317 351 361 407 569 549 617 595 607 609 680 748 830 909
-9999 -9999 -9999 -9999 -9999 -9999 -9999 -9999 -9999 -9999 -9999 -9999 -9999 -9999 -9999 -9999 -9999 -9999 -9999 -9999 -9999 -9999 -9999 -9999 -9999 -9999 -9999 -9999 67 68 69 71 73 75 78 80 83 86 89 92 95 99 103 108 113 118 122 127 132 137 141 146 149 153 156 159 165 172 179 187 197 197 201 214 225 232 246 248 248 238 256 278 294 322 332 393 442 430 508 550 635 711 788 784 779 806 887 952
-9999 -9999 -9999 -9999 -9999 -9999 -9999 -9999 -9999 -9999 -9999 -9999 -9999 -9999 -9999 -9999 -9999 -9999 -9999 -9999 -9999 -9999 -9999 -9999 -9999 -9999 -9999 -9999 68 69 71 72 74 75 77 80 82 85 89 93 96 100 105 110 115 120 125 129 134 139 143 148 153 157 161 164 168 174 182 191 199 206 209 212 220 229 238 248 259 256 278 296 327 397 426 418 449 466 535 567 608 721 888 933 876 889 983 1010
-9999 -9999 -9999 -9999 -9999 -9999 -9999 -9999 -9999 -9999 -9999 -9999 -9999 -9999 -9999 -9999 -9999 -9999 -9999 -9999 -9999 -9999 -9999 -9999 -9999 -9999 -9999 -9999 -9999 70 71 73 74 76 77 79 81 85 89 92 96 101 105 110 115 120 125 129 134 138 144 150 155 159 163 169 172 178 187 195 204 209 219 228 234 235 249 260 263 273 291 303 339 391 452 458 487 550 606 705 724 696 759 857 927 960 1004 1046
-9999 -9999 -9999 -9999 -9999 -9999 -9999 -9999 -9999 -9999 -9999 -9999 -9999 -9999 -9999 -9999 -9999 -9999 -9999 -9999 -9999 -9999 -9999 -9999 -9999 -9999 -9999 -9999 -9999 70 71 74 75 77 78 80 82 85 89 91 96 101 105 109 114 118 122 126 132 138 144 151 157 161 165 173 178 183 191 201 213 220 226 234 241 243 251 267 282 286 309 336 366 412 432 465 502 541 633 727 868 922 866 946 1100 1049 988 990
-9999 -9999 -9999 -9999 -9999 -9999 -9999 -9999 -9999 -9999 -9999 -9999 -9999 -9999 -9999 -9999 -9999 -9999 -9999 -9999 -9999 -9999 -9999 -9999 -9999 -9999 -9999 -9999 -9999 71 72 74 76 78 79 81 83 86 89 92 96 101 105 109 112 115 119 124 131 139 145 152 158 163 169 172 176 182 190 195 214 223 228 233 244 251 251 264 284 301 317 351 364 385 425 457 502 545 611 701 864 1060 1118 1167 1262 1162 999 961
-9999 -9999 -9999 -9999 -9999 -9999 -9999 -9999 -9999 -9999 -9999 -9999 -9999 -9999 -9999 -9999 -9999 -9999 -9999 -9999 -9999 -9999 -9999 -9999 -9999 -9999 -9999 -9999 -9999 73 74 75 77 78 80 81 83 86 89 92 95 100 103 106 109 113 118 125 131 137 144 150 157 163 169 175 183 190 197 201 201 209 214 220 232 243 249 262 276 288 309 342 366 401 436 482 553 576 634 693 819 1051 1230 1264 1282 1230 1039 959
-9999 -9999 -9999 -9999 -9999 -9999 -9999 -9999 -9999 -9999 -9999 -9999 -9999 -9999 -9999 -9999 -9999 -9999 -9999 -9999 -9999 -9999 -9999 -9999 -9999 -9999 -9999 -9999 -9999 -9999 75 78 79 80 81 83 85 88 89 92 94 98 100 104 108 112 118 124 130 135 142 148 154 161 166 176 184 198 208 211 211 220 222 225 224 233 247 262 268 280 303 339 381 421 460 504 530 562 636 668 735 873 1046 1169 1156 1159 1047 968
-9999 -9999 -9999 -9999 -9999 -9999 -9999 -9999 -9999 -9999 -9999 -9999 -9999 -9999 -9999 -9999 -9999 -9999 -9999 -9999 -9999 -9999 -9999 -9999 -9999 -9999 -9999 -9999 -9999 -9999 78 80 82 81 82 84 85 87 89 89 93 96 98 102 107 113 119 125 129 134 140 146 153 161 171 183 192 203 216 223 220 228 237 237 240 237 238 251 261 277 300 341 388 417 457 495 506 554 607 668 703 752 902 1076 1095 1072 1061 984
-9999 -9999 -9999 -9999 -9999 -9999 -9999 -9999 -9999 -9999 -9999 -9999 -9999 -9999 -9999 -9999 -9999 -9999 -9999 -9999 -9999 -9999 -9999 -9999 -9999 -9999 -9999 -9999 -9999 -9999 79 81 82 83 84 86 86 89 91 93 94 95 98 102 107 113 119 125 130 136 143 149 157 167 178 189 200 208 220 232 232 237 241 249 250 255 250 246 254 268 293 331 379 419 457 480 508 554 609 645 671 731 818 947 1047 1024 1043 974
-9999 -9999 -9999 -9999 -9999 -9999 -9999 -9999 -9999 -9999 -9999 -9999 -9999 -9999 -9999 -9999 -9999 -9999 -9999 -9999 -9999 -9999 -9999 -9999 -9999 -9999 -9999 -9999 -9999 -9999 -9999 81 83 86 86 88 88 91 93 93 95 97 99 102 108 114 119 125 131 138 145 153 163 175 188 197 208 215 227 235 240 243 247 252 258 265 271 264 257 257 280 323 373 429 457 495 534 568 584 602 660 731 800 899 1014 1023 979 973
-9999 -9999 -9999 -9999 -9999 -9999 -9999 -9999 -9999 -9999 -9999 -9999 -9999 -9999 -9999 -9999 -9999 -9999 -9999 -9999 -9999 -9999 -9999 -9999 -9999 -9999 -9999 -9999 -9999 -9999 -9999 81 83 87 89 90 91 92 94 96 97 99 100 103 109 115 121 127 133 139 148 159 170 181 196 209 215 223 230 241 250 255 261 259 259 276 280 282 270 259 281 305 362 423 467 505 532 546 564 604 672 764 856 929 1000 1041 960 931
-9999 -9999 -9999 -9999 -9999 -9999 -9999 -9999 -9999 -9999 -9999 -9999 -9999 -9999 -9999 -9999 -9999 -9999 -9999 -9999 -9999 -9999 -9999 -9999 -9999 -9999 -9999 -9999 -9999 -9999 -9999 82 85 87 89 91 93 94 96 98 99 101 101 105 111 117 124 130 137 143 152 166 179 186 196 207 217 226 234 247 260 267 275 273 266 278 289 299 282 271 294 310 354 418 451 473 496 505 544 660 752 861 933 971 984 1011 953 916
