Dropbox/GRP Data/GRP mammal paper/NN_analysis/DATA/2014 input files/ss_demsrtm30.asc
ncols         174
nrows         253
xllcorner     26907.269967165
yllcorner     -314811.53128703
cellsize      1000
NODATA_value  -9999
[rows 195 to 233 of 253, columns 0 to 87 of 174]
-9999 -9999 -9999 -9999 -9999 -9999 -9999 -9999 -9999 -9999 -9999 -9999 -9999 -9999 -9999 -9999 -9999 -9999 -9999 -9999 -9999 -9999 -9999 -9999 -9999 -9999 -9999 -9999 -9999 -9999 -9999 83 86 88 90 92 94 96 98 100 102 103 104 107 113 120 127 134 142 149 158 171 185 193 200 213 224 233 245 253 267 277 284 283 274 287 293 307 295 286 287 329 374 417 456 490 501 540 577 677 792 886 947 1019 1066 1034 981 911
-9999 -9999 -9999 -9999 -9999 -9999 -9999 -9999 -9999 -9999 -9999 -9999 -9999 -9999 -9999 -9999 -9999 -9999 -9999 -9999 -9999 -9999 -9999 -9999 -9999 -9999 -9999 -9999 -9999 -9999 -9999 -9999 87 90 92 94 96 98 100 101 103 104 106 108 114 121 128 135 144 153 162 172 185 195 203 214 224 234 246 252 264 277 289 290 279 290 303 311 312 301 300 317 381 434 490 548 606 661 652 682 801 868 915 990 1029 1017 957 888
-9999 -9999 -9999 -9999 -9999 -9999 -9999 -9999 -9999 -9999 -9999 -9999 -9999 -9999 -9999 -9999 -9999 -9999 -9999 -9999 -9999 -9999 -9999 -9999 -9999 -9999 -9999 -9999 -9999 -9999 -9999 -9999 88 91 94 95 97 100 102 103 105 107 108 110 115 121 128 136 145 156 167 178 185 195 207 221 230 237 248 256 264 276 291 297 306 293 292 302 318 320 325 324 364 428 501 548 589 639 723 766 825 914 1013 1067 1052 1005 928 867
-9999 -9999 -9999 -9999 -9999 -9999 -9999 -9999 -9999 -9999 -9999 -9999 -9999 -9999 -9999 -9999 -9999 -9999 -9999 -9999 -9999 -9999 -9999 -9999 -9999 -9999 -9999 -9999 -9999 -9999 -9999 -9999 91 92 96 98 100 101 103 105 108 109 110 111 116 122 128 136 147 159 169 179 188 200 214 229 239 244 256 267 276 285 293 304 319 317 312 313 316 328 338 329 361 433 479 530 577 632 716 782 828 845 917 1019 1007 959 891 861
-9999 -9999 -9999 -9999 -9999 -9999 -9999 -9999 -9999 -9999 -9999 -9999 -9999 -9999 -9999 -9999 -9999 -9999 -9999 -9999 -9999 -9999 -9999 -9999 -9999 -9999 -9999 -9999 -9999 -9999 -9999 -9999 92 94 97 100 102 104 105 107 108 110 112 113 117 124 131 139 147 159 172 183 194 203 212 227 238 253 262 273 281 288 302 310 321 333 331 334 321 330 347 355 381 422 469 513 584 635 691 739 782 814 896 999 996 954 902 843
-9999 -9999 -9999 -9999 -9999 -9999 -9999 -9999 -9999 -9999 -9999 -9999 -9999 -9999 -9999 -9999 -9999 -9999 -9999 -9999 -9999 -9999 -9999 -9999 -9999 -9999 -9999 -9999 -9999 -9999 -9999 -9999 -9999 95 97 101 104 105 107 108 110 112 114 116 119 126 134 141 149 160 172 183 197 212 221 224 237 248 268 279 294 304 311 319 332 345 356 354 337 331 356 372 393 422 481 529 578 624 659 721 782 853 952 988 999 994 899 839
-9999 -9999 -9999 -9999 -9999 -9999 -9999 -9999 -9999 -9999 -9999 -9999 -9999 -9999 -9999 -9999 -9999 -9999 -9999 -9999 -9999 -9999 -9999 -9999 -9999 -9999 -9999 -9999 -9999 -9999 -9999 -9999 -9999 97 98 101 104 105 108 111 112 114 117 118 120 127 132 140 152 162 170 181 198 211 227 239 247 255 266 281 299 317 321 331 343 353 361 364 338 341 357 374 398 424 471 528 577 627 681 745 809 892 987 990 975 952 855 905
-9999 -9999 -9999 -9999 -9999 -9999 -9999 -9999 -9999 -9999 -9999 -9999 -9999 -9999 -9999 -9999 -9999 -9999 -9999 -9999 -9999 -9999 -9999 -9999 -9999 -9999 -9999 -9999 -9999 -9999 -9999 -9999 -9999 97 99 103 106 106 109 111 115 117 118 120 122 126 133 143 153 166 176 184 195 214 229 240 253 265 272 286 297 316 326 335 335 345 349 358 347 355 361 368 384 404 452 527 576 623 676 736 812 868 928 952 929 837 796 885
-9999 -9999 -9999 -9999 -9999 -9999 -9999 -9999 -9999 -9999 -9999 -9999 -9999 -9999 -9999 -9999 -9999 -9999 -9999 -9999 -9999 -9999 -9999 -9999 -9999 -9999 -9999 -9999 -9999 -9999 -9999 -9999 -9999 -9999 100 104 106 107 110 113 116 119 120 122 125 128 137 146 154 166 178 187 195 212 226 240 255 269 279 285 292 302 316 324 324 335 352 378 368 374 382 394 404 416 437 507 578 638 686 722 768 807 884 960 914 773 750 780
-9999 -9999 -9999 -9999 -9999 -9999 -9999 -9999 -9999 -9999 -9999 -9999 -9999 -9999 -9999 -9999 -9999 -9999 -9999 -9999 -9999 -9999 -9999 -9999 -9999 -9999 -9999 -9999 -9999 -9999 -9999 -9999 -9999 -9999 101 104 106 108 111 114 117 120 123 125 127 130 138 148 157 167 178 190 199 213 226 237 252 267 271 280 290 302 321 340 339 348 361 382 387 389 397 413 427 442 437 485 578 641 684 732 793 839 912 961 919 801 772 754
-9999 -9999 -9999 -9999 -9999 -9999 -9999 -9999 -9999 -9999 -9999 -9999 -9999 -9999 -9999 -9999 -9999 -9999 -9999 -9999 -9999 -9999 -9999 -9999 -9999 -9999 -9999 -9999 -9999 -9999 -9999 -9999 -9999 -9999 102 104 107 109 111 114 117 120 123 126 128 131 140 149 159 168 179 190 203 213 224 236 249 257 265 287 295 308 326 344 358 368 373 378 388 397 402 425 426 432 431 475 577 653 700 739 794 851 902 914 933 927 869 792
-9999 -9999 -9999 -9999 -9999 -9999 -9999 -9999 -9999 -9999 -9999 -9999 -9999 -9999 -9999 -9999 -9999 -9999 -9999 -9999 -9999 -9999 -9999 -9999 -9999 -9999 -9999 -9999 -9999 -9999 -9999 -9999 -9999 -9999 104 106 107 110 112 115 117 120 125 127 130 131 139 149 160 170 180 191 203 214 222 229 241 251 267 278 290 307 323 339 364 383 388 381 388 379 397 427 411 447 438 456 543 647 699 739 783 834 876 931 975 1023 897 759
-9999 -9999 -9999 -9999 -9999 -9999 -9999 -9999 -9999 -9999 -9999 -9999 -9999 -9999 -9999 -9999 -9999 -9999 -9999 -9999 -9999 -9999 -9999 -9999 -9999 -9999 -9999 -9999 -9999 -9999 -9999 -9999 -9999 -9999 -9999 107 109 111 114 116 119 121 125 128 132 133 137 146 159 169 178 188 200 210 216 225 236 253 266 266 288 310 328 342 356 380 381 369 381 359 375 410 398 423 395 399 502 626 703 761 797 847 889 961 1017 1061 932 764
-9999 -9999 -9999 -9999 -9999 -9999 -9999 -9999 -9999 -9999 -9999 -9999 -9999 -9999 -9999 -9999 -9999 -9999 -9999 -9999 -9999 -9999 -9999 -9999 -9999 -9999 -9999 -9999 -9999 -9999 -9999 -9999 -9999 -9999 -9999 108 110 112 115 118 120 123 126 130 135 136 138 143 153 166 173 182 194 201 211 219 232 252 249 257 284 307 320 322 336 362 360 345 339 344 358 375 395 401 341 369 471 649 718 761 775 822 900 974 1044 1079 941 804
-9999 -9999 -9999 -9999 -9999 -9999 -9999 -9999 -9999 -9999 -9999 -9999 -9999 -9999 -9999 -9999 -9999 -9999 -9999 -9999 -9999 -9999 -9999 -9999 -9999 -9999 -9999 -9999 -9999 -9999 -9999 -9999 -9999 -9999 -9999 108 111 113 116 118 121 124 126 131 136 138 140 142 147 159 167 177 186 191 204 207 226 238 227 248 263 281 303 298 315 336 348 313 314 352 357 338 384 390 337 399 464 604 676 732 818 859 906 959 1051 1063 889 757
-9999 -9999 -9999 -9999 -9999 -9999 -9999 -9999 -9999 -9999 -9999 -9999 -9999 -9999 -9999 -9999 -9999 -9999 -9999 -9999 -9999 -9999 -9999 -9999 -9999 -9999 -9999 -9999 -9999 -9999 -9999 -9999 -9999 -9999 -9999 109 111 113 116 118 120 123 126 130 135 137 138 142 144 148 156 167 176 181 191 196 209 209 206 224 248 262 281 278 291 312 323 297 309 325 355 348 330 367 410 479 485 535 648 770 799 828 851 936 1065 966 803 826
-9999 -9999 -9999 -9999 -9999 -9999 -9999 -9999 -9999 -9999 -9999 -9999 -9999 -9999 -9999 -9999 -9999 -9999 -9999 -9999 -9999 -9999 -9999 -9999 -9999 -9999 -9999 -9999 -9999 -9999 -9999 -9999 -9999 -9999 -9999 -9999 110 113 115 118 120 123 126 129 136 139 142 144 144 147 149 153 159 164 169 172 177 180 183 200 230 239 257 258 266 275 297 287 294 325 325 334 330 415 418 458 467 518 600 710 772 779 744 774 824 775 769 973
-9999 -9999 -9999 -9999 -9999 -9999 -9999 -9999 -9999 -9999 -9999 -9999 -9999 -9999 -9999 -9999 -9999 -9999 -9999 -9999 -9999 -9999 -9999 -9999 -9999 -9999 -9999 -9999 -9999 -9999 -9999 -9999 -9999 -9999 -9999 -9999 110 113 115 117 120 122 124 130 134 139 143 147 150 153 158 169 179 182 178 182 200 210 208 191 204 208 229 230 232 246 272 265 298 305 303 303 329 389 446 424 456 468 533 642 702 680 686 746 736 766 950 1071
-9999 -9999 -9999 -9999 -9999 -9999 -9999 -9999 -9999 -9999 -9999 -9999 -9999 -9999 -9999 -9999 -9999 -9999 -9999 -9999 -9999 -9999 -9999 -9999 -9999 -9999 -9999 -9999 -9999 -9999 -9999 -9999 -9999 -9999 -9999 -9999 109 111 113 117 119 120 124 128 132 136 140 145 148 151 157 167 179 190 200 202 217 239 239 209 197 205 201 214 220 214 243 247 260 271 285 268 323 367 377 416 397 396 466 545 599 677 821 957 948 945 1056 1145
-9999 -9999 -9999 -9999 -9999 -9999 -9999 -9999 -9999 -9999 -9999 -9999 -9999 -9999 -9999 -9999 -9999 -9999 -9999 -9999 -9999 -9999 -9999 -9999 -9999 -9999 -9999 -9999 -9999 -9999 -9999 -9999 -9999 -9999 -9999 -9999 -9999 110 111 113 116 119 123 126 129 133 138 141 144 145 152 159 171 184 200 210 224 246 262 240 232 250 238 260 258 224 231 241 239 241 259 253 288 311 345 389 331 346 411 466 551 725 853 960 992 1016 1011 1099
-9999 -9999 -9999 -9999 -9999 -9999 -9999 -9999 -9999 -9999 -9999 -9999 -9999 -9999 -9999 -9999 -9999 -9999 -9999 -9999 -9999 -9999 -9999 -9999 -9999 -9999 -9999 -9999 -9999 -9999 -9999 -9999 -9999 -9999 -9999 -9999 -9999 108 110 111 113 118 121 124 127 130 134 138 140 140 145 152 162 176 193 213 225 246 264 272 258 280 276 286 274 254 269 298 272 257 252 250 256 265 286 309 288 325 378 479 574 665 742 795 842 877 895 1025
-9999 -9999 -9999 -9999 -9999 -9999 -9999 -9999 -9999 -9999 -9999 -9999 -9999 -9999 -9999 -9999 -9999 -9999 -9999 -9999 -9999 -9999 -9999 -9999 -9999 -9999 -9999 -9999 -9999 -9999 -9999 -9999 -9999 -9999 -9999 -9999 -9999 107 109 110 113 115 119 122 124 127 129 134 138 137 140 146 154 167 186 208 221 241 260 276 282 306 310 316 300 286 296 326 332 308 304 289 276 279 282 304 329 373 369 464 573 630 652 685 760 801 880 981
-9999 -9999 -9999 -9999 -9999 -9999 -9999 -9999 -9999 -9999 -9999 -9999 -9999 -9999 -9999 -9999 -9999 -9999 -9999 -9999 -9999 -9999 -9999 -9999 -9999 -9999 -9999 -9999 -9999 -9999 -9999 -9999 -9999 -9999 -9999 -9999 -9999 105 108 109 110 114 116 119 121 123 126 129 133 134 135 141 149 160 177 197 211 234 255 270 285 311 335 332 328 325 324 338 346 345 348 339 323 336 357 361 364 437 460 479 519 586 627 691 806 856 856 888
-9999 -9999 -9999 -9999 -9999 -9999 -9999 -9999 -9999 -9999 -9999 -9999 -9999 -9999 -9999 -9999 -9999 -9999 -9999 -9999 -9999 -9999 -9999 -9999 -9999 -9999 -9999 -9999 -9999 -9999 -9999 -9999 -9999 -9999 -9999 -9999 -9999 -9999 105 106 108 110 111 115 117 120 123 125 128 129 130 136 144 155 169 187 203 226 243 258 276 299 319 322 332 343 332 317 320 324 330 348 357 376 402 382 361 387 465 520 535 602 671 738 823 875 761 696
-9999 -9999 -9999 -9999 -9999 -9999 -9999 -9999 -9999 -9999 -9999 -9999 -9999 -9999 -9999 -9999 -9999 -9999 -9999 -9999 -9999 -9999 -9999 -9999 -9999 -9999 -9999 -9999 -9999 -9999 -9999 -9999 -9999 -9999 -9999 -9999 -9999 -9999 103 104 106 107 109 111 114 117 119 121 123 125 126 131 138 150 162 178 195 217 232 246 263 279 292 306 308 322 313 292 274 281 287 302 323 349 383 367 352 341 394 463 550 628 706 791 829 713 568 533
-9999 -9999 -9999 -9999 -9999 -9999 -9999 -9999 -9999 -9999 -9999 -9999 -9999 -9999 -9999 -9999 -9999 -9999 -9999 -9999 -9999 -9999 -9999 -9999 -9999 -9999 -9999 -9999 -9999 -9999 -9999 -9999 -9999 -9999 -9999 -9999 -9999 -9999 101 103 103 106 107 109 111 113 115 117 119 121 122 125 132 143 154 167 183 202 219 230 249 260 275 283 282 295 285 274 238 243 252 255 267 288 328 367 315 314 383 431 547 628 723 743 750 569 674 811
-9999 -9999 -9999 -9999 -9999 -9999 -9999 -9999 -9999 -9999 -9999 -9999 -9999 -9999 -9999 -9999 -9999 -9999 -9999 -9999 -9999 -9999 -9999 -9999 -9999 -9999 -9999 -9999 -9999 -9999 -9999 -9999 -9999 -9999 -9999 -9999 -9999 -9999 -9999 101 102 104 106 107 110 110 111 113 115 116 117 120 127 136 146 161 176 188 200 207 230 249 255 253 258 267 260 248 216 207 223 211 221 227 261 325 291 341 386 395 503 638 707 514 495 578 820 903
-9999 -9999 -9999 -9999 -9999 -9999 -9999 -9999 -9999 -9999 -9999 -9999 -9999 -9999 -9999 -9999 -9999 -9999 -9999 -9999 -9999 -9999 -9999 -9999 -9999 -9999 -9999 -9999 -9999 -9999 -9999 -9999 -9999 -9999 -9999 -9999 -9999 -9999 -9999 100 101 103 104 105 108 108 109 112 113 113 115 117 123 130 141 154 166 173 179 190 209 231 231 235 237 235 241 221 180 165 172 161 171 209 233 267 247 275 331 334 357 527 601 495 783 858 923 940
-9999 -9999 -9999 -9999 -9999 -9999 -9999 -9999 -9999 -9999 -9999 -9999 -9999 -9999 -9999 -9999 -9999 -9999 -9999 -9999 -9999 -9999 -9999 -9999 -9999 -9999 -9999 -9999 -9999 -9999 -9999 -9999 -9999 -9999 -9999 -9999 -9999 -9999 -9999 100 101 102 104 105 106 107 107 109 112 113 115 117 120 124 134 144 153 158 165 178 193 200 204 208 212 206 217 215 164 153 172 189 164 182 212 197 185 197 263 280 268 306 400 581 788 901 962 977
-9999 -9999 -9999 -9999 -9999 -9999 -9999 -9999 -9999 -9999 -9999 -9999 -9999 -9999 -9999 -9999 -9999 -9999 -9999 -9999 -9999 -9999 -9999 -9999 -9999 -9999 -9999 -9999 -9999 -9999 -9999 -9999 -9999 -9999 -9999 -9999 -9999 -9999 -9999 100 100 101 102 103 104 105 106 108 111 113 114 117 120 122 128 134 141 147 153 165 174 179 178 177 180 177 182 187 156 165 230 259 193 169 173 174 174 173 207 220 216 235 312 464 604 784 938 932
-9999 -9999 -9999 -9999 -9999 -9999 -9999 -9999 -9999 -9999 -9999 -9999 -9999 -9999 -9999 -9999 -9999 -9999 -9999 -9999 -9999 -9999 -9999 -9999 -9999 -9999 -9999 -9999 -9999 -9999 -9999 -9999 -9999 -9999 -9999 -9999 -9999 -9999 -9999 -9999 100 101 102 102 102 104 106 107 110 112 114 117 120 122 125 130 134 139 143 151 157 161 159 153 157 154 145 148 154 185 253 257 225 212 210 214 210 189 187 195 220 274 343 403 497 636 808 796
-9999 -9999 -9999 -9999 -9999 -9999 -9999 -9999 -9999 -9999 -9999 -9999 -9999 -9999 -9999 -9999 -9999 -9999 -9999 -9999 -9999 -9999 -9999 -9999 -9999 -9999 -9999 -9999 -9999 -9999 -9999 -9999 -9999 -9999 -9999 -9999 -9999 -9999 -9999 -9999 101 102 102 102 103 104 106 106 108 111 114 116 118 121 123 127 130 133 136 138 143 145 141 137 139 141 153 168 190 216 248 243 229 235 235 253 242 238 219 239 235 298 372 441 506 575 658 693
-9999 -9999 -9999 -9999 -9999 -9999 -9999 -9999 -9999 -9999 -9999 -9999 -9999 -9999 -9999 -9999 -9999 -9999 -9999 -9999 -9999 -9999 -9999 -9999 -9999 -9999 -9999 -9999 -9999 -9999 -9999 -9999 -9999 -9999 -9999 -9999 -9999 -9999 -9999 -9999 102 103 103 102 103 104 106 108 109 110 113 115 117 120 122 126 129 131 132 133 133 132 130 136 152 166 199 227 242 240 251 238 229 227 231 245 246 257 267 294 258 321 389 458 498 531 572 616
-9999 -9999 -9999 -9999 -9999 -9999 -9999 -9999 -9999 -9999 -9999 -9999 -9999 -9999 -9999 -9999 -9999 -9999 -9999 -9999 -9999 -9999 -9999 -9999 -9999 -9999 -9999 -9999 -9999 -9999 -9999 -9999 -9999 -9999 -9999 -9999 -9999 -9999 -9999 -9999 101 102 104 104 103 105 107 108 110 111 111 114 117 119 121 124 126 128 127 128 127 127 129 144 170 183 201 219 236 248 253 248 232 220 227 248 259 268 287 313 274 310 372 421 450 458 507 571
-9999 -9999 -9999 -9999 -9999 -9999 -9999 -9999 -9999 -9999 -9999 -9999 -9999 -9999 -9999 -9999 -9999 -9999 -9999 -9999 -9999 -9999 -9999 -9999 -9999 -9999 -9999 -9999 -9999 -9999 -9999 -9999 -9999 -9999 -9999 -9999 -9999 -9999 -9999 -9999 -9999 103 105 106 104 106 107 108 110 111 112 114 116 118 120 122 124 124 123 125 125 126 127 138 151 162 179 193 209 224 231 239 232 215 220 239 258 285 314 328 318 302 317 342 373 416 496 598
-9999 -9999 -9999 -9999 -9999 -9999 -9999 -9999 -9999 -9999 -9999 -9999 -9999 -9999 -9999 -9999 -9999 -9999 -9999 -9999 -9999 -9999 -9999 -9999 -9999 -9999 -9999 -9999 -9999 -9999 -9999 -9999 -9999 -9999 -9999 -9999 -9999 -9999 -9999 -9999 -9999 103 104 105 105 107 108 109 110 112 113 114 115 117 119 120 121 122 122 124 125 125 126 131 137 142 153 166 179 188 193 201 210 209 207 219 237 269 296 315 341 364 372 380 386 413 477 600
-9999 -9999 -9999 -9999 -9999 -9999 -9999 -9999 -9999 -9999 -9999 -9999 -9999 -9999 -9999 -9999 -9999 -9999 -9999 -9999 -9999 -9999 -9999 -9999 -9999 -9999 -9999 -9999 -9999 -9999 -9999 -9999 -9999 -9999 -9999 -9999 -9999 -9999 -9999 -9999 -9999 101 103 104 106 107 109 109 110 112 114 114 115 116 118 119 119 121 121 123 124 124 125 127 128 129 134 141 150 157 159 166 177 192 192 203 221 244 264 296 327 356 396 446 478 478 490 615
-9999 -9999 -9999 -9999 -9999 -9999 -9999 -9999 -9999 -9999 -9999 -9999 -9999 -9999 -9999 -9999 -9999 -9999 -9999 -9999 -9999 -9999 -9999 -9999 -9999 -9999 -9999 -9999 -9999 -9999 -9999 -9999 -9999 -9999 -9999 -9999 -9999 -9999 -9999 -9999 -9999 -9999 103 104 107 107 108 109 110 111 113 113 114 116 117 117 118 121 122 122 122 123 124 124 124 123 124 126 130 135 138 146 156 169 183 197 211 225 244 271 299 336 388 436 491 448 462 528
-9999 -9999 -9999 -9999 -9999 -9999 -9999 -9999 -9999 -9999 -9999 -9999 -9999 -9999 -9999 -9999 -9999 -9999 -9999 -9999 -9999 -9999 -9999 -9999 -9999 -9999 -9999 -9999 -9999 -9999 -9999 -9999 -9999 -9999 -9999 -9999 -9999 -9999 -9999 -9999 -9999 -9999 103 105 106 107 108 109 109 111 113 112 114 115 116 117 119 120 121 121 120 122 121 121 121 120 119 119 122 126 131 138 147 157 169 184 198 212 230 248 269 304 344 379 410 388 387 430
