Dropbox/GRP Data/GRP mammal paper/NN_analysis/DATA/2014 input files/ss_h_bio_1.asc
ncols         211
nrows         307
xllcorner     27099.1390263
yllcorner     -314514.2499113
cellsize      821.1860311
NODATA_value  -9999
[rows 234 to 272 of 307, columns 0 to 86 of 211]
-9999 -9999 -9999 -9999 -9999 -9999 -9999 -9999 -9999 -9999 -9999 -9999 -9999 -9999 -9999 -9999 -9999 -9999 -9999 -9999 -9999 -9999 -9999 -9999 -9999 -9999 -9999 -9999 -9999 -9999 -9999 -9999 -9999 -9999 -9999 -9999 -9999 1731 1732 1732 1734 1735 1734 1734 1733 1733 1730 1729 1729 1729 1728 1728 1728 1730 1733 1734 1735 1736 1738 1742 1744 1748 1752 1754 1759 1764 1770 1773 1775 1779 1785 1786 1794 1802 1799 1795 1798 1798 1795 1802 1804 1803 1800 1791 1784 1784 1819
-9999 -9999 -9999 -9999 -9999 -9999 -9999 -9999 -9999 -9999 -9999 -9999 -9999 -9999 -9999 -9999 -9999 -9999 -9999 -9999 -9999 -9999 -9999 -9999 -9999 -9999 -9999 -9999 -9999 -9999 -9999 -9999 -9999 -9999 -9999 -9999 -9999 1732 1732 1733 1735 1735 1734 1734 1734 1733 1731 1730 1730 1729 1728 1728 1728 1730 1732 1735 1737 1738 1741 1743 1745 1748 1754 1757 1760 1765 1771 1774 1775 1778 1781 1787 1795 1809 1809 1813 1814 1805 1798 1805 1812 1810 1810 1795 1790 1799 1816
-9999 -9999 -9999 -9999 -9999 -9999 -9999 -9999 -9999 -9999 -9999 -9999 -9999 -9999 -9999 -9999 -9999 -9999 -9999 -9999 -9999 -9999 -9999 -9999 -9999 -9999 -9999 -9999 -9999 -9999 -9999 -9999 -9999 -9999 -9999 -9999 -9999 -9999 1732 1733 1735 1735 1734 1734 1734 1733 1731 1731 1730 1729 1728 1728 1729 1729 1732 1736 1739 1741 1743 1745 1747 1750 1756 1761 1763 1766 1770 1776 1779 1785 1790 1792 1803 1817 1819 1825 1828 1818 1809 1811 1817 1818 1816 1799 1797 1802 1822
-9999 -9999 -9999 -9999 -9999 -9999 -9999 -9999 -9999 -9999 -9999 -9999 -9999 -9999 -9999 -9999 -9999 -9999 -9999 -9999 -9999 -9999 -9999 -9999 -9999 -9999 -9999 -9999 -9999 -9999 -9999 -9999 -9999 -9999 -9999 -9999 -9999 -9999 1732 1732 1735 1736 1736 1734 1734 1733 1731 1730 1730 1730 1729 1728 1729 1730 1733 1737 1740 1743 1745 1747 1750 1752 1758 1762 1766 1768 1771 1780 1788 1795 1802 1803 1811 1821 1827 1836 1841 1830 1818 1821 1823 1824 1825 1806 1801 1804 1819
-9999 -9999 -9999 -9999 -9999 -9999 -9999 -9999 -9999 -9999 -9999 -9999 -9999 -9999 -9999 -9999 -9999 -9999 -9999 -9999 -9999 -9999 -9999 -9999 -9999 -9999 -9999 -9999 -9999 -9999 -9999 -9999 -9999 -9999 -9999 -9999 -9999 -9999 1732 1733 1737 1737 1736 1735 1734 1732 1730 1731 1730 1731 1730 1729 1730 1730 1733 1737 1741 1744 1747 1749 1753 1754 1759 1763 1767 1770 1774 1781 1792 1795 1801 1808 1811 1821 1830 1843 1849 1840 1827 1829 1831 1830 1830 1822 1811 1812 1819
-9999 -9999 -9999 -9999 -9999 -9999 -9999 -9999 -9999 -9999 -9999 -9999 -9999 -9999 -9999 -9999 -9999 -9999 -9999 -9999 -9999 -9999 -9999 -9999 -9999 -9999 -9999 -9999 -9999 -9999 -9999 -9999 -9999 -9999 -9999 -9999 -9999 -9999 -9999 1736 1738 1738 1737 1736 1734 1731 1731 1732 1731 1731 1730 1729 1731 1732 1736 1739 1741 1744 1748 1750 1753 1757 1760 1762 1765 1769 1775 1781 1788 1789 1796 1807 1812 1823 1834 1845 1852 1851 1844 1840 1839 1837 1833 1836 1826 1824 1828
-9999 -9999 -9999 -9999 -9999 -9999 -9999 -9999 -9999 -9999 -9999 -9999 -9999 -9999 -9999 -9999 -9999 -9999 -9999 -9999 -9999 -9999 -9999 -9999 -9999 -9999 -9999 -9999 -9999 -9999 -9999 -9999 -9999 -9999 -9999 -9999 -9999 -9999 -9999 1738 1738 1738 1737 1735 1734 1732 1732 1731 1731 1730 1730 1729 1732 1734 1737 1740 1743 1744 1748 1753 1755 1757 1761 1765 1768 1772 1780 1788 1796 1798 1811 1824 1828 1828 1841 1854 1859 1860 1867 1861 1850 1845 1838 1839 1836 1835 1837
-9999 -9999 -9999 -9999 -9999 -9999 -9999 -9999 -9999 -9999 -9999 -9999 -9999 -9999 -9999 -9999 -9999 -9999 -9999 -9999 -9999 -9999 -9999 -9999 -9999 -9999 -9999 -9999 -9999 -9999 -9999 -9999 -9999 -9999 -9999 -9999 -9999 -9999 -9999 1738 1738 1738 1738 1735 1732 1732 1732 1731 1731 1730 1730 1730 1733 1734 1737 1742 1746 1748 1749 1753 1757 1760 1762 1764 1768 1774 1782 1791 1798 1808 1812 1826 1835 1847 1864 1865 1865 1866 1874 1872 1863 1860 1847 1844 1842 1843 1842
-9999 -9999 -9999 -9999 -9999 -9999 -9999 -9999 -9999 -9999 -9999 -9999 -9999 -9999 -9999 -9999 -9999 -9999 -9999 -9999 -9999 -9999 -9999 -9999 -9999 -9999 -9999 -9999 -9999 -9999 -9999 -9999 -9999 -9999 -9999 -9999 -9999 -9999 -9999 1738 1738 1738 1737 1734 1732 1732 1732 1732 1731 1730 1730 1731 1735 1735 1738 1743 1748 1751 1753 1756 1760 1765 1765 1768 1772 1777 1781 1789 1795 1807 1827 1835 1853 1867 1869 1871 1882 1887 1887 1888 1883 1871 1870 1849 1847 1846 1846
-9999 -9999 -9999 -9999 -9999 -9999 -9999 -9999 -9999 -9999 -9999 -9999 -9999 -9999 -9999 -9999 -9999 -9999 -9999 -9999 -9999 -9999 -9999 -9999 -9999 -9999 -9999 -9999 -9999 -9999 -9999 -9999 -9999 -9999 -9999 -9999 -9999 -9999 -9999 -9999 1737 1737 1736 1734 1732 1733 1733 1732 1732 1731 1731 1731 1733 1737 1739 1744 1749 1753 1756 1760 1762 1767 1767 1769 1775 1784 1792 1796 1802 1812 1831 1851 1863 1871 1875 1886 1893 1893 1895 1894 1894 1892 1879 1854 1851 1849 1846
-9999 -9999 -9999 -9999 -9999 -9999 -9999 -9999 -9999 -9999 -9999 -9999 -9999 -9999 -9999 -9999 -9999 -9999 -9999 -9999 -9999 -9999 -9999 -9999 -9999 -9999 -9999 -9999 -9999 -9999 -9999 -9999 -9999 -9999 -9999 -9999 -9999 -9999 -9999 -9999 1737 1737 1735 1734 1733 1733 1733 1732 1732 1731 1731 1732 1732 1738 1739 1744 1749 1753 1758 1763 1765 1769 1770 1770 1778 1786 1795 1804 1816 1824 1837 1853 1864 1879 1894 1899 1901 1899 1899 1900 1900 1896 1882 1858 1852 1850 1849
-9999 -9999 -9999 -9999 -9999 -9999 -9999 -9999 -9999 -9999 -9999 -9999 -9999 -9999 -9999 -9999 -9999 -9999 -9999 -9999 -9999 -9999 -9999 -9999 -9999 -9999 -9999 -9999 -9999 -9999 -9999 -9999 -9999 -9999 -9999 -9999 -9999 -9999 -9999 -9999 1738 1737 1735 1734 1733 1733 1733 1732 1732 1731 1731 1733 1734 1739 1740 1744 1749 1754 1760 1765 1767 1771 1770 1770 1779 1786 1796 1809 1822 1837 1850 1860 1875 1883 1903 1903 1906 1902 1899 1898 1895 1889 1879 1867 1860 1854 1854
-9999 -9999 -9999 -9999 -9999 -9999 -9999 -9999 -9999 -9999 -9999 -9999 -9999 -9999 -9999 -9999 -9999 -9999 -9999 -9999 -9999 -9999 -9999 -9999 -9999 -9999 -9999 -9999 -9999 -9999 -9999 -9999 -9999 -9999 -9999 -9999 -9999 -9999 -9999 -9999 1738 1736 1735 1735 1733 1732 1732 1732 1731 1732 1732 1733 1735 1739 1741 1745 1750 1755 1763 1768 1770 1773 1770 1772 1778 1787 1800 1812 1825 1845 1859 1871 1882 1881 1898 1899 1903 1901 1900 1898 1895 1891 1884 1872 1862 1856 1855
-9999 -9999 -9999 -9999 -9999 -9999 -9999 -9999 -9999 -9999 -9999 -9999 -9999 -9999 -9999 -9999 -9999 -9999 -9999 -9999 -9999 -9999 -9999 -9999 -9999 -9999 -9999 -9999 -9999 -9999 -9999 -9999 -9999 -9999 -9999 -9999 -9999 -9999 -9999 -9999 -9999 1736 1735 1735 1734 1733 1733 1732 1731 1732 1733 1733 1736 1741 1743 1745 1751 1757 1765 1770 1771 1774 1772 1775 1779 1790 1801 1812 1826 1847 1862 1871 1875 1880 1889 1892 1894 1896 1900 1901 1900 1896 1888 1875 1867 1863 1856
-9999 -9999 -9999 -9999 -9999 -9999 -9999 -9999 -9999 -9999 -9999 -9999 -9999 -9999 -9999 -9999 -9999 -9999 -9999 -9999 -9999 -9999 -9999 -9999 -9999 -9999 -9999 -9999 -9999 -9999 -9999 -9999 -9999 -9999 -9999 -9999 -9999 -9999 -9999 -9999 -9999 1736 1735 1734 1734 1733 1732 1732 1731 1732 1733 1734 1737 1742 1744 1746 1751 1758 1765 1771 1771 1773 1773 1779 1781 1790 1798 1807 1820 1843 1854 1860 1868 1880 1886 1889 1887 1889 1897 1902 1903 1897 1887 1877 1875 1871 1858
-9999 -9999 -9999 -9999 -9999 -9999 -9999 -9999 -9999 -9999 -9999 -9999 -9999 -9999 -9999 -9999 -9999 -9999 -9999 -9999 -9999 -9999 -9999 -9999 -9999 -9999 -9999 -9999 -9999 -9999 -9999 -9999 -9999 -9999 -9999 -9999 -9999 -9999 -9999 -9999 -9999 1737 1735 1735 1734 1733 1732 1732 1731 1731 1733 1735 1738 1743 1745 1748 1754 1759 1765 1773 1773 1772 1776 1783 1785 1790 1800 1808 1817 1830 1836 1858 1874 1876 1883 1888 1887 1887 1892 1898 1899 1894 1888 1880 1879 1875 1859
-9999 -9999 -9999 -9999 -9999 -9999 -9999 -9999 -9999 -9999 -9999 -9999 -9999 -9999 -9999 -9999 -9999 -9999 -9999 -9999 -9999 -9999 -9999 -9999 -9999 -9999 -9999 -9999 -9999 -9999 -9999 -9999 -9999 -9999 -9999 -9999 -9999 -9999 -9999 -9999 -9999 -9999 1736 1735 1734 1733 1733 1732 1731 1732 1734 1736 1738 1741 1746 1748 1752 1759 1765 1774 1775 1773 1779 1786 1787 1791 1797 1802 1806 1814 1839 1861 1862 1866 1879 1883 1885 1886 1890 1890 1887 1883 1886 1882 1882 1880 1864
-9999 -9999 -9999 -9999 -9999 -9999 -9999 -9999 -9999 -9999 -9999 -9999 -9999 -9999 -9999 -9999 -9999 -9999 -9999 -9999 -9999 -9999 -9999 -9999 -9999 -9999 -9999 -9999 -9999 -9999 -9999 -9999 -9999 -9999 -9999 -9999 -9999 -9999 -9999 -9999 -9999 -9999 1736 1736 1735 1734 1733 1733 1732 1733 1735 1737 1739 1742 1747 1749 1752 1758 1765 1773 1774 1774 1781 1786 1788 1789 1793 1798 1807 1813 1829 1844 1848 1878 1885 1887 1886 1885 1887 1888 1882 1884 1887 1884 1890 1885 1869
-9999 -9999 -9999 -9999 -9999 -9999 -9999 -9999 -9999 -9999 -9999 -9999 -9999 -9999 -9999 -9999 -9999 -9999 -9999 -9999 -9999 -9999 -9999 -9999 -9999 -9999 -9999 -9999 -9999 -9999 -9999 -9999 -9999 -9999 -9999 -9999 -9999 -9999 -9999 -9999 -9999 -9999 1736 1736 1736 1736 1734 1734 1733 1734 1736 1738 1740 1744 1749 1751 1753 1758 1764 1770 1771 1774 1780 1785 1787 1786 1791 1797 1805 1817 1831 1830 1844 1873 1888 1890 1890 1889 1887 1883 1878 1884 1887 1889 1892 1890 1884
-9999 -9999 -9999 -9999 -9999 -9999 -9999 -9999 -9999 -9999 -9999 -9999 -9999 -9999 -9999 -9999 -9999 -9999 -9999 -9999 -9999 -9999 -9999 -9999 -9999 -9999 -9999 -9999 -9999 -9999 -9999 -9999 -9999 -9999 -9999 -9999 -9999 -9999 -9999 -9999 -9999 -9999 1736 1736 1736 1736 1736 1736 1736 1737 1737 1739 1741 1746 1750 1754 1756 1758 1763 1768 1769 1773 1778 1783 1786 1787 1791 1796 1803 1815 1822 1821 1849 1867 1886 1891 1892 1890 1889 1886 1882 1885 1888 1889 1894 1893 1895
-9999 -9999 -9999 -9999 -9999 -9999 -9999 -9999 -9999 -9999 -9999 -9999 -9999 -9999 -9999 -9999 -9999 -9999 -9999 -9999 -9999 -9999 -9999 -9999 -9999 -9999 -9999 -9999 -9999 -9999 -9999 -9999 -9999 -9999 -9999 -9999 -9999 -9999 -9999 -9999 -9999 -9999 -9999 1736 1736 1736 1736 1737 1737 1739 1739 1741 1743 1746 1750 1755 1758 1758 1762 1765 1767 1771 1776 1781 1784 1787 1791 1794 1801 1808 1808 1814 1835 1846 1875 1891 1890 1885 1891 1891 1887 1884 1885 1889 1896 1896 1899
-9999 -9999 -9999 -9999 -9999 -9999 -9999 -9999 -9999 -9999 -9999 -9999 -9999 -9999 -9999 -9999 -9999 -9999 -9999 -9999 -9999 -9999 -9999 -9999 -9999 -9999 -9999 -9999 -9999 -9999 -9999 -9999 -9999 -9999 -9999 -9999 -9999 -9999 -9999 -9999 -9999 -9999 -9999 1736 1737 1736 1736 1738 1738 1740 1741 1743 1744 1746 1749 1753 1758 1759 1761 1763 1766 1769 1774 1779 1782 1784 1788 1791 1796 1799 1798 1806 1816 1830 1856 1878 1883 1873 1887 1894 1892 1882 1881 1889 1898 1901 1902
-9999 -9999 -9999 -9999 -9999 -9999 -9999 -9999 -9999 -9999 -9999 -9999 -9999 -9999 -9999 -9999 -9999 -9999 -9999 -9999 -9999 -9999 -9999 -9999 -9999 -9999 -9999 -9999 -9999 -9999 -9999 -9999 -9999 -9999 -9999 -9999 -9999 -9999 -9999 -9999 -9999 -9999 -9999 1736 1737 1736 1736 1738 1739 1741 1742 1744 1745 1747 1750 1755 1759 1762 1763 1764 1766 1768 1772 1777 1779 1780 1784 1785 1787 1789 1791 1796 1806 1825 1837 1854 1868 1859 1871 1883 1891 1880 1879 1892 1902 1907 1907
-9999 -9999 -9999 -9999 -9999 -9999 -9999 -9999 -9999 -9999 -9999 -9999 -9999 -9999 -9999 -9999 -9999 -9999 -9999 -9999 -9999 -9999 -9999 -9999 -9999 -9999 -9999 -9999 -9999 -9999 -9999 -9999 -9999 -9999 -9999 -9999 -9999 -9999 -9999 -9999 -9999 -9999 -9999 1736 1736 1735 1736 1737 1738 1740 1742 1743 1745 1750 1753 1757 1762 1766 1767 1767 1768 1770 1774 1776 1779 1778 1780 1781 1783 1787 1792 1791 1797 1817 1820 1831 1848 1843 1848 1858 1880 1877 1880 1899 1907 1908 1911
-9999 -9999 -9999 -9999 -9999 -9999 -9999 -9999 -9999 -9999 -9999 -9999 -9999 -9999 -9999 -9999 -9999 -9999 -9999 -9999 -9999 -9999 -9999 -9999 -9999 -9999 -9999 -9999 -9999 -9999 -9999 -9999 -9999 -9999 -9999 -9999 -9999 -9999 -9999 -9999 -9999 -9999 -9999 -9999 1736 1735 1736 1737 1738 1740 1742 1743 1746 1752 1755 1760 1764 1767 1768 1769 1771 1774 1780 1783 1789 1791 1793 1797 1802 1816 1820 1813 1799 1803 1804 1817 1826 1830 1837 1843 1866 1868 1882 1899 1904 1902 1904
-9999 -9999 -9999 -9999 -9999 -9999 -9999 -9999 -9999 -9999 -9999 -9999 -9999 -9999 -9999 -9999 -9999 -9999 -9999 -9999 -9999 -9999 -9999 -9999 -9999 -9999 -9999 -9999 -9999 -9999 -9999 -9999 -9999 -9999 -9999 -9999 -9999 -9999 -9999 -9999 -9999 -9999 -9999 -9999 1736 1735 1736 1737 1738 1741 1741 1744 1747 1752 1755 1759 1762 1766 1768 1769 1771 1775 1780 1785 1789 1794 1799 1801 1806 1821 1841 1834 1819 1818 1831 1825 1816 1842 1851 1842 1845 1852 1856 1876 1876 1887 1878
-9999 -9999 -9999 -9999 -9999 -9999 -9999 -9999 -9999 -9999 -9999 -9999 -9999 -9999 -9999 -9999 -9999 -9999 -9999 -9999 -9999 -9999 -9999 -9999 -9999 -9999 -9999 -9999 -9999 -9999 -9999 -9999 -9999 -9999 -9999 -9999 -9999 -9999 -9999 -9999 -9999 -9999 -9999 -9999 1735 1736 1736 1737 1739 1740 1741 1743 1746 1749 1755 1758 1763 1766 1768 1769 1772 1775 1780 1785 1789 1796 1802 1809 1815 1829 1849 1859 1848 1838 1858 1862 1856 1883 1872 1845 1844 1861 1854 1845 1855 1883 1870
-9999 -9999 -9999 -9999 -9999 -9999 -9999 -9999 -9999 -9999 -9999 -9999 -9999 -9999 -9999 -9999 -9999 -9999 -9999 -9999 -9999 -9999 -9999 -9999 -9999 -9999 -9999 -9999 -9999 -9999 -9999 -9999 -9999 -9999 -9999 -9999 -9999 -9999 -9999 -9999 -9999 -9999 -9999 -9999 -9999 1737 1736 1737 1738 1739 1741 1743 1744 1748 1753 1756 1761 1765 1768 1770 1773 1775 1779 1784 1789 1795 1804 1815 1821 1834 1850 1861 1857 1855 1877 1880 1891 1898 1890 1867 1870 1896 1908 1901 1875 1868 1868
-9999 -9999 -9999 -9999 -9999 -9999 -9999 -9999 -9999 -9999 -9999 -9999 -9999 -9999 -9999 -9999 -9999 -9999 -9999 -9999 -9999 -9999 -9999 -9999 -9999 -9999 -9999 -9999 -9999 -9999 -9999 -9999 -9999 -9999 -9999 -9999 -9999 -9999 -9999 -9999 -9999 -9999 -9999 -9999 -9999 1738 1737 1738 1739 1740 1742 1743 1743 1748 1751 1754 1759 1764 1768 1770 1773 1775 1779 1784 1788 1793 1804 1816 1825 1837 1851 1860 1866 1872 1881 1884 1895 1901 1901 1897 1902 1913 1915 1916 1916 1915 1921
-9999 -9999 -9999 -9999 -9999 -9999 -9999 -9999 -9999 -9999 -9999 -9999 -9999 -9999 -9999 -9999 -9999 -9999 -9999 -9999 -9999 -9999 -9999 -9999 -9999 -9999 -9999 -9999 -9999 -9999 -9999 -9999 -9999 -9999 -9999 -9999 -9999 -9999 -9999 -9999 -9999 -9999 -9999 -9999 -9999 1740 1739 1741 1741 1741 1743 1745 1745 1748 1751 1755 1759 1763 1767 1769 1772 1775 1779 1784 1787 1793 1802 1814 1824 1835 1851 1860 1872 1880 1881 1880 1885 1893 1901 1905 1911 1912 1909 1912 1918 1926 1933
-9999 -9999 -9999 -9999 -9999 -9999 -9999 -9999 -9999 -9999 -9999 -9999 -9999 -9999 -9999 -9999 -9999 -9999 -9999 -9999 -9999 -9999 -9999 -9999 -9999 -9999 -9999 -9999 -9999 -9999 -9999 -9999 -9999 -9999 -9999 -9999 -9999 -9999 -9999 -9999 -9999 -9999 -9999 -9999 -9999 1740 1742 1744 1744 1744 1745 1748 1748 1749 1753 1758 1760 1763 1767 1769 1771 1775 1779 1782 1787 1793 1800 1810 1819 1832 1847 1858 1870 1881 1882 1880 1882 1889 1899 1906 1909 1910 1912 1917 1921 1930 1932
-9999 -9999 -9999 -9999 -9999 -9999 -9999 -9999 -9999 -9999 -9999 -9999 -9999 -9999 -9999 -9999 -9999 -9999 -9999 -9999 -9999 -9999 -9999 -9999 -9999 -9999 -9999 -9999 -9999 -9999 -9999 -9999 -9999 -9999 -9999 -9999 -9999 -9999 -9999 -9999 -9999 -9999 -9999 -9999 -9999 -9999 1743 1746 1746 1746 1748 1750 1751 1752 1755 1760 1762 1765 1768 1769 1771 1775 1778 1781 1787 1792 1799 1807 1815 1829 1843 1852 1863 1880 1885 1886 1887 1892 1900 1912 1914 1917 1924 1932 1940 1945 1946
-9999 -9999 -9999 -9999 -9999 -9999 -9999 -9999 -9999 -9999 -9999 -9999 -9999 -9999 -9999 -9999 -9999 -9999 -9999 -9999 -9999 -9999 -9999 -9999 -9999 -9999 -9999 -9999 -9999 -9999 -9999 -9999 -9999 -9999 -9999 -9999 -9999 -9999 -9999 -9999 -9999 -9999 -9999 -9999 -9999 -9999 1746 1747 1748 1749 1751 1753 1753 1755 1757 1760 1763 1766 1769 1770 1771 1773 1776 1780 1785 1791 1798 1805 1813 1826 1837 1845 1856 1876 1887 1890 1891 1894 1904 1917 1923 1927 1931 1935 1944 1955 1958
-9999 -9999 -9999 -9999 -9999 -9999 -9999 -9999 -9999 -9999 -9999 -9999 -9999 -9999 -9999 -9999 -9999 -9999 -9999 -9999 -9999 -9999 -9999 -9999 -9999 -9999 -9999 -9999 -9999 -9999 -9999 -9999 -9999 -9999 -9999 -9999 -9999 -9999 -9999 -9999 -9999 -9999 -9999 -9999 -9999 -9999 1747 1749 1750 1751 1753 1753 1756 1757 1758 1761 1764 1766 1769 1771 1770 1771 1774 1779 1784 1789 1795 1801 1809 1820 1828 1839 1849 1868 1879 1887 1889 1898 1909 1922 1929 1931 1921 1910 1915 1938 1940
-9999 -9999 -9999 -9999 -9999 -9999 -9999 -9999 -9999 -9999 -9999 -9999 -9999 -9999 -9999 -9999 -9999 -9999 -9999 -9999 -9999 -9999 -9999 -9999 -9999 -9999 -9999 -9999 -9999 -9999 -9999 -9999 -9999 -9999 -9999 -9999 -9999 -9999 -9999 -9999 -9999 -9999 -9999 -9999 -9999 -9999 -9999 1750 1752 1754 1755 1755 1757 1759 1761 1763 1764 1767 1770 1771 1771 1770 1773 1777 1781 1787 1793 1801 1808 1816 1823 1830 1837 1852 1860 1886 1880 1891 1900 1918 1921 1921 1909 1878 1880 1897 1904
-9999 -9999 -9999 -9999 -9999 -9999 -9999 -9999 -9999 -9999 -9999 -9999 -9999 -9999 -9999 -9999 -9999 -9999 -9999 -9999 -9999 -9999 -9999 -9999 -9999 -9999 -9999 -9999 -9999 -9999 -9999 -9999 -9999 -9999 -9999 -9999 -9999 -9999 -9999 -9999 -9999 -9999 -9999 -9999 -9999 -9999 -9999 1750 1752 1755 1756 1757 1759 1761 1763 1765 1767 1769 1771 1772 1772 1771 1773 1777 1780 1786 1791 1799 1805 1811 1817 1822 1828 1837 1856 1871 1867 1870 1876 1891 1899 1897 1871 1856 1853 1860 1865
-9999 -9999 -9999 -9999 -9999 -9999 -9999 -9999 -9999 -9999 -9999 -9999 -9999 -9999 -9999 -9999 -9999 -9999 -9999 -9999 -9999 -9999 -9999 -9999 -9999 -9999 -9999 -9999 -9999 -9999 -9999 -9999 -9999 -9999 -9999 -9999 -9999 -9999 -9999 -9999 -9999 -9999 -9999 -9999 -9999 -9999 -9999 1752 1754 1757 1758 1759 1761 1763 1764 1767 1769 1771 1773 1774 1774 1774 1774 1776 1777 1783 1789 1795 1801 1807 1813 1818 1822 1827 1839 1848 1851 1853 1854 1871 1873 1877 1855 1828 1819 1822 1826
-9999 -9999 -9999 -9999 -9999 -9999 -9999 -9999 -9999 -9999 -9999 -9999 -9999 -9999 -9999 -9999 -9999 -9999 -9999 -9999 -9999 -9999 -9999 -9999 -9999 -9999 -9999 -9999 -9999 -9999 -9999 -9999 -9999 -9999 -9999 -9999 -9999 -9999 -9999 -9999 -9999 -9999 -9999 -9999 -9999 -9999 -9999 1753 1755 1757 1759 1761 1763 1765 1767 1769 1772 1773 1775 1777 1777 1776 1775 1776 1776 1780 1786 1792 1797 1804 1810 1815 1818 1819 1823 1826 1828 1832 1834 1841 1843 1855 1852 1824 1817 1857 1888
-9999 -9999 -9999 -9999 -9999 -9999 -9999 -9999 -9999 -9999 -9999 -9999 -9999 -9999 -9999 -9999 -9999 -9999 -9999 -9999 -9999 -9999 -9999 -9999 -9999 -9999 -9999 -9999 -9999 -9999 -9999 -9999 -9999 -9999 -9999 -9999 -9999 -9999 -9999 -9999 -9999 -9999 -9999 -9999 -9999 -9999 -9999 -9999 1756 1758 1760 1761 1764 1767 1769 1771 1774 1775 1777 1778 1778 1778 1777 1778 1777 1780 1783 1789 1794 1801 1806 1809 1811 1812 1812 1812 1813 1816 1820 1823 1825 1834 1834 1817 1821 1903 1942
