Dropbox/GRP Data/GRP mammal paper/NN_analysis/DATA/2014 input files/ss_h_bio_5.asc
ncols         211
nrows         307
xllcorner     27099.1390263
yllcorner     -314514.2499113
cellsize      821.1860311
NODATA_value  -9999
[rows 140 to 167 of 307, columns 64 to 127 of 211]
3802.107 3806.888 3809.581 3802.957 3798.525 3755.134 3709.767 3726.426 3721.635 3759.433 3747.186 3706.439 3677.383 3660.568 3674.82 3607.224 3632.39 3662.781 3654.297 3696.945 3680.633 3695.775 3678.258 3663.734 3686.266 3662.033 3622.185 3523.947 3369.685 3154.792 3011.753 2891.417 2714.22 2605.933 2721.257 2879.123 3064.453 3102.51 3076.746 2877.503 2866.494 2762.627 2623.452 2644.838 2640.339 2540.995 2520.408 2339.494 2154.348 2028.185 1929.351 1829.678 1701.381 1651.698 1668.459 1687.81 1812.483 1751.905 1814.462 1659.179 1589.97 1557.933 1685.1 1736.347
3805.792 3809.557 3812.246 3810.91 3813.429 3799.951 3792.178 3787.12 3742.097 3769.717 3747.504 3694.766 3678.776 3679.377 3687.799 3658.749 3657.067 3691.73 3631.014 3640.102 3601.3 3634.015 3619.874 3621.979 3686.708 3679.499 3618.309 3505.11 3325.952 3128.582 3038.061 2993.963 2804.119 2635.147 2657.708 2763 2901.196 2990.616 2985.216 2744.325 2652.26 2544.806 2435.397 2437.711 2472.453 2356.847 2328.936 2399.033 2261.514 2079.603 1984.469 1908.41 1831.878 1764.525 1716.818 1664.98 1746.726 1600.318 1704.087 1595.918 1551.761 1575.503 1651.569 1684.801
3813.789 3815.04 3816.637 3818.858 3822.523 3826.503 3829.619 3832.145 3811.279 3787.442 3756.093 3700.141 3674.285 3674.806 3689.172 3693.808 3695.451 3701.788 3615.475 3543.067 3491.751 3525.63 3543.878 3544.446 3644.982 3680.562 3613.619 3484.324 3287.96 3174.559 3178.427 3133.995 2971.852 2785.89 2735.761 2788.13 2778.522 2779.898 2757.447 2547.299 2378.449 2300.178 2256.907 2318.26 2378.493 2257.836 2154.385 2239.625 2250.52 2104.144 2050.117 1991.3 1922.02 1854.683 1770.638 1698.492 1667.861 1563.12 1693.21 1724.673 1590.347 1483.829 1553.017 1625.73
3813.875 3815.337 3816.955 3819.419 3827.973 3834.336 3837.176 3839.655 3816.9 3795.805 3765.362 3716.653 3684.671 3672.5 3661.394 3683.825 3701.932 3697.198 3679.936 3530.604 3431.871 3426.214 3494.157 3515.476 3602.463 3662.553 3618.589 3510.537 3378.155 3355.535 3344.369 3252.632 3123.687 2953.95 2923.606 2935.964 2781.694 2612.414 2518.404 2326.83 2171.261 2149.224 2163.37 2259.292 2311.598 2180.968 2055.487 2104.87 2171.97 2100.809 2069.363 1985.213 1869.679 1784.236 1698.053 1650.58 1615.559 1626.312 1719.207 1807.628 1687.882 1540.585 1554.8 1598.934
3813.818 3815.04 3820.476 3827.657 3830.401 3833.171 3835.571 3836.643 3797.662 3803.672 3781.441 3729.117 3658.603 3580.812 3573.629 3647.147 3695.397 3709.764 3724.235 3613.209 3462.91 3410.938 3419.315 3499.219 3574.49 3606.648 3629.85 3586.667 3505.528 3459.576 3402.058 3290.282 3191.481 3062.74 3072.72 3038.815 2874.605 2646.979 2468.977 2283.733 2228.839 2221.019 2229.599 2228.494 2232.715 2103.201 2011.438 2065.521 2114.814 2105.839 2080.909 1981.65 1884.231 1807.3 1703.838 1666.082 1648.419 1644.687 1674.538 1809.892 1847.097 1689.632 1659.776 1677.675
3813.377 3817.048 3824.599 3827.196 3829.033 3831.099 3825.905 3825.38 3815.24 3800.469 3783.342 3743.707 3687.161 3617.851 3582.103 3606.985 3663.247 3708.709 3725.446 3601.604 3517.455 3452.822 3442.577 3461.298 3466.33 3494.129 3574.306 3590.653 3590.13 3521.442 3342.698 3208.875 3161.783 3139.715 3183.264 3088.03 2966.35 2832.72 2642.276 2527.517 2562.349 2490.914 2420.366 2285.177 2228.302 2125.051 2035.076 2054.613 2096.848 2113.399 2102.303 2027.295 1973.758 1902.165 1786.647 1747.908 1720.348 1688.896 1674.188 1775.535 1945.228 1884.636 1819.882 1791.365
3812.944 3816.773 3824.547 3825.981 3822.84 3821.4 3814.097 3776.452 3815.607 3797.358 3788.178 3749.341 3702.679 3671.91 3637.423 3654.066 3692.725 3727.172 3681.553 3632.932 3577.753 3520.242 3485.84 3407.272 3361.877 3433.23 3431.433 3451.263 3591.852 3556.584 3430.178 3337.37 3304.023 3269.611 3233.11 3092.776 3036.126 3014.958 2845.244 2877.035 2847.614 2736.247 2614.831 2525.753 2436.752 2319.266 2147.608 2059.596 2085.608 2096.793 2105.578 2071.181 2008.171 1923.483 1850.14 1823.825 1794.12 1815.115 1798.273 1802.719 1976.054 2047.342 1982.665 1920.506
3812.432 3814.076 3817.374 3818.326 3816.908 3816.466 3782.217 3768.786 3766.993 3765.805 3752.626 3706.712 3684.732 3671.487 3650.9 3665.676 3680.007 3714.025 3637.155 3574.253 3578.364 3541.425 3466.783 3359.771 3343.677 3356.824 3315.933 3333.365 3529.524 3444.204 3441.723 3443.456 3401.991 3348.952 3269.755 3202.736 3176.704 3046.075 2969.208 3041.475 2963.615 2912.263 2845.569 2750.746 2599.856 2430.671 2250.636 2115.315 2100.833 2109.646 2109.369 2089.747 2041.179 1983.591 1943.728 1895.073 1877.437 1927.168 1942.444 1933.61 2044.496 2111.724 2106.182 2064.114
3808.177 3812.098 3812.336 3812.939 3813.545 3810.677 3781.172 3787.741 3740.292 3732.492 3731.463 3695.117 3666.033 3644.308 3649.77 3659.229 3660.311 3706.393 3633.107 3572.218 3573.344 3518.393 3428.004 3363.484 3363.571 3331.503 3274.093 3304.071 3464.981 3322.992 3291.996 3326.291 3303.722 3305.621 3304.958 3271.937 3244.736 3190.237 3140.923 3120.856 3038.15 2960.168 2723.533 2517.384 2401.195 2292.017 2167.475 2129.383 2108.597 2109.313 2124.072 2102.027 2072.894 2032.748 1976.144 1901.131 1875.281 1941.553 1999.289 2065.133 2129.11 2131.401 2172.548 2181.33
3802.725 3808.932 3811.572 3811.855 3809.717 3806.882 3798.056 3800.751 3752.452 3739.522 3744.885 3709.655 3658.394 3610.327 3625.596 3644.55 3663.26 3702.422 3628.424 3593.307 3575.764 3524.8 3456.156 3429.711 3385.191 3327.603 3222.337 3249.135 3386.49 3215.998 3098.89 3113.6 3164.434 3205.088 3240.479 3166.316 3108.258 3114.439 3118.105 3047.757 3015.349 2925.823 2720.674 2579.443 2415.432 2225.438 2073.479 2093.348 2106.323 2088.577 2086.714 2111.313 2085.917 2024.218 1948.469 1913.862 1862.184 1896.101 2036.062 2093.891 2110.396 2214.698 2256.202 2246.824
3800.964 3803.017 3808.261 3808.278 3797.35 3797.622 3790.916 3792.649 3775.201 3764.076 3764.631 3719.172 3664.988 3594.551 3590.479 3631.999 3674.758 3681.514 3631.32 3603.284 3579.8 3550.86 3498.359 3441.671 3377.248 3309.069 3153.962 3167.034 3303.372 3173.076 3045.818 2994.042 3024.195 3076.935 3163.405 3110.375 2958.573 2822.049 2806.319 2822.103 2816.458 2776.849 2636.547 2499.26 2327.677 2150.629 2010.281 2040.792 2073.767 2053.495 2028.395 2029.208 2033.854 2024.266 1966.093 1908.404 1837.726 1923.963 2068.352 2146.045 2189.262 2186.531 2244.163 2340.304
3800.152 3799.931 3799.857 3799.945 3780.546 3771.773 3752.56 3770.073 3784.962 3757.348 3749.958 3707.25 3686.25 3618.604 3570.962 3613.647 3663.607 3639.359 3620.414 3588.98 3574.484 3551.513 3493.372 3406.365 3360.022 3273.288 3100.115 3102.664 3222.95 3164.202 3081.725 3004.38 2976.479 2986.169 3062.138 3043.405 2853.934 2614.915 2496.586 2515.444 2530.696 2537.086 2455.687 2339.721 2194.12 2069.854 1987.086 1992.868 2012.151 2003.858 1961.047 1967.747 1985.069 1978.25 1939 1929.762 1943.057 2035.36 2099.747 2120.582 2194.107 2255.716 2233.777 2351.852
3799.716 3798.138 3796.511 3797.632 3798.064 3770.047 3709.732 3746.431 3771.303 3757.523 3705.775 3668.618 3708.206 3674.619 3580.696 3572.116 3620.853 3597.054 3545.597 3541.069 3551.576 3522.587 3465.765 3411.444 3355.134 3242.427 3071.606 3058.194 3144.414 3157.202 3112.456 3071.918 3020.214 2952.824 2950.167 2913.629 2723.069 2529.758 2368.758 2264.775 2311.815 2349.822 2367.351 2319.581 2187.81 2112.768 2077.808 2015.618 2007.767 1997.538 1971.092 1942.685 1941.571 1916.702 1910.199 1961.663 2024.967 2099.606 2161.219 2201.031 2266.215 2322.273 2256.039 2301.392
3797.104 3766.481 3729.313 3766.829 3782.525 3754.891 3721.524 3739.554 3735.015 3713.423 3738.964 3712.146 3705.528 3727.61 3664.988 3578.915 3574.337 3573.153 3507.777 3492.107 3517.999 3506.25 3477.54 3407.884 3322.762 3240.44 3056.064 3004.848 3073.499 3161.295 3141.443 3114.034 3035.472 2935.496 2899.184 2853.179 2642.797 2494.944 2357.597 2192.914 2295.512 2321.597 2452.036 2470.198 2335.945 2287.708 2244.899 2110.177 2089.256 2079.833 2021.979 1930.31 1897.654 1867.798 1894.783 1939.223 1993.833 2053.945 2125.165 2170.226 2242.571 2328.256 2323.774 2292.941
3797.044 3754.057 3683.825 3740.972 3782.344 3745.993 3717.612 3679.872 3687.147 3702.456 3716.052 3723.531 3703.772 3723.332 3731.897 3640.11 3626.463 3636.816 3623.974 3599.957 3513.035 3509.599 3456.83 3396.567 3346.891 3276.57 3094.656 3010.337 3039.62 3136.32 3123.178 3071.979 2973.38 2913.292 2945.63 2997.396 2826.982 2598.124 2365.131 2306.057 2487.521 2435.944 2600.03 2643.45 2520.508 2454.301 2335.332 2176.697 2195.526 2176.449 2044.561 1921.012 1873.154 1881.35 1901.965 1886.097 1890.411 1930.715 1989.016 2056.52 2172.198 2320.999 2387.963 2366.244
3795.641 3748.606 3708.813 3753.44 3782.548 3739.234 3723.376 3700.206 3719.16 3742.224 3749.111 3718.54 3714.818 3735.344 3734.718 3684.54 3692.498 3686.467 3641.091 3668.875 3601.184 3580.854 3511.914 3437.235 3387.84 3305.039 3109.658 2976.995 2984.902 3019.047 3032.607 2999.451 3000.693 2943.191 3016.348 3075.057 2944.865 2769.52 2506.373 2464.805 2681.832 2622.948 2738.259 2771.501 2656.6 2501.1 2268.304 2133.211 2251.585 2182.799 2037.262 1913.214 1878.76 1955.313 1945.589 1896.405 1863.946 1866.645 1890.377 2002.021 2147.742 2321.025 2413.731 2451.482
3763.958 3733.92 3722.648 3740.784 3765.638 3750.057 3731.832 3691.51 3711.5 3707.974 3736.535 3730.299 3739.408 3743.421 3738.264 3722.435 3733.605 3702.064 3617.59 3672.081 3672.487 3589.423 3536.371 3530.782 3455.187 3348.679 3130.307 2971.366 2914.694 2896.337 2862.53 2893.431 2981.69 2948.786 3068.039 3151.525 3102.346 2930.526 2667.96 2743.1 2863.762 2863.157 2958.985 2899.118 2734.776 2512.171 2253.387 2126.529 2284.203 2204.174 2034.667 1877.933 1883.765 1974.585 2015.051 2003.757 2000.133 1970.873 1949.764 2023.857 2139.045 2307.616 2422.61 2481.273
3755.716 3720.585 3702.924 3717.869 3760.746 3768.251 3749.647 3702.136 3711.874 3693.037 3690.52 3711.572 3717.975 3714.196 3724.112 3735.644 3733.737 3726.175 3647.508 3657.134 3695.331 3623.845 3597.989 3595.711 3486.929 3319.401 3109.82 3002.408 2959.005 2876.792 2843.253 2926.041 3035.723 3064.844 3152.816 3218.594 3198.174 3127.975 2981.061 2970.875 3008.836 3054.632 3016.143 2862.985 2652.714 2429.908 2188.91 2135.651 2314.215 2173.242 2034.77 1868.75 1886.616 1965.305 2022.558 2066.226 2083.807 2084.743 2092.213 2038.099 2083.543 2304.94 2447.615 2493.453
3784.172 3739.161 3712.34 3722.112 3767.517 3774.39 3751.251 3729.99 3702.751 3694.791 3687.767 3701.483 3692.124 3692.03 3704.496 3723.9 3719.423 3747.118 3701.656 3697.916 3710.635 3685.756 3643.212 3579.178 3460.451 3304.89 3146.479 3050.534 3004.927 2945.603 2966.263 3071.616 3206.792 3232.861 3237.104 3267.229 3267.159 3239.837 3177.102 3148.86 3114.643 3009.943 2790.493 2594.37 2458.294 2335.713 2138.617 2156.428 2353.969 2209.027 1924.456 1824.995 1864.219 1947.083 1973.358 2006.701 2060.338 2113.143 2133.73 2217.134 2162.631 2278.96 2449.069 2510.003
3802.268 3788.403 3773.782 3748.928 3754.085 3750.749 3724.184 3741.867 3697.349 3704.237 3732.763 3728.321 3709.759 3704.127 3700.069 3708.812 3725.394 3759.776 3737.852 3743.456 3730.846 3726.588 3659.802 3587.319 3480.4 3328.528 3174.062 3080.043 3027.344 3048.353 3139.693 3250.363 3341.492 3353.572 3331.943 3324.435 3319.924 3294.352 3248.52 3201.291 3113.975 2979.462 2785.415 2522.78 2380.023 2278.935 2120.435 2199.223 2426.453 2334.836 2064.088 2028.146 1940.961 1897.031 1936.912 1972.373 2020.229 2082.734 2157.353 2177.362 2358.306 2397.152 2454.662 2568.289
3807.111 3811.972 3791.492 3752.123 3716.792 3704.986 3708.728 3746.99 3750.917 3749.589 3749.618 3758.462 3748.497 3726.102 3713.099 3711.835 3749.749 3765.23 3738.733 3709.592 3718.679 3721.841 3672.587 3628.186 3525.004 3358.226 3187.172 3100.309 3058.74 3134.572 3279.061 3376.346 3411.774 3423.572 3407.483 3378.886 3358.155 3322.456 3247.091 3177.526 3085.556 3003.769 2900.511 2680.502 2490.247 2309.024 2148.976 2232.941 2483.689 2492.402 2325.247 2264.581 2097.22 1969.058 1958.727 2023.493 2092.388 2167.723 2237.631 2270.913 2340.539 2467.384 2533.943 2592.659
3811.257 3815.054 3806.323 3757.56 3705.4 3714.564 3740.274 3745.826 3728.643 3727.828 3727.369 3777.068 3756.848 3742.171 3735.413 3733.634 3757.609 3757.421 3719.877 3638.309 3654.992 3693.813 3694.926 3616.972 3505.01 3376.255 3247.392 3138.66 3120.215 3219.276 3373.188 3439.023 3461.697 3469.205 3442.659 3411.727 3384.781 3326.447 3215.495 3126.906 3039.777 2965.622 2882.478 2751.215 2573.667 2365.049 2245.268 2339.119 2532.522 2632.406 2567.471 2456.93 2310.455 2154.692 2093.713 2080.16 2118.418 2181.914 2193.225 2202.32 2290.035 2476.368 2585.358 2605.565
3807.747 3816.202 3815.56 3801.27 3742.989 3708.441 3747.765 3737.128 3735.246 3757.513 3727.461 3778.457 3770.29 3776.749 3775.683 3769.685 3769.357 3770.629 3760.803 3708.259 3630.842 3663.315 3698.128 3635.893 3533.06 3428.841 3326.041 3183.826 3202.156 3349.785 3455.637 3496.924 3503.051 3494.025 3461.053 3429.701 3405.374 3317.68 3197.111 3102.312 3000.396 2909.473 2830.352 2716.402 2580.421 2438.931 2400.114 2469.098 2573.313 2719.765 2726.72 2583.406 2458.485 2356.582 2272.566 2159.789 2161.801 2222.104 2225.446 2223.485 2317.892 2470.241 2586.536 2627.485
3815.67 3817.755 3818.125 3816.099 3789.802 3730.969 3724.813 3732.236 3746.171 3760.477 3752.639 3757.681 3757.688 3737.019 3720.819 3749.408 3749.794 3748.219 3764.594 3718.641 3649.015 3651.54 3685.764 3667.778 3623.109 3507.617 3363.535 3244.018 3322.041 3448.246 3499.674 3538.323 3536.529 3520.769 3494.898 3456.363 3424.752 3336.192 3236.136 3154.656 3055.385 3012.995 2972.01 2801.162 2642.612 2557.577 2549.61 2525.699 2570.22 2724.89 2813.143 2659.878 2561.967 2480.245 2359.202 2211.715 2194.315 2270.937 2319.405 2350.357 2357.169 2475.839 2570.318 2637.29
3819.194 3819.484 3819.946 3818.107 3798.52 3746.705 3737.09 3759.626 3768.397 3763.445 3729.148 3715.951 3747.333 3690.192 3666.029 3669.365 3640.142 3654.618 3727.971 3716.341 3658.307 3638.704 3647.058 3664.799 3644.567 3590.866 3508.24 3398.727 3424.692 3489.781 3535.284 3548.162 3562.899 3544.902 3502.342 3463.201 3455.759 3367.467 3288.683 3200.447 3143.522 3107.422 2960.061 2807.603 2687.581 2669.372 2615.853 2547.814 2516.351 2665.194 2867.309 2736.9 2716.954 2516.193 2342.966 2197.458 2173.2 2266.827 2358.235 2408.854 2388.25 2503.938 2522.914 2601.778
3820.675 3821.326 3820.736 3817.397 3810.748 3771.315 3751.614 3762.297 3780.676 3773.527 3742.098 3730.43 3764.664 3711.736 3687.565 3692.393 3666.969 3646.647 3687.881 3678.479 3623.124 3621.65 3623.806 3644.943 3645.482 3615.96 3544.297 3442.016 3459.414 3517.422 3545.694 3564.882 3577.089 3536.756 3512.384 3484.235 3460.577 3410.822 3342.897 3231.887 3118.164 3037.341 2881.85 2820.916 2794.901 2811.068 2722.925 2595.448 2518.679 2691.16 2912.448 2879.448 2731.24 2543.298 2392.772 2225.809 2191.131 2274.088 2357.051 2335.482 2418.034 2506.74 2425.002 2532.086
3822.31 3823.178 3822.093 3818.161 3823.518 3800.813 3761.539 3749.271 3783.101 3789.569 3771.164 3763.986 3759.958 3747.106 3732.673 3734.658 3717.341 3692.271 3652.173 3614.204 3602.426 3610.507 3615.775 3621.816 3610.219 3553.909 3487.26 3439.412 3461.442 3514.589 3546.29 3560.231 3585.666 3583.017 3544.545 3475.132 3465.063 3447.436 3365.337 3243.306 3112.425 3027.553 2958.856 2934.773 2917.325 2844.098 2700.977 2581.067 2572.331 2785.968 2950.789 2878.732 2631.667 2519.896 2410.2 2276.852 2162.169 2247.888 2295.634 2221.152 2261.266 2376.324 2378.48 2504.19
3823.932 3825.067 3825.16 3823.089 3828.57 3820.763 3778.092 3760.781 3790.878 3801.252 3776.146 3772.481 3754.473 3757.18 3746.838 3763.742 3757.265 3728.425 3639.12 3580.197 3592.771 3628.976 3633.179 3596.957 3527.756 3479.009 3464.553 3445.383 3450.244 3503.428 3545.181 3563.443 3601.317 3611.478 3570.163 3525.319 3495.153 3460.333 3392.843 3279.291 3180.485 3100.614 3064.868 3008.383 2942.324 2838.138 2699.178 2641.807 2661.26 2818.779 2966.108 2928.402 2844.479 2698.046 2533.639 2343.628 2205.246 2183.463 2194.204 2267.819 2347.933 2437.474 2506.245 2553.768
