Dropbox/GRP Data/GRP mammal paper/NN_analysis/DATA/2014 input files/ss_h_bio_6.asc
ncols         211
nrows         307
xllcorner     27099.1390263
yllcorner     -314514.2499113
cellsize      821.1860311
NODATA_value  -9999
[rows 196 to 223 of 307, columns 0 to 61 of 211]
-9999 -9999 -9999 -9999 -9999 -9999 -9999 -9999 -9999 -9999 -9999 -9999 -9999 -9999 -9999 -9999 -9999 -9999 -9999 -9999 -9999 -9999 -9999 -9999 -9999 -9999 -9999 77.97408 78.85316 85.6486 87.97122 89.05112 89.99302 91.17138 98.63943 102.8032 104.2418 108.1123 113.7961 107.5618 108.5792 109.5179 110.5487 118.8975 123.0054 132.2302 133.9187 134.9882 136.0228 137.8031 138.3546 139.1228 145.6621 150.5998 151.4218 152.1202 152.327 162.7385 163.8144 162.4267 155.5219 156.2328
-9999 -9999 -9999 -9999 -9999 -9999 -9999 -9999 -9999 -9999 -9999 -9999 -9999 -9999 -9999 -9999 -9999 -9999 -9999 -9999 -9999 -9999 -9999 -9999 -9999 -9999 -9999 77.2864 83.89555 86.85226 87.96621 89.06444 90.15733 91.22111 94.20351 96.16094 97.44982 105.5574 108.2467 107.4143 108.4729 113.4211 118.1719 120.9696 122.6421 125.6542 126.7484 127.7456 130.0096 137.3724 138.3265 138.9565 145.3137 150.4329 151.1059 151.9311 152.9312 154.2255 163.525 164.0975 164.0765 164.9467
-9999 -9999 -9999 -9999 -9999 -9999 -9999 -9999 -9999 -9999 -9999 -9999 -9999 -9999 -9999 -9999 -9999 -9999 -9999 -9999 -9999 -9999 -9999 -9999 -9999 -9999 -9999 77.07203 81.14297 81.76505 85.3051 89.22853 90.33517 91.32388 92.38706 93.66526 94.843 99.2524 101.5876 107.3149 108.3751 111.3343 117.9745 121.4138 122.3188 123.4328 124.4341 125.3047 128.2049 137.4219 138.3648 138.9371 141.1616 143.0289 143.6902 144.5991 145.4897 152.2824 155.5322 157.9863 164.7537 165.3884
-9999 -9999 -9999 -9999 -9999 -9999 -9999 -9999 -9999 -9999 -9999 -9999 -9999 -9999 -9999 -9999 -9999 -9999 -9999 -9999 -9999 -9999 -9999 -9999 -9999 -9999 -9999 77.74934 81.99781 82.6525 83.81303 87.57142 90.57103 91.58994 92.57709 93.78809 95.09259 95.8567 97.79871 102.3046 105.3926 109.4254 113.2353 115.862 116.6629 122.6407 129.9292 125.271 128.0022 135.7798 134.4407 138.8864 139.484 140.1185 140.8911 141.8421 142.6578 152.759 152.7263 154.3392 157.6908 158.1888
-9999 -9999 -9999 -9999 -9999 -9999 -9999 -9999 -9999 -9999 -9999 -9999 -9999 -9999 -9999 -9999 -9999 -9999 -9999 -9999 -9999 -9999 -9999 -9999 -9999 -9999 -9999 -9999 87.93713 88.63448 86.47534 87.38734 91.09731 92.02573 92.87511 90.48978 95.36135 96.13995 96.96729 97.57501 100.8784 105.2021 108.6617 111.2435 112.1612 118.17 129.6417 125.6741 131.7649 135.8501 134.6654 138.7896 139.3748 139.9979 140.6956 141.6139 147.0572 152.9366 152.4252 154.3513 159.452 157.9605
-9999 -9999 -9999 -9999 -9999 -9999 -9999 -9999 -9999 -9999 -9999 -9999 -9999 -9999 -9999 -9999 -9999 -9999 -9999 -9999 -9999 -9999 -9999 -9999 -9999 -9999 -9999 -9999 88.69167 89.38385 90.25297 90.94848 91.85061 92.48177 91.06105 87.42223 95.53389 96.27581 97.10844 97.5816 98.4856 99.44124 106.2739 111.296 112.2889 113.3415 123.9034 125.7438 133.3491 137.2683 137.9939 138.6375 139.2766 139.8426 140.4365 141.3543 151.0897 152.6271 152.5612 154.0645 160.5231 162.1758
-9999 -9999 -9999 -9999 -9999 -9999 -9999 -9999 -9999 -9999 -9999 -9999 -9999 -9999 -9999 -9999 -9999 -9999 -9999 -9999 -9999 -9999 -9999 -9999 -9999 -9999 -9999 -9999 89.46249 90.07688 90.92169 91.54218 92.39447 91.80625 85.35132 94.09676 95.91406 96.67261 97.38147 98.33542 100.679 101.7476 107.3389 111.4611 112.357 113.3547 121.6552 122.9606 125.3264 135.4667 137.896 138.4541 139.1319 139.625 140.1894 143.3965 148.4612 152.2592 152.575 153.2689 158.5446 164.0781
-9999 -9999 -9999 -9999 -9999 -9999 -9999 -9999 -9999 -9999 -9999 -9999 -9999 -9999 -9999 -9999 -9999 -9999 -9999 -9999 -9999 -9999 -9999 -9999 -9999 -9999 -9999 -9999 -9999 90.77654 91.37994 91.98277 92.9324 86.19586 84.28479 94.46522 96.30836 96.94177 97.54236 101.2117 109.3511 109.9465 110.8332 111.8481 112.6291 113.4154 114.1248 115.0053 117.775 129.2649 136.6057 136.9176 138.146 139.4037 140.0156 147.4955 144.0363 151.7649 151.782 154.1109 163.3288 163.9254
-9999 -9999 -9999 -9999 -9999 -9999 -9999 -9999 -9999 -9999 -9999 -9999 -9999 -9999 -9999 -9999 -9999 -9999 -9999 -9999 -9999 -9999 -9999 -9999 -9999 -9999 -9999 -9999 -9999 91.52985 92.13057 92.68217 93.521 86.97478 85.14409 95.16578 97.01215 97.27737 98.01112 101.5757 109.6613 106.012 107.1926 112.2162 112.8954 113.3166 114.3048 115.1052 117.6299 127.3206 127.5661 128.1121 133.5504 138.9216 139.5213 140.4947 149.8183 151.7269 151.6486 153.9172 163.1049 163.7055
-9999 -9999 -9999 -9999 -9999 -9999 -9999 -9999 -9999 -9999 -9999 -9999 -9999 -9999 -9999 -9999 -9999 -9999 -9999 -9999 -9999 -9999 -9999 -9999 -9999 -9999 -9999 -9999 -9999 92.3621 92.93171 93.35841 94.16033 93.50652 93.84553 96.40831 97.3098 97.73817 98.50246 101.9179 109.9939 110.1129 110.9398 112.2634 112.9681 113.6244 114.4861 115.2626 117.3159 127.2373 127.5203 128.1788 128.9851 129.7208 130.4198 138.3447 149.5807 151.4881 151.384 153.6732 162.8477 163.4241
-9999 -9999 -9999 -9999 -9999 -9999 -9999 -9999 -9999 -9999 -9999 -9999 -9999 -9999 -9999 -9999 -9999 -9999 -9999 -9999 -9999 -9999 -9999 -9999 -9999 -9999 -9999 -9999 -9999 93.11537 93.61415 94.02065 94.76875 95.57096 96.34484 97.21749 97.73786 98.30497 99.08163 102.2215 110.3392 111.1414 111.8238 112.5053 113.1572 113.9428 114.6703 115.5353 117.3568 127.0486 127.4499 128.0474 128.5522 128.9774 129.6421 137.9553 142.3092 151.0706 159.8349 160.8736 162.7261 165.9876
-9999 -9999 -9999 -9999 -9999 -9999 -9999 -9999 -9999 -9999 -9999 -9999 -9999 -9999 -9999 -9999 -9999 -9999 -9999 -9999 -9999 -9999 -9999 -9999 -9999 -9999 -9999 -9999 -9999 -9999 94.42035 94.74698 95.43816 96.19505 96.93633 97.67342 98.28463 98.77389 100.6015 107.1155 110.7549 111.4644 112.0182 112.7538 113.4419 114.137 114.8026 115.6034 117.1277 126.8295 127.4323 127.8848 128.467 128.8596 134.2256 139.5894 140.8796 150.7561 161.2092 162.9444 169.9472 173.6329
-9999 -9999 -9999 -9999 -9999 -9999 -9999 -9999 -9999 -9999 -9999 -9999 -9999 -9999 -9999 -9999 -9999 -9999 -9999 -9999 -9999 -9999 -9999 -9999 -9999 -9999 -9999 -9999 -9999 -9999 93.47513 91.13718 94.32091 93.60835 96.45411 98.09536 98.82098 99.27625 100.8848 106.791 111.1836 111.778 112.3228 113.0666 113.6906 114.2285 114.7961 115.5444 122.0122 126.5641 125.6526 124.2779 128.4907 128.9587 136.0439 140.2156 145.8615 150.5102 161.2191 168.4183 173.5241 180.2631
-9999 -9999 -9999 -9999 -9999 -9999 -9999 -9999 -9999 -9999 -9999 -9999 -9999 -9999 -9999 -9999 -9999 -9999 -9999 -9999 -9999 -9999 -9999 -9999 -9999 -9999 -9999 -9999 -9999 -9999 92.10022 86.60399 90.82617 91.89337 96.53964 98.61251 99.3195 99.84174 100.5205 103.4326 111.5707 112.1093 112.6898 113.3301 113.8008 114.2411 114.8149 119.7535 126.0068 126.6059 125.7289 124.5459 128.452 129.0056 135.9713 140.1214 148.8869 155.1358 161.1917 171.461 174.0398 182.5825
-9999 -9999 -9999 -9999 -9999 -9999 -9999 -9999 -9999 -9999 -9999 -9999 -9999 -9999 -9999 -9999 -9999 -9999 -9999 -9999 -9999 -9999 -9999 -9999 -9999 -9999 -9999 -9999 -9999 -9999 -9999 88.57075 87.79773 93.45181 96.24466 98.8884 99.7888 100.3566 100.9112 103.7815 111.9026 112.4033 112.9838 113.4623 113.865 114.3031 115.0051 125.2671 126.1111 126.8919 127.3802 127.9286 128.3465 128.9134 135.8507 140.0718 148.7657 159.5765 161.0869 171.4603 173.7729 182.4158
-9999 -9999 -9999 -9999 -9999 -9999 -9999 -9999 -9999 -9999 -9999 -9999 -9999 -9999 -9999 -9999 -9999 -9999 -9999 -9999 -9999 -9999 -9999 -9999 -9999 -9999 -9999 -9999 -9999 -9999 -9999 93.25201 88.54446 89.12325 90.40385 98.67677 100.1785 100.7935 101.2895 104.0609 112.2012 112.6 113.1802 113.589 114.0589 114.5193 117.0143 125.4983 126.4834 127.0533 127.4949 128.7039 129.6768 130.2055 136.7304 141.9814 149.1992 159.5026 160.9157 171.6278 176.0691 182.1964
-9999 -9999 -9999 -9999 -9999 -9999 -9999 -9999 -9999 -9999 -9999 -9999 -9999 -9999 -9999 -9999 -9999 -9999 -9999 -9999 -9999 -9999 -9999 -9999 -9999 -9999 -9999 -9999 -9999 -9999 -9999 94.0568 89.2793 89.76875 97.63505 100.5033 100.5491 101.2284 101.6621 104.263 112.5205 112.9463 113.3061 113.7655 114.2954 114.6557 123.9027 126.0028 126.5625 127.2139 127.489 131.3267 134.5593 134.7862 139.5508 147.0893 150.5755 159.4306 160.772 172.0706 181.7663 182.0654
-9999 -9999 -9999 -9999 -9999 -9999 -9999 -9999 -9999 -9999 -9999 -9999 -9999 -9999 -9999 -9999 -9999 -9999 -9999 -9999 -9999 -9999 -9999 -9999 -9999 -9999 -9999 -9999 -9999 -9999 -9999 98.921 98.66166 93.30029 98.02842 100.9432 101.0206 101.5857 102.1884 104.635 112.8106 113.3106 113.6147 114.0329 114.5067 114.8081 123.9372 125.973 126.7624 127.3898 127.6303 131.3894 138.459 138.9419 139.6169 147.0977 150.515 159.4169 160.6606 171.9255 181.6339 182.0723
-9999 -9999 -9999 -9999 -9999 -9999 -9999 -9999 -9999 -9999 -9999 -9999 -9999 -9999 -9999 -9999 -9999 -9999 -9999 -9999 -9999 -9999 -9999 -9999 -9999 -9999 -9999 -9999 -9999 -9999 -9999 -9999 100.2576 99.14335 100.2878 101.3924 101.6921 102.0434 102.6213 104.9162 113.2915 113.6417 114.0181 114.4179 114.7771 115.1558 116.9833 125.8209 126.8994 127.4085 129.7167 137.2173 138.442 138.98 144.8582 149.789 150.4947 159.1892 160.5977 171.7365 181.545 182.1191
-9999 -9999 -9999 -9999 -9999 -9999 -9999 -9999 -9999 -9999 -9999 -9999 -9999 -9999 -9999 -9999 -9999 -9999 -9999 -9999 -9999 -9999 -9999 -9999 -9999 -9999 -9999 -9999 -9999 -9999 -9999 -9999 100.7476 101.081 101.3425 101.6603 101.9608 102.281 102.8608 103.7555 108.745 114.0542 114.3783 114.7743 115.0261 115.3651 122.3624 126.4345 127.2586 127.3536 129.829 137.949 138.5242 142.9879 148.6212 150.0726 150.2555 158.8744 160.6374 171.5638 181.7771 184.1786
-9999 -9999 -9999 -9999 -9999 -9999 -9999 -9999 -9999 -9999 -9999 -9999 -9999 -9999 -9999 -9999 -9999 -9999 -9999 -9999 -9999 -9999 -9999 -9999 -9999 -9999 -9999 -9999 -9999 -9999 -9999 -9999 101.2632 101.63 101.7917 101.8989 102.1291 102.5316 103.117 104.5523 111.0625 114.2447 114.5056 114.9139 115.3507 115.6946 124.4639 126.6211 127.133 127.3736 129.7239 137.9535 138.5379 143.9176 149.636 150.2586 150.1929 158.7083 160.9147 171.3507 175.2916 182.3973
-9999 -9999 -9999 -9999 -9999 -9999 -9999 -9999 -9999 -9999 -9999 -9999 -9999 -9999 -9999 -9999 -9999 -9999 -9999 -9999 -9999 -9999 -9999 -9999 -9999 -9999 -9999 -9999 -9999 -9999 -9999 -9999 101.6593 101.9691 102.1376 102.3547 102.612 103.0719 103.4974 105.6986 114.2928 114.6475 114.9231 115.2061 115.635 115.939 124.559 126.7719 127.2179 127.4216 129.7672 138.0733 138.6058 143.8833 149.7185 150.2852 154.8437 159.7827 160.9297 171.2065 171.9933 176.6575
-9999 -9999 -9999 -9999 -9999 -9999 -9999 -9999 -9999 -9999 -9999 -9999 -9999 -9999 -9999 -9999 -9999 -9999 -9999 -9999 -9999 -9999 -9999 -9999 -9999 -9999 -9999 -9999 -9999 -9999 -9999 -9999 -9999 102.3286 102.5196 102.8921 103.2758 103.661 104.3411 109.2648 114.9062 115.1981 115.4364 115.655 115.9303 116.212 124.8025 127.0287 127.4855 127.5998 129.0909 135.1361 138.7963 143.8083 149.7935 150.4082 157.8938 160.5175 165.5292 171.1245 172.1291 177.9635
-9999 -9999 -9999 -9999 -9999 -9999 -9999 -9999 -9999 -9999 -9999 -9999 -9999 -9999 -9999 -9999 -9999 -9999 -9999 -9999 -9999 -9999 -9999 -9999 -9999 -9999 -9999 -9999 -9999 -9999 -9999 -9999 -9999 102.9821 103.0941 103.3502 103.7889 104.0814 105.3721 115.0178 115.3956 115.5431 115.6788 116.0228 116.2636 116.5689 125.1444 127.3089 127.7968 127.91 128.9064 133.794 139.1794 143.9881 150.0587 150.461 157.6659 160.4904 170.1185 171.2072 176.2729 181.9509
-9999 -9999 -9999 -9999 -9999 -9999 -9999 -9999 -9999 -9999 -9999 -9999 -9999 -9999 -9999 -9999 -9999 -9999 -9999 -9999 -9999 -9999 -9999 -9999 -9999 -9999 -9999 -9999 -9999 -9999 -9999 -9999 -9999 103.5084 104.6217 104.2696 104.2863 104.7011 105.6346 115.3237 115.7034 115.7897 115.9286 116.3013 116.5481 116.8452 125.5249 127.7561 128.3271 128.2424 130.3568 138.9194 139.6483 144.507 150.4579 151.8622 158.116 160.562 170.1872 174.1563 181.7573 182.1162
-9999 -9999 -9999 -9999 -9999 -9999 -9999 -9999 -9999 -9999 -9999 -9999 -9999 -9999 -9999 -9999 -9999 -9999 -9999 -9999 -9999 -9999 -9999 -9999 -9999 -9999 -9999 -9999 -9999 -9999 -9999 -9999 -9999 -9999 111.0384 106.4886 104.6465 105.1443 106.1874 115.6223 115.8269 116.1834 116.2318 116.5348 116.9804 117.3618 125.8818 128.3378 128.7857 128.7307 130.627 139.3156 139.8479 144.6394 150.7029 156.6403 161.4705 162.3126 172.0511 181.5392 182.1095 182.6809
-9999 -9999 -9999 -9999 -9999 -9999 -9999 -9999 -9999 -9999 -9999 -9999 -9999 -9999 -9999 -9999 -9999 -9999 -9999 -9999 -9999 -9999 -9999 -9999 -9999 -9999 -9999 -9999 -9999 -9999 -9999 -9999 -9999 -9999 105.4873 105.0892 105.0294 114.192 114.7485 115.8415 116.1331 116.5578 116.6575 116.9442 117.3081 117.7165 126.0615 128.4671 129.3892 129.4747 130.9286 139.5472 140.0135 144.8165 150.7507 156.8609 168.0672 171.2693 180.2903 182.4342 182.4114 184.7315
-9999 -9999 -9999 -9999 -9999 -9999 -9999 -9999 -9999 -9999 -9999 -9999 -9999 -9999 -9999 -9999 -9999 -9999 -9999 -9999 -9999 -9999 -9999 -9999 -9999 -9999 -9999 -9999 -9999 -9999 -9999 -9999 -9999 -9999 105.0981 105.3445 105.5203 107.9631 115.7644 116.2923 116.5333 116.6792 116.8339 117.1331 117.4148 117.9597 126.5557 129.2732 129.706 137.8317 131.0964 139.8691 140.3056 145.134 151.0758 157.0214 168.257 171.4932 180.4524 191.1853 182.8154 192.1473
