Dropbox/GRP Data/GRP mammal paper/NN_analysis/DATA/2014 input files/ss_h_bio_12.asc
ncols         211
nrows         307
xllcorner     27099.1390263
yllcorner     -314514.2499113
cellsize      821.1860311
NODATA_value  -9999
[rows 116 to 144 of 307, columns 0 to 63 of 211]
-9999 -9999 -9999 -9999 -9999 27340.28 27444.29 27517.55 27598.1 27707.08 27707.88 27812 27890.91 27883.95 27897.05 28019.38 28039.65 28026.33 28005.23 28036.94 28042.89 28026.45 27976.84 27816.92 27814.72 27864.72 27908.12 27914.33 27973.48 28064.26 28088.07 28181.32 28378.85 28690.7 28915.7 29347.6 30279.97 31214.43 31301.34 30340.16 30151.91 30179.84 30334.03 30550.02 31079.36 31702.86 32469.59 33349.3 34302.2 35907.92 38291.1 40996.55 43912.06 46269.41 47915.38 49911.35 51570.06 52909.9 53429.71 53565.17 53081.03 52183.61 51292.96 51765.44
-9999 -9999 -9999 -9999 -9999 27052.37 27166.67 27281.58 27321.47 27503.4 27415.7 27567.97 27702.54 27713.89 27755.35 27803.64 27820.36 27902.95 27936.18 27946.25 27942.06 27933.58 27896.41 27767.75 27802.38 27868.31 27849.43 27830.93 27844.11 27924.84 28044.1 28073.79 28174.34 28502 28813.79 29294.8 30296.75 31354.23 31492 30475.69 30033 30029.28 30053.6 30165.72 30532.81 30988.76 31540.98 32165.83 32955.13 34049.24 35967.35 38222.08 40849.66 43268.95 45279.48 47140.68 48759.72 49630.91 50106.14 50658.45 50966.47 50810.14 50485.32 51263.95
-9999 -9999 -9999 -9999 -9999 26748.2 26825.02 26959.47 27003.13 27143.2 27130.47 27215.9 27392.35 27413.21 27538.74 27673.47 27690.95 27763.09 27789.1 27886.16 27896.17 27884.05 27761.77 27687.62 27763.33 27793.65 27787.87 27736.12 27717.49 27791.24 27861.25 28016.34 28061.04 28273.13 28646.7 29147.78 29894.39 30776.06 30908.55 30154.59 29872.29 29839.02 29695.72 29876.52 30075.14 30218.47 30540.32 30947.38 31559.41 32356.45 33805.57 35571.95 37625.46 39874.79 42279.33 44529.03 45961 46608.88 46891.53 47620.05 48548.05 48872.04 49214.96 50290.25
-9999 -9999 -9999 -9999 -9999 26473.14 26532.62 26639.06 26706.23 26776.53 26834.69 26875.99 26993.79 27078.33 27235.32 27431.84 27501.74 27583.45 27596.16 27719.53 27734.27 27719.12 27630.25 27607.62 27684.25 27704.9 27664.7 27639.19 27683.08 27726.01 27735.96 27870.85 28001.94 28096.06 28403.74 28858.45 29335.88 29932.46 30057.99 29639.22 29506.85 29487.25 29409.57 29528 29614.22 29695.63 29810.56 30086.43 30511.25 31010.31 32108.63 33466.61 34871.09 36633.99 38976.9 41441.12 43374.71 44339.03 44417.67 45041.92 46133.78 46896.44 47587.04 48879.78
-9999 -9999 -9999 -9999 -9999 -9999 26277.64 26357.68 26422.57 26516.37 26561.11 26622.07 26663.63 26807.81 26939.8 27108.73 27239.57 27344.21 27383.66 27486.31 27522.01 27513.02 27530.48 27529.43 27583.99 27621.72 27537.38 27549.21 27618.27 27626.95 27702.88 27726.17 27871.67 27980.8 28161.39 28496.18 28855.41 29196.11 29326.54 29234.09 29143.57 29140.39 29142.09 29165.81 29200.83 29318.27 29370.23 29553.12 29829.27 30148 30890.26 31766.65 32737.23 34019.45 36011.68 38487.95 40866.97 42186.57 42558.98 43391.37 44129.41 44775.53 45553.5 47164.39
-9999 -9999 -9999 -9999 -9999 -9999 25927.65 26042.54 26107.82 26262.54 26364.92 26383.15 26464.32 26553.76 26671.2 26890.48 27022.66 27086.31 27166.96 27294.59 27386.35 27406.82 27449.67 27447.28 27487.55 27509.88 27456.66 27475.11 27484.52 27488.26 27621.38 27652.23 27705.25 27857.31 27985.82 28191.22 28464.47 28677.07 28846.63 28952.05 28898.52 28896.46 28889.97 28885.47 28928.84 29044.68 29087.73 29215.34 29402.45 29720.41 30067.62 30537.52 31251.71 32314.1 34038.26 36422.11 38845.82 40283.12 40856.02 41658.13 42276.3 42678.77 43357.91 45162.62
-9999 -9999 -9999 -9999 -9999 -9999 25474.28 25692.75 25819.7 25991.17 26082.93 26115.27 26206.43 26359.99 26446.6 26632.58 26760.84 26943.94 27041.17 27068.41 27157.29 27260.07 27372.84 27411.6 27408.88 27377.38 27342.09 27380.77 27415.31 27450.73 27456.56 27536 27622.9 27701.45 27848.5 27983.83 28097.18 28289.58 28494.38 28587.65 28598.22 28656.1 28672.29 28684.43 28750.62 28840.88 28866.21 28963.2 29119.46 29572.21 29688.7 30103.19 30730.08 31917.28 33657.88 35968.5 37989.51 38990.61 39244.74 39532.84 40002.39 40346.59 41043.25 43094.75
-9999 -9999 -9999 -9999 -9999 -9999 25251.52 25332.31 25380.06 25569.49 25765.19 25901.44 26011.12 26073.59 26222.05 26472.73 26512.93 26578.81 26674.02 26918.3 26951.61 27071.94 27097.01 27298.35 27295.4 27251.67 27164.11 27142.19 27226.19 27372.99 27401.03 27418.04 27458.77 27628.99 27677.79 27767.5 27864.74 27969.44 28054.2 28084.4 28100.76 28309.16 28385.51 28434.24 28483.95 28564.18 28684.37 28752.42 28946.24 29595.98 29996.8 30811.67 31732.74 33279.46 35223.25 37437.27 38651.46 38592.01 38087.19 37568.57 37458.61 37893.55 39023.75 41578.67
-9999 -9999 -9999 -9999 -9999 -9999 -9999 25098.24 25212.27 25255.55 25273.8 25509.63 25689.43 25816.96 25979.33 26186.44 26358.82 26479.04 26506.57 26608.55 26737.93 26942.85 26937.29 26962.05 27062.42 27170.77 27059.96 27021.83 27043.43 27052.79 27161.6 27318.95 27396.12 27477.95 27609.54 27612.25 27668.46 27772.25 27799.73 27900.45 27912.64 27928.77 28013.71 28019.86 28094.94 28293.32 28480.8 28606.1 28953.38 29824.55 31201.81 32784.79 34465.27 36315.34 38380.6 40093.67 40282.74 39095.81 37637.62 36186.33 35664.46 36243.65 38238.11 41413.96
-9999 -9999 -9999 -9999 -9999 -9999 -9999 24808.46 24866.37 25073 25110.4 25227.99 25270.29 25433.99 25708.82 25949.54 26068.83 26268.76 26384.54 26471.45 26503.88 26628.53 26754.45 26892.13 26903.85 26942.54 26895.8 26855.23 26903.26 26914.12 27021.01 27060.35 27183.33 27260.36 27364.45 27486.51 27575.69 27591.85 27607.13 27563.6 27625.7 27725.37 27756.59 27780.88 27839.98 27957.54 28120.54 28166.64 28794.86 30472.19 32948.71 35557.79 37814.82 39872.02 41429.63 41930.27 41134.81 39331.25 37402.95 35532.76 34776.71 35650.16 38800.36 42793.96
-9999 -9999 -9999 -9999 -9999 -9999 -9999 24558.64 24661.52 24822.82 24837.59 24914.32 25052.09 25168.38 25339.52 25612.18 25901.1 26012.15 26101.43 26231.08 26292.83 26458.17 26555.76 26677.17 26730.71 26772.47 26759.87 26738.88 26747.59 26754.77 26824.42 26897.27 26905.79 27051.4 27093.89 27199.15 27301.21 27429.02 27490.52 27484.51 27499.18 27519.13 27547.55 27624.45 27647.36 27705.02 27744.3 28000.83 28748.86 30713.21 33694.94 36957.14 39427.01 41058.74 41436.02 40634.04 39233.63 37811.25 36540.32 35045.92 34444.44 35536.54 38902.19 43520.18
-9999 -9999 -9999 -9999 -9999 -9999 -9999 -9999 24382.63 24563.03 24632.37 24667.3 24791.67 24881.59 25047.1 25302.5 25517.81 25744.63 25905.54 25980.36 26099.74 26286.53 26325.8 26472.56 26551.73 26605.63 26598.77 26628.52 26639.52 26674.24 26701.41 26735.88 26717.68 26796.48 26843.67 26908.25 27019.18 27103.99 27142.27 27277.88 27335.97 27391.88 27338.49 27397.62 27499.07 27549.84 27564.45 27646.66 28635.69 30380.11 33124.82 35826.67 37739.56 38461.1 38096.68 37016.2 35873.45 35264 35093.63 34571.42 34262.14 34931.62 37762.18 42107.82
-9999 -9999 -9999 -9999 -9999 -9999 -9999 -9999 24096.69 24264.35 24377.64 24390.17 24556.68 24615.62 24795.14 24983.61 25112.07 25398.08 25582.48 25782.37 25923.55 26028.68 26152.11 26277.69 26338.85 26413.07 26432.85 26481.69 26489.34 26555.6 26531.64 26549.56 26559.79 26571.62 26613.28 26676.55 26750.51 26802.82 26872.1 26972.93 27010.39 27057.51 27122.61 27144.59 27258.54 27349.94 27396.67 27451.27 28085.92 29259.85 31229.4 32974.63 33946.34 34125.14 33599.78 32794.07 32275.42 32546.21 33285.44 33819.69 34009.63 34234.44 35857.95 39012.48
-9999 -9999 -9999 -9999 -9999 -9999 -9999 -9999 23871.57 23952.03 24059.63 24074.92 24314.04 24364.77 24494.79 24648.2 24799.48 24949.83 25142.72 25508.57 25660.71 25763.59 26012.82 26075.6 26123.03 26224.39 26252.79 26287.88 26311.33 26368.14 26304.72 26334.51 26349.45 26346.3 26382.64 26488.54 26529.57 26603.22 26689.08 26703.29 26696.44 26713.35 26856.1 26874.57 27004.63 27143.66 27166.32 27204.35 27473.73 28042.93 29094.58 29883.96 30173.6 30269.04 29932.37 29675.48 29742.42 30425.86 31594.32 32860.52 33460.58 33553.42 34114.43 35989.15
-9999 -9999 -9999 -9999 -9999 -9999 -9999 -9999 23533.37 23723.45 23881.41 23860.6 23919.8 24040.07 24168.89 24359.57 24417.6 24519.82 24831.94 25045.11 25224.99 25465.2 25724.7 25841.08 25905.52 26020.22 26037.84 26065.72 26120.99 26154.99 26118.25 26135.04 26104.23 26104.28 26163.8 26265.33 26294.11 26375.45 26460.38 26476.21 26519.35 26535.14 26598.78 26626.99 26743.71 26860.08 26916.7 26974.25 27052.5 27240.37 27583.66 27775.62 27840.29 28035.13 27885.34 28028.42 28447.71 29255.06 30546.08 31937.79 32735.88 32745.08 32776.8 33818.35
-9999 -9999 -9999 -9999 -9999 -9999 -9999 -9999 -9999 23415.94 23463.07 23529.52 23863.71 23852.91 23890.94 23991.28 24123.88 24288.35 24428.58 24572.06 24760.42 24887.33 25173.62 25418.68 25531.59 25667.14 25779.42 25841.68 25838.21 25903.85 25972.64 26004.41 25896.49 25909.62 25971.65 25986.31 25992.37 26053.5 26182.58 26216.4 26362.73 26378.53 26408.95 26445.27 26462.45 26508.97 26672.82 26838.83 26812.06 26835.23 26817.45 26933.82 26988.17 27159.61 27158.23 27411.73 28042.41 29011.51 30363.04 31528.56 32158.01 31886.68 31752.47 32490.26
-9999 -9999 -9999 -9999 -9999 -9999 -9999 -9999 -9999 23143.49 23218.01 23385.93 23447.8 23498.8 23786.94 23851.48 23877.17 23953.38 24115.29 24331.6 24364.32 24583.65 24683.02 24708.9 24915.02 25113.48 25328.28 25584.84 25625.7 25637.8 25710.21 25808.18 25692.63 25681.14 25720.53 25820.54 25864.11 25914.04 25955.32 25967.56 26067.34 26078.84 26178 26261.7 26274.89 26334.83 26412.73 26518.81 26659.44 26610.5 26492.07 26766.43 26789.63 26780.66 27012.09 27319.31 28192.41 29488.07 31024.69 31964.62 32024.99 31293.16 30978.41 31701.38
-9999 -9999 -9999 -9999 -9999 -9999 -9999 -9999 -9999 22845.97 22917.32 23128.46 23215.19 23367.82 23443.6 23509.01 23713.13 23824.53 23838.78 23905.1 24137.36 24353.71 24360.61 24460.94 24667.28 24738.13 24984.04 25138.82 25127.68 25120.24 25355.26 25369.59 25426.57 25419.15 25457.29 25595.29 25666.43 25715.46 25822.64 25861.21 25860.44 25878.44 25963.99 25962.87 26011.21 26122.53 26203.66 26245.5 26424.42 26575.41 26535.49 26654.26 26755.97 26734.53 26973.19 27394.37 28532.92 30392.34 32424.99 33098.03 32487.26 31212.48 30564.29 31178.91
-9999 -9999 -9999 -9999 -9999 -9999 -9999 -9999 -9999 -9999 22684.94 22842.46 22939.82 23135.6 23237.37 23354.02 23429.46 23452.66 23588.84 23716.87 23884.16 23936.67 24150.32 24251.84 24368.03 24495.96 24684.94 24672.67 24903.21 25039.22 25110.25 25106.89 25009.5 25008.29 25123.51 25356.77 25545.62 25608.92 25595.4 25700.67 25726.52 25740.25 25838.68 25850.23 25864.18 25926.42 26088.15 26194.12 26237.31 26440.43 26566.34 26519.77 26729.56 26772.48 26924.42 27321.63 28684.84 31251.26 33827.36 34793.96 33610.09 31648.76 30633.94 30769.48
-9999 -9999 -9999 -9999 -9999 -9999 -9999 -9999 -9999 -9999 22466.44 22593.25 22693.05 22866.91 23030.09 23147.38 23239.22 23311.24 23386.32 23439.67 23639.31 23718.94 23892.67 23954.68 24130.08 24239.81 24417.71 24475.15 24561.95 24626.41 24716.7 24826.69 24855.62 24826.38 24857.83 24982.13 25189.52 25322.78 25381.13 25485.44 25503.17 25510.88 25656.83 25741.46 25819.77 25840.05 25930.42 26097.86 26186.57 26249.17 26384.36 26546.47 26613.36 26756.74 26952.26 27288.23 28545.48 31045.53 33867.69 35331.36 34277.07 31952.34 30586.95 30264.06
-9999 -9999 -9999 -9999 -9999 -9999 -9999 -9999 -9999 -9999 22203.71 22334.22 22480.77 22614.24 22778.01 22894.91 23046.97 23126.36 23255.47 23307.02 23404.26 23449.81 23654.41 23753.17 23889 23993.3 24178.04 24295.55 24342.78 24397.48 24490.76 24592.57 24632.81 24687.05 24756.88 24839.74 24897.57 24985.72 25085.38 25192.24 25262.37 25258.81 25324.44 25494.66 25603.13 25657.63 25790.88 25975.26 26121.55 26172.32 26314.02 26402.15 26562.42 26727.38 26929.18 27183.98 28094.31 30002.16 32469.92 34193.96 33712.96 31980.23 30353.4 29864.71
-9999 -9999 -9999 -9999 -9999 -9999 -9999 -9999 -9999 -9999 21907.27 22064.63 22238.04 22394.11 22516.51 22641.55 22799.83 22897.61 23092.85 23153.73 23228.76 23262.95 23416.15 23576.41 23684.76 23796.89 23906.07 24057.27 24177.38 24276.01 24349.94 24451.61 24440.17 24506.08 24636.71 24656.97 24705.93 24796.48 24890.89 24959.28 24989.99 25086.13 25098.05 25248.62 25343.15 25431.66 25623.19 25779.83 25978.09 26173.44 26279.49 26322.04 26526.98 26695.46 26898.34 27088.85 27593.42 28868.29 30676.11 32154.3 32397.43 31164.51 29919.46 29425.67
-9999 -9999 -9999 -9999 -9999 -9999 -9999 -9999 -9999 -9999 -9999 21833.34 21941.22 22169.33 22276.59 22410.32 22537.52 22709.35 22844.49 22900.91 23072.71 23178.59 23238.36 23359.04 23497.69 23610.99 23664.96 23822.52 23949.29 24060.08 24173.31 24263.71 24265.18 24340.77 24503.37 24472.61 24566.35 24663.57 24737.57 24795.3 24813.93 24927.37 24974.91 25045.57 25140.12 25274.94 25451.87 25584.3 25796.29 26139.52 26243.59 26285.53 26496.27 26664.84 26871.62 27018.97 27277.34 27966.65 29082.79 30151.34 30622.74 30111.71 29427.02 29096.36
-9999 -9999 -9999 -9999 -9999 -9999 -9999 -9999 -9999 -9999 -9999 21617.59 21686.95 21900.23 22029.13 22200.01 22312.79 22489.38 22585.86 22733.91 22875.1 22997.02 23145.13 23188.69 23284.64 23393.25 23520.23 23642.45 23719.19 23808.66 23966.89 24022.1 24061.82 24225.01 24400.13 24430.3 24474.56 24538.28 24590.6 24654.05 24734.7 24753.97 24854.14 24911.93 25035.66 25195.45 25306.13 25434.12 25659.3 26012.13 26197.96 26250.12 26432.54 26634.88 26833.9 26951.24 27140.4 27431.18 28037.08 28691.31 29034.04 29167.94 28959.03 28795.72
-9999 -9999 -9999 -9999 -9999 -9999 -9999 -9999 -9999 -9999 -9999 21240.38 21592.88 21672.52 21734.74 21963.39 22127.89 22281.6 22398.14 22533.12 22744.57 22858.57 22890.95 23090.96 23150.28 23225.58 23350.58 23481.09 23626.49 23709.71 23780.07 23957.24 23985.05 24094.82 24244.85 24369.86 24427.77 24537.16 24561.22 24551.99 24612.21 24638.09 24719.72 24844.69 24992.35 25131.45 25187.93 25336.47 25590.96 25851.89 26117.04 26214.69 26348.67 26626.54 26787.38 26900.14 27118.17 27297.84 27628.63 27940.79 28191.65 28498.66 28588.75 28556.55
-9999 -9999 -9999 -9999 -9999 -9999 -9999 -9999 -9999 -9999 -9999 21089.36 21271.79 21622.65 21665.36 21712.25 21858.26 22064.22 22290.05 22395.9 22553.2 22681.59 22865.28 22865.93 23015.16 23133.81 23225.04 23330.95 23477.04 23632.18 23684.13 23776.65 23944.59 23975.38 24166.93 24202.2 24332.64 24480.06 24504.65 24509.91 24515.26 24588.45 24606.57 24719.81 24872.59 25067.9 25109.16 25300.5 25525.45 25759.25 25977.06 26151.34 26313.26 26637.51 26759.63 26908.17 27186.12 27448.13 27648.01 27770.86 28024.86 28154.58 28357.79 28461.72
-9999 -9999 -9999 -9999 -9999 -9999 -9999 -9999 -9999 -9999 -9999 -9999 21101.43 21224.13 21457.48 21595.93 21670.59 21834.2 22030.77 22219.06 22388.1 22467.63 22679.83 22831.11 22895.72 22972.41 23051.3 23148.92 23218.38 23417.7 23633.95 23742.55 23747.58 23792.73 24044.77 24159.12 24284.71 24381.41 24373.86 24431.55 24522.68 24537 24642.22 24655 24708.24 24916.23 25108.13 25204.49 25411.93 25669.29 25847.86 26011.21 26259.13 26540.84 26757.11 26940.3 27265.3 27559.67 27684.19 27747.95 27853.28 27969.24 28200 28376.83
-9999 -9999 -9999 -9999 -9999 -9999 -9999 -9999 -9999 -9999 -9999 -9999 20937.24 21080.95 21227.86 21455.14 21578.3 21661.85 21838.29 22026.88 22215.82 22360.81 22413.7 22659.83 22752.59 22858.95 22936.36 23014.7 23125.58 23197.3 23359.4 23620.16 23648.21 23658.28 23853.07 24023.94 24197.44 24297.52 24330.75 24327.94 24386.57 24486.1 24589.58 24599.93 24673.49 24917.28 25068.97 25155.83 25320.67 25542.08 25752.72 25965.6 26303.28 26490.42 26732.73 27008.52 27398.32 27605.15 27615.76 27640.05 27675.6 27799.29 27923.17 28094.98
-9999 -9999 -9999 -9999 -9999 -9999 -9999 -9999 -9999 -9999 -9999 -9999 20882.64 20946.05 21039.5 21248.49 21457.38 21563.85 21660.23 21796.71 22017.3 22217.5 22314.51 22418.23 22602.77 22685.03 22837.55 22909.26 23015.76 23108.27 23153.82 23355.38 23506.15 23594.71 23699.77 23834.72 24071.1 24182.28 24249.58 24264.43 24382.77 24430.4 24453.5 24478.89 24638.37 24928.71 24988.4 25077.57 25228.29 25436.36 25595.38 26000.14 26189.41 26459 26699.41 27032.67 27488.3 27648.31 27510.24 27525.37 27595 27706.82 27882.4 27956.33
