Dropbox/GRP Data/GRP mammal paper/NN_analysis/DATA/2014 input files/ss_h_bio_6.asc
ncols         211
nrows         307
xllcorner     27099.1390263
yllcorner     -314514.2499113
cellsize      821.1860311
NODATA_value  -9999
[rows 196 to 223 of 307, columns 62 to 123 of 211]
157.0931 163.9884 168.672 169.4051 170.2711 171.5229 172.5897 174.9083 183.2085 183.6837 183.9884 184.6226 190.7473 194.3004 195.7096 196.3542 204.5931 197.1482 195.9607 216.48 218.2951 202.0063 200.0445 197.7825 191.3256 192.7812 177.7078 167.2406 159.3911 153.1169 149.1232 143.7667 98.73815 99.62827 118.7351 217.5074 106.714 167.2985 138.6412 106.9824 100.8895 97.7346 -22.77001 -89.89235 -107.3803 -114.7438 -135.1912 -154.2967 -165.2915 -219.0125 -262.9956 -261.7195 -326.3362 -361.4408 -364.1342 -444.6969 -415.356 -391.3302 -343.9435 -287.7785 -389.5494 -427.0817
165.687 166.9181 168.0315 168.7016 169.579 179.6697 180.8698 181.6654 182.2821 182.6327 182.8979 183.3262 183.8685 184.305 193.1684 195.4851 196.4234 199.0955 209.6239 216.1682 213.088 196.7388 196.0751 189.9577 185.8183 184.6725 182.6995 180.4492 160.6907 150.5982 143.5699 131.5363 93.80954 138.8186 142.5465 205.8926 125.9744 124.5097 111.0835 119.8529 80.5195 60.26911 -30.24207 -102.6598 -124.7607 -126.5678 -147.6329 -205.7256 -195.3978 -239.7733 -326.6461 -312.0533 -351.3894 -384.0403 -397.4742 -449.2351 -434.0712 -421.891 -415.5376 -352.4405 -413.054 -417.7477
162.2051 158.7749 164.8729 174.5782 177.2025 179.6534 181.0743 188.3346 181.7619 182.0667 182.023 182.5014 182.8812 190.0276 194.0825 195.2848 197.0853 199.7878 212.9199 221.9713 216.449 201.8044 191.849 182.1004 178.1649 175.977 174.1997 172.3024 165.5976 158.515 130.298 95.69449 99.34005 222.3666 218.47 220.4382 161.1072 115.9693 42.65487 54.07243 66.25983 62.78027 -38.86748 -123.7778 -154.7949 -140.4458 -181.1999 -300.1519 -261.8152 -306.1762 -363.2714 -362.4796 -389.9424 -406.7021 -426.588 -445.1184 -454.5466 -450.7005 -430.1599 -379.1287 -401.2357 -404.073
157.3045 156.3475 163.848 170.1373 171.4472 172.0257 180.1272 182.8678 181.1496 181.3758 181.3458 181.6696 182.0969 184.269 185.3232 186.4949 196.3783 200.2596 212.7907 224.7426 222.219 200.7045 190.3724 181.4265 177.5013 174.6666 172.8503 170.4641 167.5629 163.3275 147.5263 120.2227 138.7765 225.9988 268.9561 241.6061 227.7414 148.2818 -37.67755 -34.5908 52.42543 71.61666 -50.30561 -163.9345 -182.6007 -178.1471 -238.9305 -309.9196 -413.2036 -418.6936 -374.1073 -379.7865 -427.3603 -439.092 -436.5176 -453.3483 -455.8634 -439.6974 -376.4117 -343.744 -385.4078 -411.7424
157.9604 161.6948 165.2668 167.4352 168.1169 168.7759 179.5339 180.1175 181.9973 187.1994 187.323 184.2257 181.219 181.5407 182.0044 182.9305 193.992 190.7429 203.5048 216.0892 217.9331 201.8803 196.4818 202.4835 200.8139 197.3756 171.9304 180.3101 170.3577 165.5683 154.0188 138.8852 125.8082 132.5923 127.1945 152.8815 217.7195 175.4261 113.779 -48.11194 -38.61716 7.345274 -113.3875 -215.1246 -217.9174 -241.7743 -316.6749 -284.514 -311.9762 -446.7035 -401.899 -446.5421 -433.6964 -387.4982 -435.5519 -429.552 -406.543 -395.1127 -363.343 -326.4073 -422.1286 -474.7652
161.9927 165.5517 166.1899 166.9434 167.601 172.8892 179.0273 179.5024 180.9128 184.8203 184.7733 185.2376 185.9512 182.3297 180.7666 186.5747 192.2134 190.7786 203.9382 221.0514 245.6253 234.0226 211.7003 217.3198 221.8792 212.2663 178.9856 166.1861 192.5781 192.3846 159.613 150.5819 147.1855 163.013 185.6536 171.3394 218.5558 185.1086 100.0701 -30.72465 -35.21151 -9.502585 -62.74847 -89.53268 -98.54313 -122.3544 -236.959 -263.1216 -317.7304 -421.3818 -399.0906 -352.4977 -412.9768 -475.0946 -443.4203 -421.191 -406.0284 -380.7513 -366.8678 -305.7306 -407.559 -479.462
164.6275 165.1832 165.8115 166.4859 167.0657 176.9545 178.4088 178.8704 179.1178 179.3877 179.4357 182.2996 185.2718 184.6727 184.5306 189.5481 191.0254 197.4941 210.5911 228.5909 273.424 320.2834 313.3067 319.4727 344.9974 314.6038 231.8362 185.2153 269.5891 253.5445 208.1097 195.1291 189.7075 195.9972 242.5732 194.5435 168.6841 147.1029 59.14227 -27.89226 -42.72566 -1.252837 -38.12804 1.526299 -13.1265 -68.27943 -114.3871 -157.1903 -250.766 -311.0204 -285.9319 -316.887 -439.9601 -501.3831 -464.4189 -450.0304 -408.078 -370.3316 -348.4598 -296.7076 -391.0744 -400.8966
164.4452 164.9255 165.5335 166.0967 168.7033 176.5095 177.7148 178.458 180.7645 178.6837 178.7705 178.9874 181.0662 186.9981 191.8158 195.9735 197.2661 204.6022 213.7482 230.552 277.1808 367.1436 404.4207 413.2086 442.8241 406.911 271.7157 218.8551 271.0497 288.5616 302.0048 324.605 316.4688 254.7811 264.8751 257.1819 232.352 194.3483 63.19371 -12.34073 9.700885 38.99234 -10.1696 25.29871 3.119925 -54.90362 -95.19697 -124.6474 -214.5818 -227.4942 -241.0192 -331.8885 -493.0499 -524.259 -492.4679 -454.5726 -405.2649 -368.2021 -324.9417 -287.8617 -356.9502 -363.9126
164.7409 165.9826 166.6247 167.1381 174.5765 176.5699 177.017 179.7655 186.2663 180.0218 180.2104 180.5393 186.442 190.9415 196.4255 205.0434 208.9422 209.1324 211.818 231.0525 270.4767 340.2403 408.1643 437.3644 452.9883 428.9928 326.5479 250.6664 228.2841 299.1656 372.7723 413.3269 396.6602 323.0235 308.9243 324.21 328.8709 282.8247 129.5193 37.77573 41.71516 61.76384 38.56904 33.00003 -8.613606 -61.0062 -87.29375 -62.92027 -154.0681 -165.5365 -244.3729 -343.4924 -440.5012 -484.5996 -440.9508 -424.9258 -466.0543 -364.4653 -285.4523 -257.8205 -290.7929 -243.1034
168.2384 174.6034 175.0745 175.6427 175.924 176.4262 176.9199 186.7551 187.9373 188.4474 188.2462 188.3587 194.1056 198.0214 197.8961 199.3159 209.4716 208.9095 214.3832 242.362 281.9094 329.0579 384.9602 446.2242 448.7973 419.4076 411.0975 321.3458 284.6731 317.5333 375.0469 394.944 369.3167 340.175 334.2288 330.8368 359.7089 334.4121 243.3696 144.5555 93.832 103.6662 76.35817 41.20258 -20.83259 -67.10748 -62.88339 -43.59425 -107.8939 -161.2231 -242.7794 -313.6675 -390.1675 -423.2063 -400.9244 -419.0701 -519.289 -377.0879 -293.1291 -277.6781 -311.6317 -274.032
173.0703 174.1834 174.4841 181.2662 184.5698 184.9861 185.4598 186.8765 196.2836 196.733 193.4715 191.726 197.5301 197.516 198.0064 206.5311 217.8549 208.9146 232.715 278.5414 322.2153 358.1346 374.829 426.5164 415.6646 379.2567 391.1072 449.7328 427.6994 340.5814 346.3192 375.7088 346.4125 296.0922 269.6253 271.6525 314.4055 319.3869 329.1285 268.7488 189.3118 170.7768 67.2858 32.64091 -36.70556 -66.16284 -42.89212 -58.10086 -112.9719 -188.8564 -230.7579 -274.1462 -339.2204 -362.0872 -361.9489 -390.9152 -482.8069 -389.4821 -302.0934 -280.3254 -344.3788 -391.4732
181.2019 181.7247 182.1681 184.0533 185.0021 192.5402 194.0292 194.4473 197.6056 205.1958 201.9386 196.1298 197.0771 202.8555 206.7553 214.7545 226.0353 217.2432 241.7052 304.2191 360.4816 332.3199 334.9262 352.6998 369.9872 357.5016 388.1366 460.7067 432.671 398.797 343.3157 361.1893 318.6637 261.0329 232.6846 221.8797 210.5999 235.4387 284.0723 322.6567 236.5095 188.3833 33.0002 24.05364 -39.37259 -56.81281 -29.25494 -43.19654 -141.9163 -195.5932 -217.1277 -250.8487 -253.1664 -278.5284 -291.2526 -315.6765 -374.0268 -381.4345 -361.6753 -328.9959 -378.8031 -448.4273
183.2128 183.6723 188.0036 186.7472 190.1433 194.7172 195.5038 196.1005 203.7 206.3381 205.595 204.0355 204.2841 206.0746 213.0497 229.7684 235.4039 225.6693 249.1514 295.6516 314.8448 296.8458 300.6927 322.5417 324.9469 334.9883 413.0286 448.7083 444.9333 414.5795 374.1678 371.7762 345.0843 286.0348 202.0934 146.8237 165.2305 136.6883 187.5434 326.2123 313.7141 208.2351 67.89665 99.65647 42.36702 -22.98374 4.238211 -36.16407 -135.7467 -172.3114 -190.1524 -212.2484 -184.6751 -177.2243 -221.1144 -254.6863 -311.5051 -374.9087 -467.309 -461.3824 -429.4547 -441.8991
183.0872 186.2346 192.0181 187.6321 192.1835 194.8556 195.233 201.7314 205.8387 207.4777 210.36 208.7779 209.5963 210.6924 220.9071 234.5719 243.1423 233.8515 247.6142 268.5316 276.0058 266.3552 277.7573 296.3186 300.622 330.8391 411.1971 464.5269 456.9936 430.5439 420.4387 403.0708 359.8933 309.419 224.062 145.7543 148.5825 116.2863 164.4698 275.4072 281.7613 268.5698 243.2739 224.4928 142.3922 71.78488 8.99937 -55.92786 -68.26542 -121.5847 -144.8394 -165.2789 -183.3644 -157.0112 -216.7609 -273.0179 -365.8219 -409.8785 -490.6621 -547.1913 -451.4747 -473.3155
182.9347 188.0805 193.6939 190.5047 193.0447 194.65 195.0428 200.4758 205.5981 206.7085 208.943 209.7831 211.1523 212.1851 223.4896 234.4015 240.0579 241.9311 246.0229 251.7672 259.941 255.4618 258.628 275.2928 291.9852 336.5528 394.109 467.1317 461.2262 457.309 444.0152 420.7986 373.8842 298.7299 244.3673 201.5714 168.9293 99.77045 132.9474 222.3814 148.5971 90.85975 150.5548 138.4605 110.4029 90.60175 13.32145 -58.64104 -62.89013 -85.72324 -137.7828 -148.3354 -150.7665 -143.4335 -213.6003 -274.167 -312.8982 -413.7423 -486.2446 -500.9412 -415.6033 -506.6653
183.8704 189.4682 193.4942 193.8255 194.162 194.4273 194.8208 195.1655 204.8393 202.0576 204.2238 205.1427 208.5668 208.9056 217.9562 228.7496 231.0712 236.0794 240.8907 246.4131 251.6063 250.8205 251.6848 265.0815 285.0205 323.4556 364.1529 436.8349 444.6587 451.3349 443.342 404.0219 358.9934 311.8678 287.0701 260.6281 213.0783 144.1657 118.479 146.6156 70.07036 -1.390336 46.58614 29.68678 18.42916 13.58308 10.35497 -19.18409 -54.31955 -91.65356 -137.272 -149.1399 -167.6803 -159.5629 -188.7982 -232.4122 -298.7481 -409.3705 -499.6818 -448.9601 -477.0194 -499.9655
186.0367 192.9077 193.3381 193.6067 193.9056 194.1264 194.5133 194.6896 201.4255 196.3501 201.2014 200.8544 206.5868 208.3674 212.7314 220.0966 224.7561 221.9368 231.5962 241.5603 242.2171 241.6769 244.9526 258.5329 281.1454 323.3997 347.4074 408.9592 420.5064 444.1391 433.1133 398.6533 358.0775 338.0489 324.032 290.2934 229.2366 142.2525 85.75082 43.57639 20.47704 -38.0692 -34.5711 -56.62855 -36.91949 -18.30533 -11.30958 -12.35562 -45.43091 -92.84366 -115.6748 -119.4739 -131.7814 -141.9084 -173.2133 -232.147 -357.9356 -443.2893 -546.0895 -458.8682 -499.9597 -501.2982
185.8373 192.9649 193.2461 193.4345 193.6859 193.869 192.9531 192.6928 192.884 192.9515 195.686 203.0322 207.3856 212.7296 215.6013 217.5743 222.0457 217.7283 224.7554 234.9008 234.8854 230.7319 233.9891 253.5381 283.2489 345.2181 364.0093 401.5707 411.9405 452.7631 434.3591 413.0802 382.8163 365.2039 348.0174 287.8127 211.9654 135.3055 61.53267 -8.398665 -15.9736 -43.34578 -66.48692 -69.44206 -38.28606 -36.11631 -31.48391 -43.16616 -65.33874 -134.7998 -157.6033 -157.5268 -151.4104 -156.6543 -173.3964 -236.3881 -367.8098 -422.0285 -496.0019 -467.0044 -503.9993 -487.1336
186.037 192.9805 193.2374 193.3968 193.5167 193.4415 184.839 183.5842 183.9988 184.0132 187.0371 193.9196 197.8855 202.8387 215.4197 223.7624 216.8909 222.847 226.1628 233.2769 231.7688 225.5183 234.6607 257.3649 287.3783 355.2375 395.3849 404.707 420.7598 467.1159 456.2143 425.3885 408.5402 386.9405 362.5743 284.2486 205.7087 151.6368 70.29004 3.632949 -14.67397 -30.64367 -52.57113 -55.75755 -38.91294 -50.80601 -44.82467 -62.65493 -82.57719 -179.0952 -175.0139 -185.303 -236.9677 -234.1868 -214.6368 -240.817 -313.5583 -376.5085 -396.5177 -453.6996 -445.965 -485.9898
191.5768 192.805 188.4907 184.2593 184.3154 183.9091 183.522 183.8654 183.5648 185.5119 193.5835 193.3638 193.1653 193.3968 199.8664 211.293 214.0873 215.0244 234.2624 224.0263 224.5489 227.4274 242.5914 261.5463 290.6998 346.5156 395.1109 411.6427 426.5359 487.4342 481.9944 437.3541 423.4571 398.2371 365.307 301.4029 231.4825 155.3872 86.6661 27.37049 24.69087 -14.38468 -26.07052 -45.70945 -39.03067 -27.63053 -19.94057 -27.84103 -73.10168 -162.2143 -145.6035 -168.1056 -290.1746 -287.5298 -242.0181 -235.8248 -263.6362 -344.2761 -356.1531 -464.094 -415.7453 -517.3264
186.8241 189.1422 187.6213 186.2651 183.2412 183.1996 183.4303 183.6479 184.2751 192.5518 195.9557 202.0653 202.3566 202.4218 197.8781 195.1293 202.7018 213.2925 216.0199 215.2867 223.8176 226.5969 241.7077 265.6451 289.4908 312.7213 355.0085 385.035 444.2614 487.8707 485.9736 472.3731 449.0735 404.0952 365.0603 307.174 229.1868 144.9348 79.17227 37.97568 49.15042 7.971406 -2.597469 13.87899 30.74715 46.31814 48.71276 32.39101 -52.26939 -86.72439 -118.082 -139.5261 -240.0564 -252.5304 -229.1454 -234.8378 -265.8978 -323.1342 -373.9037 -508.5007 -434.7589 -523.1011
184.9195 190.7374 187.5143 184.1973 182.8982 182.8933 183.0681 183.3966 184.0041 193.872 196.1545 203.8378 204.1284 208.2124 211.1052 204.4087 197.039 189.6673 196.8397 213.9678 223.8555 222.1175 236.1234 289.7568 305.735 307.5293 350.3044 413.5439 474.0437 481.8176 470.795 456.3256 430.1498 383.6407 367.6687 321.0362 232.545 154.1987 111.0176 55.02095 82.77225 89.73958 82.04411 147.1612 137.1526 111.7217 70.60434 26.29528 -50.67405 -40.85947 -117.8492 -129.1781 -172.0473 -214.192 -240.2758 -266.0935 -305.7453 -318.7158 -407.3186 -542.5469 -464.757 -493.9287
183.3495 188.8387 187.5973 182.6005 182.5385 178.2969 181.9913 183.308 183.743 194.6507 201.062 204.0411 204.1794 209.5205 215.1851 217.543 215.6316 199.0888 192.7089 199.179 217.3418 223.153 234.8676 280.8271 322.5706 351.7481 388.2802 438.7747 488.6485 465.2294 452.0015 464.7544 452.1412 405.7273 339.4571 267.3733 242.272 205.5766 202.0235 183.4245 185.4179 169.1088 162.2508 148.7211 133.6846 112.4886 75.81755 15.4266 -72.46713 -93.07629 -158.9501 -161.4065 -282.3172 -329.8737 -327.742 -317.4497 -337.2758 -366.7949 -466.405 -540.229 -476.3389 -488.5266
182.118 184.4599 185.4507 182.47 182.4087 178.5667 181.9935 187.6704 188.4175 194.4352 198.936 200.323 203.9854 206.5249 212.5267 222.1936 225.9129 222.1434 211.4331 204.9173 213.9216 224.4415 234.2757 258.6648 311.0464 381.3236 455.8698 460.5899 458.691 427.9621 442.1478 475.3988 410.6781 356.6713 327.6233 297.3735 278.4238 279.7332 283.7227 256.3113 252.0443 159.3154 47.44905 31.5853 3.954843 -41.5758 -55.29457 -61.83039 -114.6893 -135.1474 -181.7225 -195.2663 -286.5491 -334.6093 -305.1149 -317.4571 -340.4469 -370.0373 -452.8989 -558.6399 -454.3936 -461.1054
182.3507 182.6031 184.1045 185.6718 183.664 180.1185 182.1897 188.9893 189.7671 193.8389 193.7258 195.4414 201.3825 206.1709 212.3267 222.4479 229.9668 235.5135 234.683 234.2142 227.3793 223.7816 231.4517 246.1324 291.7164 385.8195 469.4764 432.6757 401.3499 407.3348 424.5486 424.004 384.5718 366.6801 336.3344 291.8365 264.8842 295.2097 303.429 271.8531 240.3059 106.8103 32.16814 -0.3431953 -47.42146 -59.47179 -63.87594 -120.4326 -160.816 -144.9068 -126.6291 -151.0064 -229.3018 -321.9297 -327.4475 -343.1927 -333.3546 -313.8647 -348.0968 -416.2052 -538.9738 -442.0366
184.0795 182.8952 187.2821 192.4492 186.2101 177.0727 181.3526 183.1085 183.401 193.8469 194.2911 196.6717 198.4583 205.8263 213.4829 220.2907 230.394 236.3495 246.0544 261.3942 244.0409 233.7447 232.8542 246.9166 279.6185 352.3142 396.1595 363.6617 345.8271 405.4273 419.7967 399.1182 381.4825 328.1321 290.4143 240.5562 206.6216 234.0446 219.2867 200.4459 170.5146 68.91856 12.2533 -40.00063 -62.07599 -64.49709 -94.56658 -128.5435 -139.5561 -112.9307 -98.7196 -142.529 -217.5545 -256.8853 -303.42 -340.5268 -335.793 -386.0848 -457.1801 -475.9552 -439.9976 -441.7613
190.3049 183.9059 188.0831 192.3473 186.0411 182.4754 182.9109 183.1698 183.5252 193.8335 197.1015 204.6432 202.9618 200.3929 209.4511 215.9122 223.2942 234.3137 244.2503 266.1078 255.0621 260.6861 247.5443 259.8634 281.1185 315.7715 347.3732 355.8326 355.1318 412.997 422.8603 412.2184 382.6573 303.4524 269.6403 219.257 172.9139 146.1252 101.2379 88.20149 70.68004 44.68896 -9.967218 -62.60017 -66.70523 -60.08601 -90.42458 -109.3469 -104.5576 -88.54729 -96.31097 -137.7658 -191.5214 -232.8153 -289.0769 -327.3723 -339.6867 -428.7482 -511.9101 -480.8486 -424.6759 -430.8072
192.7166 192.803 193.0447 187.8451 182.7364 182.5985 182.9632 183.2663 184.0059 194.6337 203.8857 206.8651 214.3081 210.2446 210.1921 221.2042 225.9392 233.5822 236.3607 257.949 278.217 284.4897 271.8461 288.1149 304.6871 334.3839 420.3242 446.8517 426.57 422.6385 413.0961 393.9917 368.8816 332.4092 289.8809 230.0276 169.4768 85.91392 31.90093 18.91677 -2.766007 10.58202 -24.51001 -53.33399 -63.57607 -60.21116 -80.62097 -94.99867 -86.43807 -106.0548 -138.1514 -177.639 -222.041 -270.5171 -271.9158 -301.7983 -332.6539 -422.0395 -530.8393 -474.3334 -444.5771 -412.33
