Dropbox/GRP Data/GRP mammal paper/NN_analysis/DATA/2014 input files/ss_h_bio_5.asc
ncols         211
nrows         307
xllcorner     27099.1390263
yllcorner     -314514.2499113
cellsize      821.1860311
NODATA_value  -9999
[rows 196 to 223 of 307, columns 0 to 63 of 211]
-9999 -9999 -9999 -9999 -9999 -9999 -9999 -9999 -9999 -9999 -9999 -9999 -9999 -9999 -9999 -9999 -9999 -9999 -9999 -9999 -9999 -9999 -9999 -9999 -9999 -9999 -9999 3856.383 3852.361 3850.403 3848.641 3849.186 3854.336 3856.513 3860.131 3859.711 3858.693 3854.507 3848.12 3833.206 3834.963 3837.785 3835.917 3834.127 3825.143 3821.147 3819.606 3818.304 3816.756 3815.598 3814.352 3813.06 3811.375 3810.088 3809.514 3808.775 3817.789 3817.712 3816.596 3816.153 3812.269 3804.976 3804.62 3804.32
-9999 -9999 -9999 -9999 -9999 -9999 -9999 -9999 -9999 -9999 -9999 -9999 -9999 -9999 -9999 -9999 -9999 -9999 -9999 -9999 -9999 -9999 -9999 -9999 -9999 -9999 -9999 3855.418 3847.517 3844.703 3841.672 3840.328 3849.566 3855.993 3863.063 3861.716 3851.466 3847.697 3841.483 3841.504 3833.996 3837.778 3835.76 3833.905 3830.117 3828.111 3818.841 3817.809 3816.558 3815.239 3814.192 3813.117 3811.634 3810.442 3809.473 3808.609 3808.313 3817.526 3809.384 3813.926 3806.181 3804.776 3804.193 3803.755
-9999 -9999 -9999 -9999 -9999 -9999 -9999 -9999 -9999 -9999 -9999 -9999 -9999 -9999 -9999 -9999 -9999 -9999 -9999 -9999 -9999 -9999 -9999 -9999 -9999 -9999 -9999 3855.365 3847.645 3843.193 3843.825 3840.886 3843.55 3853.634 3862.729 3861.637 3854.249 3846.264 3847.948 3847.026 3837.402 3837.58 3835.528 3833.728 3831.776 3824.092 3818.67 3817.345 3816.455 3815.086 3814.08 3813.043 3811.685 3810.373 3809.287 3807.612 3806.419 3817.364 3807.142 3807.781 3804.979 3804.477 3803.967 3803.444
-9999 -9999 -9999 -9999 -9999 -9999 -9999 -9999 -9999 -9999 -9999 -9999 -9999 -9999 -9999 -9999 -9999 -9999 -9999 -9999 -9999 -9999 -9999 -9999 -9999 -9999 -9999 3854.256 3847.819 3846.661 3847.256 3844.381 3844.638 3853.08 3862.106 3861.143 3858.299 3855.729 3852.281 3844.597 3839.294 3837.296 3835.249 3833.452 3831.617 3825.897 3818.576 3817.114 3816.107 3814.776 3813.944 3812.931 3814.866 3812.396 3809.18 3807.194 3806.136 3809.862 3806.647 3805.934 3805.047 3804.177 3803.551 3802.984
-9999 -9999 -9999 -9999 -9999 -9999 -9999 -9999 -9999 -9999 -9999 -9999 -9999 -9999 -9999 -9999 -9999 -9999 -9999 -9999 -9999 -9999 -9999 -9999 -9999 -9999 -9999 -9999 3846.438 3848.751 3846.14 3843.457 3847.259 3856.289 3861.902 3863.915 3861.804 3856.705 3847.731 3840.903 3838.925 3836.931 3835.001 3833.202 3831.488 3829.652 3818.531 3816.924 3815.695 3814.439 3813.563 3812.596 3814.238 3815.15 3810.526 3807.311 3806.053 3805.571 3806.429 3805.738 3804.819 3803.718 3803.06 3802.475
-9999 -9999 -9999 -9999 -9999 -9999 -9999 -9999 -9999 -9999 -9999 -9999 -9999 -9999 -9999 -9999 -9999 -9999 -9999 -9999 -9999 -9999 -9999 -9999 -9999 -9999 -9999 -9999 3849.417 3847.212 3844.744 3842.261 3847.701 3858.778 3863.88 3864.028 3861.481 3844.552 3842.467 3840.384 3838.435 3836.521 3836.59 3836.161 3832.086 3829.489 3818.422 3816.742 3815.447 3814.189 3813.114 3812.074 3811.296 3814.075 3810.776 3807.427 3806.188 3805.618 3805.632 3805.381 3804.222 3803.235 3802.508 3801.919
-9999 -9999 -9999 -9999 -9999 -9999 -9999 -9999 -9999 -9999 -9999 -9999 -9999 -9999 -9999 -9999 -9999 -9999 -9999 -9999 -9999 -9999 -9999 -9999 -9999 -9999 -9999 -9999 3847.452 3845.344 3843.096 3840.821 3851.071 3854.104 3867.771 3852.837 3847.816 3845.095 3841.826 3839.853 3837.966 3836.167 3840.297 3842.739 3833.432 3829.272 3818.23 3816.61 3815.306 3813.957 3812.848 3811.66 3810.897 3810.119 3808.863 3807.336 3806.324 3805.621 3807.918 3805.067 3803.646 3802.886 3802.02 3801.358
-9999 -9999 -9999 -9999 -9999 -9999 -9999 -9999 -9999 -9999 -9999 -9999 -9999 -9999 -9999 -9999 -9999 -9999 -9999 -9999 -9999 -9999 -9999 -9999 -9999 -9999 -9999 -9999 -9999 3843.421 3841.603 3839.589 3849.755 3853.053 3866.102 3867.274 3855.101 3852.077 3841.715 3839.695 3837.37 3835.748 3839.815 3842.346 3833.915 3829.15 3818.055 3816.251 3815.073 3813.79 3812.589 3811.495 3810.633 3809.672 3808.6 3808.554 3808.01 3805.356 3815.2 3804.968 3803.329 3802.58 3801.695 3800.887
-9999 -9999 -9999 -9999 -9999 -9999 -9999 -9999 -9999 -9999 -9999 -9999 -9999 -9999 -9999 -9999 -9999 -9999 -9999 -9999 -9999 -9999 -9999 -9999 -9999 -9999 -9999 -9999 -9999 3850.283 3852.514 3855.558 3854.862 3851.616 3857.356 3857.465 3854.198 3852.289 3849.848 3845.253 3836.815 3835.167 3839.136 3841.923 3840.279 3830.352 3817.863 3815.967 3814.851 3813.569 3812.368 3811.294 3810.293 3809.43 3807.946 3814.245 3815.355 3805.439 3814.988 3804.713 3803.257 3802.15 3801.313 3800.472
-9999 -9999 -9999 -9999 -9999 -9999 -9999 -9999 -9999 -9999 -9999 -9999 -9999 -9999 -9999 -9999 -9999 -9999 -9999 -9999 -9999 -9999 -9999 -9999 -9999 -9999 -9999 -9999 -9999 3849.401 3852.064 3855.941 3854.161 3850.137 3862.01 3856.338 3853.187 3851.459 3848.03 3838.835 3839.116 3843.11 3837.565 3838.441 3833.619 3828.868 3825.85 3815.741 3814.675 3813.15 3812.119 3811.137 3810.139 3809.276 3807.812 3807.051 3806.25 3804.988 3814.875 3804.316 3802.784 3801.98 3801.061 3799.952
-9999 -9999 -9999 -9999 -9999 -9999 -9999 -9999 -9999 -9999 -9999 -9999 -9999 -9999 -9999 -9999 -9999 -9999 -9999 -9999 -9999 -9999 -9999 -9999 -9999 -9999 -9999 -9999 -9999 3856.335 3859.729 3858.999 3853.205 3857.837 3859.28 3854.633 3852.445 3850.417 3848.081 3844.067 3843.533 3843.953 3837.07 3827.799 3822.748 3827.015 3826.641 3823.413 3822.149 3820.901 3819.95 3815.827 3809.982 3809.073 3807.515 3806.403 3812.82 3805.154 3814.549 3804.632 3809.219 3801.664 3800.814 3799.93
-9999 -9999 -9999 -9999 -9999 -9999 -9999 -9999 -9999 -9999 -9999 -9999 -9999 -9999 -9999 -9999 -9999 -9999 -9999 -9999 -9999 -9999 -9999 -9999 -9999 -9999 -9999 -9999 -9999 -9999 3862.703 3862.462 3861.056 3863.849 3861.419 3853.77 3851.478 3849.399 3847.626 3846.069 3844.633 3843.293 3836.638 3828.233 3820.931 3826.227 3826.413 3825.217 3823.974 3822.681 3819.739 3815.286 3816.815 3815.9 3814.563 3813.41 3814.909 3805.088 3814.34 3803.359 3804.133 3801.314 3800.423 3799.686
-9999 -9999 -9999 -9999 -9999 -9999 -9999 -9999 -9999 -9999 -9999 -9999 -9999 -9999 -9999 -9999 -9999 -9999 -9999 -9999 -9999 -9999 -9999 -9999 -9999 -9999 -9999 -9999 -9999 -9999 3861.037 3862.957 3866.382 3864.94 3863.497 3857.305 3850.454 3848.306 3846.739 3845.352 3844.033 3842.769 3836.189 3830.098 3825.327 3826.756 3826.186 3824.763 3823.649 3822.364 3820.203 3815.733 3816.505 3818.643 3817.273 3816.058 3813.675 3807.185 3808.111 3802.856 3801.957 3800.984 3800.169 3799.412
-9999 -9999 -9999 -9999 -9999 -9999 -9999 -9999 -9999 -9999 -9999 -9999 -9999 -9999 -9999 -9999 -9999 -9999 -9999 -9999 -9999 -9999 -9999 -9999 -9999 -9999 -9999 -9999 -9999 -9999 3859.371 3861.224 3864.859 3863.549 3862.261 3857.67 3849.275 3847.208 3845.926 3844.713 3843.477 3840.563 3833.819 3829.605 3828.248 3827.132 3825.857 3824.405 3823.23 3822.093 3821.15 3818.322 3814.321 3816.218 3813.838 3814.59 3812.461 3808.422 3804.255 3802.565 3800.569 3795.302 3794.355 3796.134
-9999 -9999 -9999 -9999 -9999 -9999 -9999 -9999 -9999 -9999 -9999 -9999 -9999 -9999 -9999 -9999 -9999 -9999 -9999 -9999 -9999 -9999 -9999 -9999 -9999 -9999 -9999 -9999 -9999 -9999 -9999 3860.691 3862.099 3861.557 3861.152 3851.091 3850.228 3848.916 3847.479 3844.111 3842.885 3837.365 3830.304 3828.983 3827.713 3826.648 3822.646 3820.781 3822.759 3821.807 3820.853 3819.923 3816.154 3815.027 3812.614 3811.215 3811.444 3808.273 3803.919 3802.195 3799.444 3790.406 3789.499 3791.254
-9999 -9999 -9999 -9999 -9999 -9999 -9999 -9999 -9999 -9999 -9999 -9999 -9999 -9999 -9999 -9999 -9999 -9999 -9999 -9999 -9999 -9999 -9999 -9999 -9999 -9999 -9999 -9999 -9999 -9999 -9999 3863.172 3857.039 3858.285 3860.155 3851.316 3856.507 3855.706 3853.452 3844.632 3842.064 3836.594 3829.457 3828.219 3827.099 3826.178 3816.222 3813.505 3822.399 3821.481 3820.485 3819.566 3818.68 3817.458 3816.229 3810.073 3810.585 3808.049 3803.613 3801.637 3796.724 3790.057 3789.13 3788.222
-9999 -9999 -9999 -9999 -9999 -9999 -9999 -9999 -9999 -9999 -9999 -9999 -9999 -9999 -9999 -9999 -9999 -9999 -9999 -9999 -9999 -9999 -9999 -9999 -9999 -9999 -9999 -9999 -9999 -9999 -9999 3861.801 3860.878 3859.998 3858.962 3857.15 3856.204 3854.996 3853.888 3850.531 3841.464 3835.673 3829.05 3828.32 3826.812 3825.546 3815.734 3812.974 3822.05 3821.088 3819.934 3818.045 3816.981 3815.752 3815.37 3814.857 3810.814 3807.196 3803.342 3800.978 3792.198 3789.715 3788.651 3787.637
-9999 -9999 -9999 -9999 -9999 -9999 -9999 -9999 -9999 -9999 -9999 -9999 -9999 -9999 -9999 -9999 -9999 -9999 -9999 -9999 -9999 -9999 -9999 -9999 -9999 -9999 -9999 -9999 -9999 -9999 -9999 3860.401 3859.663 3858.753 3857.817 3856.32 3855.078 3854.113 3852.89 3851.621 3844.212 3829.594 3832.737 3836.64 3829.201 3824.996 3815.439 3812.602 3821.5 3820.631 3817.445 3808.945 3807.867 3806.569 3811.431 3814.174 3805.73 3803.64 3802.728 3801.096 3798.654 3789.375 3788.402 3787.072
-9999 -9999 -9999 -9999 -9999 -9999 -9999 -9999 -9999 -9999 -9999 -9999 -9999 -9999 -9999 -9999 -9999 -9999 -9999 -9999 -9999 -9999 -9999 -9999 -9999 -9999 -9999 -9999 -9999 -9999 -9999 -9999 3866.271 3860.291 3862.257 3856.34 3854.052 3853.128 3851.009 3840.976 3832.313 3831.963 3836.551 3836.365 3828.727 3824.416 3822.339 3812.615 3812.649 3820.278 3819.205 3814.718 3807.304 3805.912 3805.47 3804.649 3802.063 3803.136 3801.9 3800.868 3798.53 3789.072 3788.224 3786.818
-9999 -9999 -9999 -9999 -9999 -9999 -9999 -9999 -9999 -9999 -9999 -9999 -9999 -9999 -9999 -9999 -9999 -9999 -9999 -9999 -9999 -9999 -9999 -9999 -9999 -9999 -9999 -9999 -9999 -9999 -9999 -9999 3867.363 3864.12 3864.079 3861.245 3859.854 3852.201 3850.811 3845.158 3836.246 3836.4 3836.864 3835.816 3828.321 3824 3823.076 3812.5 3810.795 3819.582 3818.679 3814.842 3809.999 3809.609 3804.586 3803.009 3798.642 3802.372 3801.752 3800.772 3798.385 3788.885 3787.932 3786.432
-9999 -9999 -9999 -9999 -9999 -9999 -9999 -9999 -9999 -9999 -9999 -9999 -9999 -9999 -9999 -9999 -9999 -9999 -9999 -9999 -9999 -9999 -9999 -9999 -9999 -9999 -9999 -9999 -9999 -9999 -9999 -9999 3860.358 3862.819 3863.785 3862.931 3862.011 3857.024 3850.274 3847.395 3838.404 3837.407 3836.232 3835.297 3831.816 3824.871 3822.244 3817.916 3810.117 3813.413 3818.376 3816.568 3814.57 3810.385 3804.242 3801.85 3797.503 3802.009 3801.507 3800.521 3798.252 3790.327 3795.248 3790.742
-9999 -9999 -9999 -9999 -9999 -9999 -9999 -9999 -9999 -9999 -9999 -9999 -9999 -9999 -9999 -9999 -9999 -9999 -9999 -9999 -9999 -9999 -9999 -9999 -9999 -9999 -9999 -9999 -9999 -9999 -9999 -9999 3856.739 3861.485 3862.766 3862.008 3861.115 3851.002 3844.665 3842.872 3837.756 3836.583 3835.467 3834.578 3833.645 3829.085 3822.461 3820.632 3809.603 3809.961 3818.131 3817.322 3816.222 3812.854 3806.451 3801.309 3797.198 3801.369 3801.204 3800.316 3798.881 3795.542 3795.444 3788.116
-9999 -9999 -9999 -9999 -9999 -9999 -9999 -9999 -9999 -9999 -9999 -9999 -9999 -9999 -9999 -9999 -9999 -9999 -9999 -9999 -9999 -9999 -9999 -9999 -9999 -9999 -9999 -9999 -9999 -9999 -9999 -9999 -9999 3864.509 3862.694 3861.061 3857.028 3843.011 3838.487 3837.847 3837.051 3835.772 3834.694 3833.864 3833.096 3829.212 3822.175 3820.259 3809.277 3809.498 3817.794 3816.986 3815.82 3814.601 3808.143 3801.973 3800.021 3801.448 3805.591 3800.098 3799.151 3798.185 3794.191 3785.759
-9999 -9999 -9999 -9999 -9999 -9999 -9999 -9999 -9999 -9999 -9999 -9999 -9999 -9999 -9999 -9999 -9999 -9999 -9999 -9999 -9999 -9999 -9999 -9999 -9999 -9999 -9999 -9999 -9999 -9999 -9999 -9999 -9999 3868.418 3863.664 3860.125 3850.247 3848.457 3837.607 3836.874 3836.143 3835.064 3834.067 3833.341 3832.537 3824.486 3820.741 3819.979 3812.262 3814.893 3817.475 3816.56 3815.507 3814.399 3811.722 3805.863 3803.303 3801.884 3809.959 3799.906 3798.94 3797.143 3791.044 3785.522
-9999 -9999 -9999 -9999 -9999 -9999 -9999 -9999 -9999 -9999 -9999 -9999 -9999 -9999 -9999 -9999 -9999 -9999 -9999 -9999 -9999 -9999 -9999 -9999 -9999 -9999 -9999 -9999 -9999 -9999 -9999 -9999 -9999 3870.316 3862.712 3859.135 3850.615 3847.77 3838.179 3836.335 3836.685 3835.995 3834.481 3832.798 3832.02 3824.206 3820.437 3819.706 3820.951 3827.237 3818.915 3816.179 3815.332 3814.177 3818.045 3811.306 3801.754 3801.223 3807.198 3799.76 3798.695 3795.902 3786.669 3785.302
-9999 -9999 -9999 -9999 -9999 -9999 -9999 -9999 -9999 -9999 -9999 -9999 -9999 -9999 -9999 -9999 -9999 -9999 -9999 -9999 -9999 -9999 -9999 -9999 -9999 -9999 -9999 -9999 -9999 -9999 -9999 -9999 -9999 -9999 3861.855 3858.204 3857.623 3847.24 3845.347 3836.975 3844.571 3843.834 3838.759 3832.704 3831.857 3823.951 3820.641 3820.094 3828.468 3827.567 3824.14 3815.989 3815.486 3813.866 3816.591 3810.275 3796.123 3798.29 3800.256 3799.602 3796.824 3794.467 3786.452 3785.018
-9999 -9999 -9999 -9999 -9999 -9999 -9999 -9999 -9999 -9999 -9999 -9999 -9999 -9999 -9999 -9999 -9999 -9999 -9999 -9999 -9999 -9999 -9999 -9999 -9999 -9999 -9999 -9999 -9999 -9999 -9999 -9999 -9999 -9999 3849.424 3855.516 3856.892 3855.246 3845.135 3843.875 3843.977 3843.22 3842.043 3841.088 3834.831 3823.382 3827.167 3828.582 3827.593 3826.129 3816.224 3817.383 3820.884 3813.177 3809.07 3804.421 3795.212 3791.129 3798.738 3799.195 3788.596 3787.577 3785.826 3784.861
-9999 -9999 -9999 -9999 -9999 -9999 -9999 -9999 -9999 -9999 -9999 -9999 -9999 -9999 -9999 -9999 -9999 -9999 -9999 -9999 -9999 -9999 -9999 -9999 -9999 -9999 -9999 -9999 -9999 -9999 -9999 -9999 -9999 -9999 3847.04 3848.174 3848.033 3847.518 3852.608 3850.971 3843.336 3845.287 3846.735 3841.32 3839.777 3837.397 3830.812 3828.2 3827.469 3826.121 3817.221 3823.926 3820.772 3812.711 3808.419 3798.47 3792.384 3791.289 3791.115 3790.309 3788.39 3787.302 3785.717 3784.702
