Dropbox/GRP Data/GRP mammal paper/NN_analysis/DATA/2014 input files/ss_h_bio_1.asc
ncols         211
nrows         307
xllcorner     27099.1390263
yllcorner     -314514.2499113
cellsize      821.1860311
NODATA_value  -9999
[rows 39 to 77 of 307, columns 87 to 173 of 211]
305 142 92 99 100 90 59 44 12 11 118 253 83 -54 -81 -30 99 57 -97 -25 -40 -43 -127 -165 -187 -129 -52 -52 -72 -58 -189 -93 18 170 203 130 54 -94 -172 -93 -16 27 21 16 66 117 179 247 343 461 547 583 675 777 818 920 1087 1174 1229 1279 1326 -9999 -9999 -9999 -9999 -9999 -9999 -9999 -9999 -9999 -9999 -9999 -9999 -9999 -9999 -9999 -9999 -9999 -9999 -9999 -9999 -9999 -9999 -9999 -9999 -9999 -9999
241 137 109 118 150 115 66 35 31 4 47 255 199 -37 -82 -85 1 33 -13 -94 -80 -54 -133 -146 -202 -197 -94 -118 -144 -155 -184 -93 -2 91 85 74 46 -33 -249 -91 -28 -45 -89 -66 35 122 216 287 347 411 467 509 616 761 857 999 1075 1148 1203 1248 1302 -9999 -9999 -9999 -9999 -9999 -9999 -9999 -9999 -9999 -9999 -9999 -9999 -9999 -9999 -9999 -9999 -9999 -9999 -9999 -9999 -9999 -9999 -9999 -9999 -9999 -9999
238 147 123 179 182 117 90 59 28 -5 15 114 240 126 -79 -98 -127 -80 -32 -102 -84 -60 -130 -152 -198 -181 -130 -201 -237 -231 -190 -113 -54 28 21 51 41 -14 -216 -81 4 -27 -46 2 112 214 327 402 441 474 532 568 616 709 824 958 1005 1113 1164 1210 1268 1312 -9999 -9999 -9999 -9999 -9999 -9999 -9999 -9999 -9999 -9999 -9999 -9999 -9999 -9999 -9999 -9999 -9999 -9999 -9999 -9999 -9999 -9999 -9999 -9999 -9999
304 209 205 284 270 206 161 84 20 -7 -1 21 126 191 34 -95 -99 -94 -113 -122 -91 -105 -184 -220 -232 -142 -117 -172 -231 -108 -123 -141 -83 -23 -8 29 37 -105 -146 -42 61 119 147 162 229 273 345 483 577 604 645 658 683 737 821 899 975 1097 1139 1177 1233 1278 1300 -9999 -9999 -9999 -9999 -9999 -9999 -9999 -9999 -9999 -9999 -9999 -9999 -9999 -9999 -9999 -9999 -9999 -9999 -9999 -9999 -9999 -9999 -9999 -9999
393 330 308 352 276 186 130 61 16 -8 -1 -9 15 162 93 -56 -91 -87 -79 -106 -101 -103 -151 -171 -109 -59 -31 -85 -73 -17 23 -26 -96 -152 -163 -52 26 -128 -201 -82 -3 82 145 179 189 108 165 482 628 604 602 621 698 782 837 892 981 1074 1127 1155 1199 1243 1250 -9999 -9999 -9999 -9999 -9999 -9999 -9999 -9999 -9999 -9999 -9999 -9999 -9999 -9999 -9999 -9999 -9999 -9999 -9999 -9999 -9999 -9999 -9999 -9999
426 399 390 362 209 149 91 40 10 -9 -3 -20 -28 51 82 -41 -84 -127 -101 -101 -93 -84 -93 -116 -82 -54 19 16 44 109 163 70 41 -42 -152 -107 -22 -58 -199 -152 -107 39 127 102 -39 36 224 500 502 386 386 436 535 665 747 821 912 1014 1113 1140 1169 1203 1209 1194 -9999 -9999 -9999 -9999 -9999 -9999 -9999 -9999 -9999 -9999 -9999 -9999 -9999 -9999 -9999 -9999 -9999 -9999 -9999 -9999 -9999 -9999 -9999
420 409 429 344 165 165 100 39 19 16 -1 -33 -35 -14 50 -46 -80 -146 -184 -162 -167 -159 -156 -144 -116 -103 -1 46 113 194 311 251 64 -62 -121 -81 -26 -82 -277 -199 -152 -132 -119 -63 -61 47 270 488 406 152 141 263 452 610 717 820 852 974 1093 1127 1145 1168 1185 1176 -9999 -9999 -9999 -9999 -9999 -9999 -9999 -9999 -9999 -9999 -9999 -9999 -9999 -9999 -9999 -9999 -9999 -9999 -9999 -9999 -9999 -9999 -9999
428 426 437 350 211 226 147 56 63 57 7 -46 -35 -29 9 -42 -71 -169 -243 -207 -223 -166 -162 -155 -149 -164 -77 10 32 103 222 353 166 60 18 12 13 -25 -142 -242 -256 -231 -202 -58 100 192 279 226 210 62 134 333 528 678 745 804 849 938 1067 1113 1131 1164 1184 1196 1236 -9999 -9999 -9999 -9999 -9999 -9999 -9999 -9999 -9999 -9999 -9999 -9999 -9999 -9999 -9999 -9999 -9999 -9999 -9999 -9999 -9999 -9999
449 453 444 393 311 283 181 96 133 85 18 -51 -32 -44 -30 -36 -60 -181 -237 -195 -204 -116 -81 -109 -153 -179 -139 -52 -38 61 168 404 303 172 115 92 45 -50 -118 -197 -309 -317 -233 -58 89 128 214 116 -11 -46 124 316 467 543 657 788 851 913 1050 1099 1134 1172 1204 1218 1236 1337 -9999 -9999 -9999 -9999 -9999 -9999 -9999 -9999 -9999 -9999 -9999 -9999 -9999 -9999 -9999 -9999 -9999 -9999 -9999 -9999 -9999
499 473 434 384 371 284 151 177 191 94 34 -41 -28 -50 -35 -46 -57 -128 -172 -158 -163 -122 -22 -64 -143 -154 -149 -91 -60 46 198 433 353 156 98 90 46 -54 -77 -103 -213 -267 -235 -141 -31 -10 81 48 -150 -77 133 289 424 527 658 781 850 929 1024 1094 1134 1175 1217 1248 1246 1337 -9999 -9999 -9999 -9999 -9999 -9999 -9999 -9999 -9999 -9999 -9999 -9999 -9999 -9999 -9999 -9999 -9999 -9999 -9999 -9999 -9999
500 451 476 441 408 343 345 331 234 103 15 -9 -13 -24 -28 -36 -48 -49 -57 -105 -157 -145 -9 -46 -136 -129 -139 -85 -71 7 191 446 338 105 26 11 -4 -10 12 -13 -100 -153 -187 -216 -184 -135 -43 -30 -147 -5 137 242 367 498 649 758 823 939 1018 1087 1134 1174 1216 1262 1292 1336 1362 -9999 -9999 -9999 -9999 -9999 -9999 -9999 -9999 -9999 -9999 -9999 -9999 -9999 -9999 -9999 -9999 -9999 -9999 -9999 -9999
447 413 422 415 406 384 342 295 164 86 4 -18 12 15 -10 -35 -53 1 41 -10 -146 -150 39 51 -56 -82 -126 -65 24 154 194 443 392 168 18 -54 -72 15 79 75 -44 -64 -116 -173 -228 -235 -156 -124 -138 20 6 52 241 413 569 713 806 937 984 1064 1135 1180 1223 1273 1317 1340 1357 1385 -9999 -9999 -9999 -9999 -9999 -9999 -9999 -9999 -9999 -9999 -9999 -9999 -9999 -9999 -9999 -9999 -9999 -9999 -9999
348 288 365 355 406 384 339 266 138 45 6 24 65 53 3 0 -44 -2 42 43 -98 -142 23 146 102 -45 -120 -67 62 93 136 374 434 242 139 16 -21 67 193 195 99 43 -31 -19 -87 -240 -221 -170 -196 -91 -179 -143 125 354 525 681 793 934 991 1067 1135 1184 1224 1277 1328 1342 1354 1370 -9999 -9999 -9999 -9999 -9999 -9999 -9999 -9999 -9999 -9999 -9999 -9999 -9999 -9999 -9999 -9999 -9999 -9999 -9999
281 246 289 289 349 367 348 323 238 121 77 88 109 69 44 45 -21 -45 38 98 18 -86 -63 79 170 35 -75 -57 12 28 46 264 472 476 327 254 230 254 344 370 315 144 138 116 64 -57 -120 -109 -205 -218 -181 -80 150 395 578 679 777 936 1039 1092 1135 1184 1226 1281 1333 1343 1351 1362 1364 -9999 -9999 -9999 -9999 -9999 -9999 -9999 -9999 -9999 -9999 -9999 -9999 -9999 -9999 -9999 -9999 -9999 -9999
240 245 230 234 283 290 321 367 337 239 184 177 177 111 88 75 -4 -43 27 113 123 48 -33 58 234 153 46 -15 -15 61 125 313 445 569 501 482 484 467 403 335 349 196 91 -57 10 63 -64 -169 -222 -206 -47 82 244 437 563 639 761 941 1049 1097 1136 1184 1235 1290 1335 1343 1349 1363 1366 1359 -9999 -9999 -9999 -9999 -9999 -9999 -9999 -9999 -9999 -9999 -9999 -9999 -9999 -9999 -9999 -9999 -9999
222 232 212 211 237 208 245 324 365 324 269 192 185 139 117 83 19 -7 57 112 123 180 152 94 234 290 163 13 15 63 101 230 404 579 423 307 301 278 142 180 228 75 -7 -120 -64 29 -95 -209 -265 -195 -33 50 162 167 299 487 677 936 1048 1092 1130 1180 1237 1296 1337 1348 1347 1363 1362 1362 -9999 -9999 -9999 -9999 -9999 -9999 -9999 -9999 -9999 -9999 -9999 -9999 -9999 -9999 -9999 -9999 -9999
233 220 224 223 217 192 185 232 305 309 264 148 162 146 129 67 18 23 81 101 95 234 337 247 240 366 250 95 67 53 80 198 413 604 423 185 151 114 3 127 174 91 -7 -120 -121 -26 -109 -159 -140 -259 -91 -26 -37 -7 201 422 656 919 1036 1088 1131 1182 1241 1300 1327 1354 1351 1373 1380 1381 1412 -9999 -9999 -9999 -9999 -9999 -9999 -9999 -9999 -9999 -9999 -9999 -9999 -9999 -9999 -9999 -9999
239 222 237 233 248 218 200 187 187 207 186 147 185 153 114 41 4 33 72 79 96 192 343 430 377 419 302 170 116 35 107 245 429 640 462 223 165 85 -13 8 78 105 -2 -114 -152 -98 -79 -84 -88 -160 -236 -51 51 105 293 506 629 780 1027 1084 1127 1180 1241 1301 1331 1343 1363 1384 1390 1398 1416 1421 -9999 -9999 -9999 -9999 -9999 -9999 -9999 -9999 -9999 -9999 -9999 -9999 -9999 -9999 -9999
251 244 241 236 256 243 222 197 154 174 181 202 216 154 76 43 50 61 68 58 100 122 229 502 617 528 351 213 158 73 133 297 521 705 499 310 210 87 -12 -28 20 41 2 -92 -125 -67 -23 -31 -69 -140 -313 -128 93 191 324 461 503 664 931 1079 1138 1187 1247 1303 1327 1348 1374 1387 1398 1406 1419 1421 -9999 -9999 -9999 -9999 -9999 -9999 -9999 -9999 -9999 -9999 -9999 -9999 -9999 -9999 -9999
285 268 246 237 265 284 272 276 235 186 182 276 282 147 84 99 147 157 97 61 101 144 240 467 734 696 469 308 238 220 170 361 706 771 500 313 173 57 -1 35 24 -39 -36 -92 -98 -10 33 28 -27 -176 -258 -91 104 214 302 396 478 558 804 1058 1129 1186 1248 1304 1325 1347 1375 1391 1406 1414 1421 1422 1413 -9999 -9999 -9999 -9999 -9999 -9999 -9999 -9999 -9999 -9999 -9999 -9999 -9999 -9999
318 307 283 292 297 310 310 333 323 304 302 328 270 157 118 195 235 194 138 111 111 175 210 414 608 819 746 489 426 411 355 554 820 767 461 257 116 44 65 59 16 -76 -91 -114 -110 -44 44 86 29 -131 -139 -88 11 128 218 377 538 613 767 968 1104 1182 1246 1300 1324 1344 1375 1396 1411 1421 1425 1424 1416 -9999 -9999 -9999 -9999 -9999 -9999 -9999 -9999 -9999 -9999 -9999 -9999 -9999 -9999
335 321 278 292 322 336 357 377 391 392 396 378 249 185 183 257 241 198 161 187 190 98 129 232 424 711 885 754 665 662 682 746 884 781 575 407 204 110 121 16 -28 -86 -53 -85 -124 -129 8 111 61 -39 -57 -124 -56 83 207 404 580 639 682 823 1045 1166 1230 1289 1324 1344 1375 1397 1414 1422 1429 1428 1421 1416 -9999 -9999 -9999 -9999 -9999 -9999 -9999 -9999 -9999 -9999 -9999 -9999 -9999
321 308 260 269 332 357 378 390 406 413 409 415 305 247 252 324 232 143 140 230 243 107 102 212 316 490 792 895 892 888 891 900 879 739 715 666 485 291 106 -7 17 40 54 -3 -98 -106 4 110 81 -51 -50 -12 63 172 294 409 509 525 544 729 996 1145 1203 1273 1326 1346 1374 1397 1415 1423 1430 1432 1427 1422 1414 -9999 -9999 -9999 -9999 -9999 -9999 -9999 -9999 -9999 -9999 -9999 -9999
328 304 251 270 332 371 391 412 418 436 441 435 334 283 310 405 301 236 235 294 309 232 217 228 271 378 619 874 940 922 908 915 784 535 456 488 476 345 227 152 139 136 87 40 -58 -94 -7 105 123 -27 3 9 36 83 162 263 318 459 540 746 1014 1134 1181 1257 1324 1346 1372 1399 1415 1424 1431 1433 1431 1428 1424 -9999 -9999 -9999 -9999 -9999 -9999 -9999 -9999 -9999 -9999 -9999 -9999
359 316 271 288 322 367 396 447 455 473 476 442 345 310 358 446 372 317 319 351 364 318 311 293 278 392 647 891 930 798 716 758 557 311 241 283 314 267 238 194 162 80 29 -41 -78 -116 -28 96 173 95 65 7 -75 -41 -82 -45 146 383 483 733 1017 1127 1173 1243 1312 1340 1368 1401 1415 1424 1432 1434 1434 1433 1431 1421 -9999 -9999 -9999 -9999 -9999 -9999 -9999 -9999 -9999 -9999 -9999
387 341 328 314 325 365 413 480 502 506 484 440 366 357 413 446 406 348 359 380 383 360 358 355 338 532 800 917 900 731 575 568 449 248 155 173 186 134 85 68 80 53 5 24 35 21 96 138 179 83 1 -6 -152 -100 6 86 190 377 484 762 1035 1114 1167 1233 1303 1334 1364 1399 1417 1425 1432 1435 1437 1437 1436 1431 1382 -9999 -9999 -9999 -9999 -9999 -9999 -9999 -9999 -9999 -9999
457 412 400 379 388 414 479 513 530 530 491 451 397 424 458 443 435 406 406 407 407 422 420 422 498 743 919 920 856 722 521 405 336 218 131 105 118 71 3 -41 -19 -16 -14 42 125 161 184 166 137 67 -45 -65 -172 -132 8 164 351 517 623 805 955 1090 1163 1233 1301 1329 1359 1395 1418 1426 1435 1438 1440 1440 1440 1435 1387 -9999 -9999 -9999 -9999 -9999 -9999 -9999 -9999 -9999 -9999
474 464 456 408 470 483 500 540 551 545 500 498 457 507 454 456 485 490 484 486 523 590 597 622 759 913 931 884 781 652 483 316 231 181 124 70 64 53 -19 -54 -29 16 70 119 208 182 170 143 47 48 -41 -64 -199 -122 1 142 294 460 617 710 846 1068 1161 1232 1295 1325 1359 1390 1416 1427 1434 1439 1442 1444 1444 1446 1405 1300 -9999 -9999 -9999 -9999 -9999 -9999 -9999 -9999 -9999
519 536 543 495 488 488 495 538 565 599 531 504 516 581 522 484 532 547 625 686 765 909 931 984 954 888 828 762 672 493 413 301 243 184 124 69 2 -7 -40 -24 21 121 200 184 211 128 72 53 -26 3 -31 -48 -191 -110 -52 39 190 409 548 624 788 1072 1163 1228 1285 1321 1356 1389 1411 1421 1431 1441 1444 1447 1448 1447 1423 1374 1351 -9999 -9999 -9999 -9999 -9999 -9999 -9999 -9999
547 552 563 536 491 507 548 575 585 612 574 570 557 602 553 557 699 869 994 1033 1034 966 922 887 776 545 502 550 584 391 294 268 244 179 116 66 -34 -87 -42 3 76 190 231 131 129 95 -5 -50 -84 -65 -49 -45 -113 -78 -61 -11 186 342 429 541 772 1047 1129 1197 1270 1316 1355 1389 1408 1419 1429 1440 1445 1448 1449 1448 1441 1424 1407 -9999 -9999 -9999 -9999 -9999 -9999 -9999 -9999
543 537 562 543 512 511 559 586 598 606 579 598 627 637 602 901 1021 1028 972 818 675 621 534 521 500 365 371 411 493 369 264 248 216 177 127 83 31 -42 -20 67 189 250 127 18 73 87 12 -90 -130 -97 -85 -54 -14 -6 -5 4 181 211 301 480 701 886 932 1055 1198 1285 1356 1389 1409 1420 1429 1438 1446 1449 1450 1449 1448 1444 1434 1345 -9999 -9999 -9999 -9999 -9999 -9999 -9999
491 510 560 564 553 536 576 594 602 595 578 591 614 680 886 1078 974 793 697 612 505 484 440 408 386 355 324 317 408 420 321 274 255 211 160 118 45 16 48 151 243 202 -19 -114 -22 35 24 -83 -92 -35 -89 -69 18 66 44 6 97 133 274 460 586 661 690 862 1078 1246 1357 1389 1410 1422 1430 1439 1446 1449 1450 1451 1449 1449 1444 1325 -9999 -9999 -9999 -9999 -9999 -9999 -9999
435 478 506 521 534 535 612 615 629 613 675 713 788 913 1050 856 718 609 548 525 434 424 379 397 373 361 307 275 355 399 321 254 218 219 132 74 42 17 170 310 252 92 -28 -38 28 -36 -87 -92 -80 1 -39 -60 26 85 80 30 77 245 357 439 536 547 626 770 977 1221 1354 1389 1412 1424 1432 1440 1446 1450 1451 1451 1450 1450 1447 1311 1221 -9999 -9999 -9999 -9999 -9999 -9999
388 429 431 446 456 485 594 643 673 662 793 945 1025 960 919 631 548 526 509 494 389 355 330 392 334 363 314 280 294 319 300 250 208 211 125 64 69 104 290 362 152 34 1 45 75 -7 -83 -78 -40 47 74 -39 56 109 78 14 -28 88 213 351 525 518 642 772 946 1199 1350 1390 1414 1427 1435 1441 1447 1451 1452 1452 1451 1451 1448 1361 1310 1143 -9999 -9999 -9999 -9999 -9999
378 386 415 468 465 479 543 656 715 707 868 1087 996 743 691 562 490 460 479 464 365 282 313 362 279 356 323 301 282 280 285 242 212 201 128 93 125 160 347 348 121 46 75 130 86 11 -43 -48 -39 71 151 157 180 123 13 8 3 51 206 372 506 548 576 665 894 1208 1360 1395 1417 1430 1438 1445 1450 1454 1454 1454 1453 1453 1450 1439 1380 1156 -9999 -9999 -9999 -9999 -9999
584 462 427 554 667 644 644 666 751 760 962 1040 710 608 619 491 397 376 422 407 331 238 305 309 243 351 323 305 293 273 271 208 153 153 106 109 169 221 399 374 172 100 138 173 131 79 -4 13 50 124 191 209 150 133 82 91 60 54 166 351 470 446 502 673 969 1243 1365 1414 1423 1433 1441 1448 1453 1455 1456 1456 1456 1456 1452 1450 1406 1182 1128 -9999 -9999 -9999 -9999
773 629 512 579 772 783 798 760 791 930 1092 1011 722 622 601 441 266 289 336 313 246 216 258 234 210 336 314 272 271 240 240 172 70 66 81 131 183 241 402 477 309 193 204 191 188 140 59 63 129 224 239 168 44 110 95 107 76 65 168 217 229 438 563 660 901 1249 1355 1402 1422 1427 1440 1451 1456 1458 1459 1459 1459 1457 1455 1452 1423 1241 1168 1136 -9999 -9999 -9999
884 773 703 710 807 806 796 790 792 983 1122 921 740 583 432 380 251 206 216 221 217 173 181 154 158 268 279 214 226 180 192 159 67 7 72 161 175 198 342 568 506 335 278 268 325 297 265 236 278 357 287 134 -10 49 24 34 40 47 83 89 200 457 602 731 971 1236 1327 1383 1414 1422 1437 1451 1457 1460 1460 1461 1460 1459 1457 1453 1448 1343 1191 1156 -9999 -9999 -9999
931 879 840 834 838 819 874 899 1075 1128 965 783 678 656 644 456 216 142 141 159 178 244 296 192 154 195 171 179 189 152 178 152 116 43 40 136 161 187 317 577 669 510 397 427 475 443 439 441 430 417 348 177 -12 5 -50 -68 -33 -46 -28 5 127 338 581 785 1053 1213 1292 1359 1404 1422 1431 1447 1456 1461 1463 1462 1461 1461 1459 1456 1453 1360 1196 1187 1158 -9999 -9999
