Dropbox/GRP Data/GRP mammal paper/NN_analysis/DATA/2014 input files/ss_h_bio_12.asc
ncols         211
nrows         307
xllcorner     27099.1390263
yllcorner     -314514.2499113
cellsize      821.1860311
NODATA_value  -9999
[rows 58 to 86 of 307, columns 64 to 127 of 211]
86709.14 88161.77 88431.06 88108.3 87967.47 88047.11 88481.7 89066.57 89443.4 89519.56 89440.73 88562.53 87217.41 86205.28 85860.59 86142.73 86565.6 88265.51 89715.59 90547.26 91601.73 93391.7 95424.66 97379.33 99036.8 100331.5 101019.8 101242.5 101047.4 101675.8 103120.4 103841.4 104755.3 104694.6 103146.2 104381.6 107361.4 112538.1 117529.7 121788.8 124235.3 126839 129215.3 126080.5 118066.9 103876.6 99481.63 89432.98 86276.38 89378.06 92998.49 94765.31 93967.57 89114.6 82807.63 72343.15 70945.48 69957.37 69975.3 72744.75 80225.21 87690.77 92275.66 96224.25
84922.87 86853.7 88267.16 88273.2 87990.84 87965.2 88156.71 88547.95 88665.38 88619.48 88471.66 87645.41 86619.92 85925.64 85793.15 86248.7 87522.72 89134.32 90773.93 92066.85 93165.27 94765.91 96904 98362.27 99538.63 100393.9 100737.9 100811.1 100177.9 100142.8 100855.1 101821.2 102600.9 103052 103592.8 104515.1 107522.7 113131.6 116775.3 120058.6 123755.4 127401.5 130562.6 128853 124206 112714.9 100419.3 90385.17 79367.23 75400.35 77158.62 85659.74 88753.15 80227.97 75928.28 72376.13 71685.28 71635.41 71695.61 73283.25 77850.35 83694.6 89033.38 94623.54
83314.19 85670.02 87696.94 88400.24 88336.42 88354.61 88296.07 88418.8 88281.07 87927.1 87490.65 86612.76 85744.31 85345.39 85854.27 86346.13 88108.84 90160.13 92379.44 94230.07 95713.48 97241.51 98769.23 99500.55 100090 100503.3 100668.7 100277.9 99369.98 98759.89 98460.54 98471.29 99013.28 99855.15 101971.6 104630.4 107617.2 109845.3 112420 116338.5 120959.8 125247 127838 127990 125852.1 119008.9 104855.8 99215.91 83689.6 76449.27 77151.42 76620.83 77286.91 78421.32 75012.52 74446.41 72371.11 72112.4 73572.57 74244.94 74954.48 79069.83 85551.54 91064.69
81906.97 84998.36 87267.27 88676.41 88886.13 88865.45 88692.53 88584.15 88081.46 87454.04 86627.23 85807.25 85036.39 84916.91 85834.25 86652.55 88520.35 90891.98 93833.34 95932.83 97526.55 98891.16 99936.6 100797.4 101349.9 101333 100845.5 100076.9 98907.83 97320.16 96323.88 95542.74 95331.64 95956.64 99317.41 103315.4 106932.7 108456.4 109999.7 112259.7 116747 121244.7 122823 123491.1 123909 120769.1 111629.4 101877.8 86786.95 76175.17 76693.25 77024.41 77839.88 78558.16 77078.25 75024.95 73483.88 72513.98 74373.2 75799.79 74875.97 75394.09 80609.66 85623.27
80647.13 84469.66 87300.14 89281.99 89670.13 89546.36 89293.19 88957.64 88032.32 87134.64 85940.89 85272.56 84729.65 84901.59 85803.41 87037.35 88972.74 91077.53 93941.55 95889.41 97659.88 98931.53 99969.45 101350.2 102307.4 102207.9 101184.3 99909.7 98351.04 96290.95 94757.01 93563.88 92991.66 92982.98 96473.32 101677.8 105743.1 107075.5 108133.4 109896.9 112787.8 115170 115617.1 115505.5 117272.3 116969 111989.2 103751.3 88439.93 77148.19 77905.04 77827.7 78746.34 78377.94 77245.04 75830.89 74757.28 76455.59 78346.02 77676.97 76047.7 75582.12 78635.77 81687.66
79841.69 83881.62 87068.38 89697.96 90842.53 90767.87 90248.06 89518.61 88131.29 86686.34 85342.45 84340.51 84173.72 84816.49 85914.02 87214.13 89161.59 90776.91 92572.22 94206.09 96235.88 97697.42 98899.89 100572.9 101913.6 102061 101021.6 99163.75 97410.94 95423.27 93546.95 92277.72 91673.77 91508.34 94629.21 100174.4 103963.8 104913.2 105330.6 107330.7 109331.5 110208.3 110001.1 110072.4 110208.7 111212 108852.9 102382.4 86438.64 77834.96 78429.46 78742.61 78436.38 77385.52 76842.7 76360.45 80828.71 83588.6 81930.52 79793.82 77817.87 77898.68 80428.5 82757.01
78427.66 82587.97 86084.18 89505.03 90953.15 90898.64 90538.55 89724.76 87935.59 85494.41 84299.93 82331.63 82424.41 84073.43 85900.98 87107.28 88616.02 90132.2 91118.89 92519.7 94027.24 95757.2 97057.63 98853.14 100228.3 100450.4 99578.15 97572.19 96009.36 94133.38 92377.21 91314.2 90912.52 91008.93 93896.63 98353.7 100801.9 100707.7 100692 102834 105151.2 104734.1 103065.1 101977.1 99834.92 100248.7 98916.51 92949.45 82585.8 77979.57 78440.18 78207.44 77015.62 76122.1 76555.59 85400.73 87358.3 86958.61 84404.39 82241.32 80796.95 81747.76 83929.7 85509.8
77426.98 81661.73 84040.28 88262.63 90405.21 90987.14 90195.77 88688.11 87056.04 84494.15 81929.63 81614.92 81721.55 83519.69 85674.93 86397.43 87534.59 89281.34 90581.68 91389.64 92281.55 93687.34 95231.7 96788.36 97829.8 97774.17 96944.16 95525.86 94081.2 92476.23 91283.51 90471.12 90711.12 90812.21 93330.79 95900.43 96321.23 94701.04 94768.2 96499.26 98544.53 96846.41 93995.29 91458 89017.59 88273.82 87463.49 82885.06 80145.16 78260.72 78011.73 76843.3 75648.29 75096.07 80346.57 92076.38 90305.09 87319.64 85610.56 84399.8 84235.4 86468.23 88716.41 88723.27
76670.85 80125.26 82724.95 85931.52 89140.52 90088.94 89191.35 87682.8 85859.33 80230.2 79558.36 78791.05 81067.84 83028.21 85434.19 86248.55 87290.57 88856.52 89926.55 90984.25 91615.89 92301.91 93607.92 94954.27 95373.01 95269.7 94600.71 93503.84 92253.88 91182.87 90157.64 89708.04 90083.58 90731.98 92466.01 93551.29 92479.6 90320.38 89931.12 90483.66 90523.2 89367.62 87876.63 86538.86 84976.23 83420.15 82912.51 80922.09 80023.54 78794.88 77188.52 75634.55 74755.64 76332.74 87258.64 92106.92 90109.98 87182.92 86433.5 86459.44 87684.34 90601.45 91435.2 88875.47
76176.02 79308.56 80753.02 83651.42 86919.55 88195.72 87877.48 86474.88 82497.64 78513.64 77833.4 77885.59 80034.62 82782.11 85548.71 86321.4 87405.36 88906.2 89973.06 90751.21 91622.22 92221.06 92815.2 93752.6 94049.3 93756.86 92836.75 92212.96 91136.63 90217.97 89087.82 88691.36 89015.83 90327.58 91371.43 91950.04 90201.23 87638.32 88417.22 88719.68 88263.39 87150.8 86676.9 86284.59 85071.37 83509.9 82718.3 81678.83 80241.63 79000.55 76860.05 75156.21 74971.86 82030.69 92466.62 91785.66 90136.26 88013.23 87829.35 88658.31 90355.86 92100.42 90368.94 85370.84
75949.02 78514.59 78814.31 81315.46 84185.39 85846.66 85410.13 83189.48 80050.6 78246.93 76803.31 76945.24 79908.52 82977.71 85927.27 86721.45 87863.46 89338.83 90525.32 91057.09 91861.12 92459.78 92822.84 93267.8 93472.96 92820.63 92232.44 91445.11 90404.2 89350.51 88689.24 88617.95 88648.59 89473.9 90856.51 91364.41 89912 87226.98 87922.54 86907.62 86304.17 84579.47 86242.09 87581.76 86726.27 84813.05 82616.31 80554.96 80610.65 80469.15 78831.05 77651.96 79641.09 90837.16 94688.45 93266.92 91902.45 90112.52 89762.38 90331.8 91138.32 90231.21 86721.44 80814.53
75332.56 76842.77 76675.84 78827.77 81064.12 82393.33 81779.17 79713.46 78186.36 78338.88 76412.84 76730.8 79126.15 83106.62 86152.67 87409.93 88571.81 90017.95 91119.12 91884.93 92252.66 92650.01 92981.27 93201.49 93348.69 92771.36 92189.34 91429.44 90227.57 89164.37 88591.59 88443.98 88418.81 88636.05 89615.96 90107.1 89021.99 86927.67 85575.25 85352.08 84316.73 85502.5 87986.99 87456.59 86808.54 85425.13 84233.6 83400.64 84303.83 87536.2 87906.51 87795.45 90299.73 94992.51 96959.79 95230.97 92928.89 91804.41 91347.83 90486.33 90066.84 87078.66 82375.6 77397.88
73718.7 74346.44 74688.59 76538.49 78079.58 78597.63 78643.86 77858.61 76793.99 77514.79 76341.55 76648.21 78444.05 83371.88 86435.01 88217.55 89359.56 90655.77 91771.05 92742.08 92991.38 93357.92 93804.94 93885.41 93712.95 92996.28 92446.67 91606.27 90580.89 89444.2 88797.77 88435.92 88182.62 87954.71 88027.45 86838.13 85805.62 84829.05 85140.64 86020.1 86533.76 87746.21 88827.06 88404.45 88406.48 88881.8 88692.52 88699.59 92164.27 94419.42 93711.98 91994.13 92463.47 95737.15 97702.93 95871.67 93830.12 92299.85 92695.3 91892.66 88710.18 83250.8 79196.07 76730.02
71415.46 71797.95 72862.41 74123.27 75514.84 75948.41 76876.21 77095.52 76362.1 76343.32 76542.86 76445.06 79167.98 83811.91 86535.56 88429.06 89635.38 90738.69 91958.88 92942.15 93449.23 94047.76 94819.48 95078.6 94708.43 93956.19 93157.9 92291.47 91283.48 89932.73 89049.79 88528.09 87417.27 86444.65 85983.37 84778.6 84014.23 84012.15 86144.46 87554.77 88318.72 89313.4 90580.98 92684.06 94815.32 96283.79 96855.55 96915.78 98830.36 99848.52 98390.63 96007.24 95233.03 96904.81 98798.73 97433.03 97701.94 95678.4 94653.23 91570.01 86507.61 80813.35 74691.55 75025.03
69588.41 69845.13 69425.96 70503.91 72817 74201.53 74972.46 75778.51 76761.7 76640.71 76800.27 77110.49 80403.27 83407.29 85324.52 87236.87 88696.84 89976.49 91062.98 91834.3 92702.79 93604.98 94749.09 95452.19 95487.77 95064.92 93907.06 93103.94 91896.96 90497.45 89269.53 88307.7 86317.66 84588.37 84268.97 84209.55 84432.75 84800.62 88208.95 89988.59 91039.91 92856.95 94910.27 98628.09 101861.1 103074.3 102995.6 102334.4 102589.8 102594.9 101494.7 99700.3 99217.77 99660.55 99490.37 100732.1 101002.7 98310.88 96062.08 91361.59 83436.22 78308.67 74099.01 73669.79
68211.58 69343.84 70359.08 70641.98 71374.58 72254.8 73509.54 75331.77 77546.41 76474.71 75758.82 77285.98 79642.79 80623.64 81814.2 84206.97 86039.16 88096.74 89059.82 89300.61 90440.92 91601.3 92842.22 93879.68 94769.87 94777.33 93751.41 92824.05 91672.9 90647.09 89458.05 87367.3 84959.83 83309.31 83425.49 84093.72 85971.3 87607.32 91125.89 93601.43 96200.57 98541.04 99974.83 103642 106547.9 107527.7 107067 106004.3 104928.9 104223.9 103605.1 102625.7 102599.6 103284.6 102748.1 104430.3 104418.6 101729.7 98013.3 91317.86 81496.34 75949.3 72559.23 72039.38
67705 68901.91 69895.94 70513.15 71013.09 71785.45 72972.48 75180.14 77599.95 75980.41 75542.23 76400.6 76645.65 76717.68 76574.01 77167.69 79926.53 82543.93 85225.2 86583.64 86848.28 88434.76 89688.91 91454.13 92764.82 93144.89 92378.38 90813.45 89900.48 89457.05 88887.2 85444.55 82986.87 82586.91 83130.86 84397.89 87963.86 91618.33 94427.45 98020.64 102433 103902.1 103850 106546.8 108512.6 109653.6 109852.2 109134.4 107095.1 105878 105440.2 105123.4 105410.9 106382.3 106160.7 107449 107646 106115.4 100307.9 91980.17 80437.8 73914.25 70324.26 69325.2
67724.4 68819.47 69583.3 70108.38 70713.46 71358.74 72362.15 73990.69 74902.98 75813.79 75501.64 75876.1 75937.09 75819.1 75456.4 75461.35 76111.78 76915.35 77397.13 79354.45 82859.77 85617.4 86972.32 88102.81 89389.37 90544.66 90062.31 87753.18 86942.3 87095.02 85397.16 82165.26 80926.76 81965.55 83180.78 85738.62 90154.8 92610.98 97258.28 102054.9 106701.5 107191.2 106791.4 107935 108724.2 109878.9 110558.6 110335.4 109104.7 107905.9 107403.9 107455.7 107820.1 108313.4 107816.8 109281.2 109954.9 109173.5 102376.8 92771.91 79549.8 73134.7 68583.67 66607.74
67200.36 68488.97 68992.13 69539.34 69798.96 69967.49 70673.05 71275.02 71815.49 72787.66 73278.99 73938.84 74046.71 74103.55 74076.44 74471.59 75156.13 76247.59 75618.77 76290.13 77977.08 80035.13 83912.52 85960.93 87097.07 87935.9 87782.84 86666.85 85308.77 83918.34 82103.51 79870.39 78855.83 80543.38 83935.38 86881.61 90388.51 92906.77 98536.09 103727.2 107372.8 108588.6 107876.3 107986.8 108126.4 109281 109187.7 108920.4 110162.1 110451.3 109652.7 109505.4 109258.7 109444.3 108689.3 109872.1 110751.8 109359.8 103398.8 92771.05 79083.4 73119.07 66985.23 63818.57
65524.68 66925.34 67716.26 68307.8 68277.83 68209.52 68247.95 68345.69 68935.76 69590.55 70182.23 70444.44 70683.33 71076.55 71391.61 71923.21 72466.41 73340.86 73676.11 75546.05 75898.05 77227.15 78967.12 80590.89 81730.57 83250.9 83699.59 82149.39 80918.99 80865.3 80655.6 79315.91 78944.09 79963.06 83446.9 87112.48 90209.02 92496.85 97832.24 102555.4 106044.1 106590 105750.4 105461.4 105647.1 105967.5 104812.1 105541.6 107850.6 111195.7 112112.8 111641.3 110818.7 110454.9 108867.2 109177 109657.9 108238.7 101949.8 91815.31 79021.66 72511.84 65236.27 61222.2
62920.31 64138.47 65122.02 65711.12 65696.29 65440.96 64799.12 64600.43 65152.34 65620.94 65723.24 66308.73 67666.3 68318.84 68959.12 69296.41 69732.34 70544.35 71483.15 73606.73 74641.77 75413.01 76124.16 76857.63 77578.23 78492.6 78880.63 78748.91 79135.04 80597.35 81233.02 80245.87 80077.14 81847.57 84940.26 87578.88 89501.02 91988.78 95979.77 100308.8 102496.8 102321.3 102172.2 102285.5 101606.7 100973.6 101127.8 102199 104448.3 108432.9 111224.2 112347.6 111274.2 110453.6 109526.7 107965 106997.4 104870.1 97613.28 89498.83 76672.02 72018.94 66155.36 62146.54
59836.8 60219.04 61354.15 62216.24 62400.59 62075.13 61507.51 61196.3 61639.71 62205.84 62487.07 63367.27 65028.49 66142.48 67352.45 68041.31 68488.33 69129.36 69744.48 71216.79 72821.84 73614.02 74339.56 74503.23 74860.98 75455.2 76549.42 77269.45 78498.15 80024.35 80968.32 80626.09 82214.91 84893.55 87623.28 89282.73 90319.84 92325.19 95310.38 97661.96 98423.6 98436.22 98189.4 97459.69 96780.12 96610.4 96832.08 97836.95 100142.5 103362.5 107138.8 109575.8 109541.1 108785.7 107900.2 106600.5 104455 101995.6 96090.77 86664 76293.43 71057.99 66625.21 63717.28
57256.96 56132.3 57901.89 59467.87 59874.45 59942.91 60251.59 60360.46 60923.64 61811.85 62882.47 63324.55 64149.21 66188.91 68036.5 69605.47 69745.7 69301.23 69110.49 69642.5 70852.78 71707.57 72293.63 72351.26 72600.02 73129.57 74362.27 75939.91 77213.02 78778.66 80254.11 80932.88 84738.83 87762.25 90120.31 91325.15 91868.13 92739.29 94043.49 94133.61 94169.63 94385.45 94336.65 93685.81 92633.23 92362.1 93406.41 94312.95 96381.63 99951.19 103437.7 107022.4 108492.3 106573.2 104502 102844.1 101130 98715.73 90530.91 82570.19 76999.16 72180.39 67875.99 65836.44
57731.48 56159.16 56725.05 58545.26 59258.92 60005.41 60878.37 61994.35 63319.39 64437.44 65521.49 66302.65 67657.59 70232.18 72437.3 74676.2 74381.14 72138.96 70852.92 70175.61 70709.73 70933.27 71032.57 70918.11 70951.69 70930.43 71273.56 73924.73 75395.85 77686.67 79440.52 81672.02 87315.77 90200.27 91730.62 92598.48 92708.31 92586.38 92043.13 91135.98 90847.87 91124.53 91312.05 91074.72 90254.8 89882.01 90765.55 91654 93767.31 97245.48 100410.8 102779.5 104510.7 102479.7 99056.8 96501.74 93036.06 89129.47 84200.4 80698.1 76967.72 70996.34 68600.94 67182.07
60390.43 58787.21 57771.76 58555.54 59530.31 60845.25 62511.21 64696.78 67126.54 68859.09 70353.81 70719.86 71537.2 73400.57 76877.84 80527.24 81395.32 78430.11 75904.8 74700.67 73969.8 73200.95 72263.05 71415.98 70793.85 70268.36 70350.07 72762.69 74109.09 76791.15 78108.76 81703.8 88195.12 91854.38 92554.2 92972.14 92772.3 92125.16 90442.2 89532.51 89271.85 89206.04 89139.08 88990.11 88907.95 88901.01 89173.45 90072.67 92434.36 95249.55 97782.24 99420.75 100192.4 98390.18 95948.57 91371.09 87533.6 83707.47 81994.07 80952.2 75635.75 70718.86 69163.4 67843.66
62616.36 60826.3 58946.58 59376.64 60308.79 61649.92 64077.11 67365.55 70799.87 73839.39 75135.96 75286.18 75504.52 77338.37 79453.95 80774 82654.96 80474.04 78527.92 79789.33 78157.52 76528.35 74169.05 72449.63 71509.27 71608.88 72415.52 73831.33 73641.37 75774.09 77130.24 79671.28 84844.08 90373.23 91870.3 92092.17 91999.57 91098.66 89378.66 88731.57 88767.64 88016.14 87705.26 87687.38 88055.73 88451.97 88514.97 89256.21 90973.91 94020.6 95635.49 96975.43 97008.7 95572.41 94529.41 89683.56 86726.09 82956.98 82843.74 82076.8 74433.43 71409.78 69903.62 68659.76
64931.99 62763.75 60358.22 60718.91 61371.23 62675.71 65334.98 69280.14 73705.65 77597.17 77473.48 77099.74 78337.52 78256.91 80811.12 83473.58 85312.54 84041.95 81753.18 80652.82 78689.61 79675.89 77311.53 75208.54 74221.02 74210.88 74809.75 75303.34 75394.34 76539.96 78561.5 78107.98 80563.24 82848.13 86039.13 87489.13 87422.45 87020.8 86661.6 87217.8 86761.49 85876.43 86410.06 86968.26 87292.41 87600.74 87841.31 88666.73 89180.13 92862.98 94011.47 94330.7 94491.55 93694.5 92737.05 89275.6 87480.16 83974.59 84490.88 82001.02 74995.81 72586.22 70981.66 69625.95
67193.48 64883.12 61993.48 62217.44 62595.5 63847.24 66458.36 70549.22 75508.25 77840.22 79571.16 80625.39 80608.64 81158.3 83667.59 86311.1 87492.7 87145.63 86349.72 83558.3 80921.02 79702.16 78838.47 78045.43 77044.94 77754.21 78488.25 78351.23 77662.13 77595.53 77963.4 78976.48 79770.24 80280.63 81707.54 81606.13 80646.68 80130.92 80234.45 80037.3 79956.1 79839.91 81620.13 82673.02 83311 84033.29 85877.54 88340.48 89844.45 91297.92 92230.1 92767.15 92632.69 91918.63 91248.26 88101.7 87406.84 85364.21 85324.8 80658.29 77066.09 74167.25 72404.46 70989.06
69364.12 67213.85 65110.33 63884.53 64130.35 65106.35 67369.19 71165.78 76118.2 77794.71 80740.43 83070.27 83030.37 84218.73 86048.52 88236.3 88964.13 88914.7 88186.42 85241.68 82310 80772.58 79339.3 78669.79 78544.39 79471.93 79925.09 79186.53 78768.13 80154.81 80513.65 80019.84 80384.12 81431.95 81323.24 80842.98 80829.94 79742.98 78939.17 78007.86 78787.72 78995.39 78809.6 79277.02 80202.29 80721.77 81859.31 85245.97 89027.17 90472.95 90878.26 92171.76 91216.7 90498.66 91547.24 89683.23 88910.33 86127.95 84047.41 81019.47 78827.49 75929.11 73759.52 72737.23
