Dropbox/GRP Data/GRP mammal paper/NN_analysis/DATA/2014 input files/ss_h_bio_1.asc
ncols         211
nrows         307
xllcorner     27099.1390263
yllcorner     -314514.2499113
cellsize      821.1860311
NODATA_value  -9999
[rows 78 to 116 of 307, columns 87 to 173 of 211]
973 983 942 921 906 903 1092 1173 1174 991 830 719 657 646 704 556 305 221 278 311 352 421 400 333 375 332 197 115 152 239 275 222 130 83 0 133 251 285 402 624 699 623 575 523 414 287 287 398 365 309 383 266 33 0 -90 -124 -128 -144 -71 13 134 321 590 850 1084 1185 1270 1340 1388 1415 1429 1439 1454 1462 1465 1465 1463 1462 1460 1457 1454 1396 1230 1234 1214 1157 -9999
1025 1071 1035 1026 1024 1069 1276 1149 1017 830 776 682 580 614 646 487 377 418 440 457 471 467 467 440 446 390 302 146 143 232 297 234 189 102 138 262 314 399 658 820 737 507 393 307 282 144 169 185 106 125 280 287 157 13 -93 -75 -160 -126 -8 124 323 476 631 888 1055 1162 1250 1311 1364 1405 1425 1428 1450 1460 1463 1465 1465 1464 1461 1456 1453 1431 1276 1283 1276 1223 -9999
1152 1180 1167 1203 1231 1264 1359 1050 849 766 714 653 533 498 504 440 499 564 548 508 486 500 510 457 429 364 391 277 145 182 294 283 260 267 272 305 332 424 719 745 470 303 222 175 198 103 86 52 -19 71 159 248 227 97 48 55 22 1 110 265 430 530 642 842 997 1148 1217 1274 1339 1396 1420 1422 1444 1457 1462 1465 1465 1465 1462 1457 1453 1448 1362 1330 1325 1289 1245
1346 1334 1325 1344 1327 1264 1301 1048 791 753 611 580 531 474 507 510 604 599 570 531 506 570 603 551 503 412 423 318 154 191 320 322 318 299 325 335 353 515 768 633 385 283 238 148 152 90 54 32 -20 12 70 189 215 53 -35 10 -37 38 157 315 440 561 718 852 984 1121 1185 1253 1331 1391 1418 1423 1441 1454 1463 1466 1467 1467 1465 1461 1456 1451 1432 1376 1359 1340 1308
1442 1444 1431 1338 1192 1057 1129 1010 784 740 558 512 570 594 647 610 614 611 599 563 544 648 733 671 561 439 428 333 210 266 365 324 349 363 386 339 373 620 710 460 306 249 240 200 155 74 32 15 -20 -9 69 170 193 -5 -144 -97 -8 156 277 346 394 483 693 775 948 1072 1136 1236 1347 1400 1415 1425 1439 1454 1463 1468 1470 1469 1468 1464 1459 1454 1449 1419 1393 1370 1353
1276 1386 1421 1380 1291 1170 1031 926 809 779 650 581 660 678 692 643 611 687 696 627 581 701 835 742 590 465 418 388 327 337 356 332 360 440 457 342 389 705 640 373 316 297 292 240 190 132 64 12 -16 2 82 148 169 -10 -174 -94 40 35 42 185 363 484 675 765 857 927 1125 1225 1328 1388 1413 1426 1438 1458 1466 1469 1471 1470 1469 1467 1462 1458 1454 1450 1430 1390 1385
1230 1275 1256 1260 1354 1336 1300 1200 945 865 781 717 700 684 709 723 786 778 774 754 652 739 889 811 704 565 412 440 425 380 346 381 377 496 508 355 445 789 646 421 350 325 311 223 175 148 77 29 -19 -7 79 112 146 34 -87 -90 -96 -115 -17 190 373 496 665 745 772 915 1118 1223 1297 1362 1407 1417 1433 1454 1466 1470 1472 1474 1473 1470 1467 1462 1458 1456 1449 1425 1412
1238 1240 1143 1041 1095 1269 1358 1280 1219 1104 1020 899 918 910 921 919 928 846 868 863 704 792 940 915 811 566 483 445 406 441 463 445 411 587 559 396 535 874 684 466 341 282 261 196 140 117 47 25 -17 -4 63 75 109 90 -17 -141 -151 -89 41 216 352 490 678 826 886 1017 1154 1220 1282 1348 1398 1414 1426 1446 1465 1469 1472 1476 1475 1472 1471 1466 1461 1459 1454 1445 1434
1145 1081 1048 968 926 1055 1176 1166 1251 1245 1215 1171 1159 1154 1131 1096 1050 985 1045 1013 974 987 990 897 758 581 604 510 408 468 550 454 468 742 683 516 562 929 686 403 326 260 211 194 143 101 16 -11 -22 1 20 24 58 118 6 -109 -76 16 50 162 316 449 607 828 961 1065 1157 1224 1286 1345 1390 1411 1416 1438 1457 1466 1468 1474 1477 1474 1471 1468 1465 1462 1461 1457 1450
1003 924 909 854 805 878 946 969 1079 1199 1169 1096 1048 987 996 1097 1107 1095 1094 1090 1106 1110 1056 958 897 840 695 519 485 528 685 720 763 951 919 637 577 991 813 465 343 273 191 167 138 92 29 -13 -32 -26 -44 -33 7 81 12 -15 -35 17 -28 37 213 374 515 772 922 1035 1154 1235 1290 1336 1375 1403 1413 1425 1446 1458 1463 1467 1474 1474 1472 1470 1468 1467 1466 1463 1459
906 854 800 776 763 770 779 787 857 1038 1079 942 842 754 754 883 983 978 980 960 897 951 1057 1078 1063 1018 877 756 786 805 906 996 1005 1024 1037 990 919 992 718 411 361 315 297 210 158 198 124 79 72 18 -34 -34 -28 -18 -19 -76 -106 -55 -59 -23 95 318 511 741 887 1025 1146 1228 1276 1321 1362 1399 1416 1422 1434 1448 1456 1460 1469 1473 1473 1472 1471 1471 1469 1468 1464
857 824 748 751 755 733 713 691 733 900 1030 889 711 636 633 719 853 821 826 774 707 802 997 1072 1078 1072 1037 999 1014 1008 972 910 788 724 870 965 998 970 738 595 515 453 394 284 204 299 309 277 236 191 117 13 -19 -64 -86 -155 -97 31 96 107 178 359 560 714 922 1062 1131 1201 1253 1308 1356 1396 1419 1425 1427 1440 1450 1456 1466 1473 1475 1475 1475 1474 1473 1471 1467
824 772 719 734 727 719 701 656 688 857 1003 900 673 593 594 623 709 683 676 609 633 728 912 961 878 910 961 950 953 951 840 657 551 497 606 652 680 702 724 697 679 667 650 598 537 388 253 216 102 66 138 108 69 53 22 -2 -40 50 122 268 360 436 525 636 874 998 1152 1203 1242 1295 1346 1387 1416 1426 1428 1435 1449 1455 1465 1473 1477 1477 1479 1478 1477 1475 1470
819 740 696 706 685 674 682 627 642 864 941 852 662 558 551 533 550 550 540 503 594 691 823 830 694 671 707 701 741 837 787 571 459 410 444 445 450 492 568 543 483 473 498 536 610 589 491 379 174 76 104 122 155 88 62 41 15 88 163 233 275 334 453 562 711 981 1139 1193 1236 1287 1338 1380 1411 1427 1430 1434 1449 1454 1465 1475 1479 1481 1482 1482 1480 1477 1473
811 787 717 650 655 639 676 623 646 823 820 719 630 535 519 475 466 453 470 469 518 608 698 677 591 494 466 489 601 757 800 616 468 400 376 403 405 396 409 406 303 275 285 332 438 480 456 495 385 279 238 246 257 196 64 30 28 76 104 121 165 272 437 578 788 946 1027 1149 1229 1288 1331 1364 1392 1421 1432 1431 1442 1457 1468 1478 1483 1485 1486 1484 1484 1481 1477
796 761 692 650 656 665 635 597 633 688 706 666 548 487 463 459 450 452 514 460 442 449 520 487 438 398 379 433 593 695 759 624 486 404 332 369 387 355 338 343 260 219 188 204 260 291 230 406 457 385 298 228 237 225 158 54 -23 -86 -48 41 153 329 507 584 667 895 1018 1144 1222 1269 1302 1338 1370 1403 1429 1435 1435 1454 1471 1481 1487 1490 1490 1489 1488 1484 1481
788 704 631 624 649 628 571 594 618 622 661 651 553 472 448 444 432 446 481 398 427 449 444 428 428 425 485 511 611 720 748 630 482 394 308 285 318 312 307 272 238 196 152 153 166 205 74 206 378 370 220 127 160 110 150 131 4 -110 -126 -18 153 300 414 466 572 840 1005 1119 1208 1242 1275 1313 1348 1381 1417 1434 1433 1448 1469 1483 1491 1493 1492 1492 1490 1488 1483
737 668 602 597 619 599 548 530 538 533 528 565 544 466 425 407 378 398 420 376 385 413 426 392 437 477 634 671 696 717 742 649 462 373 345 298 304 245 232 228 205 157 111 100 109 139 36 79 285 314 105 46 95 -22 39 147 93 5 -54 -48 18 120 234 359 511 764 993 1119 1185 1218 1252 1285 1321 1359 1401 1431 1434 1443 1469 1484 1493 1496 1496 1497 1494 1492 1487
686 624 580 575 574 563 527 494 489 475 480 498 487 450 368 378 365 335 378 334 367 357 419 454 567 619 683 695 701 719 713 668 517 481 445 368 280 235 172 192 199 133 64 67 89 44 5 94 249 223 55 -24 34 -57 -33 50 138 77 49 -23 -95 44 222 406 550 758 975 1104 1161 1196 1228 1259 1296 1339 1385 1423 1435 1439 1464 1480 1492 1497 1498 1498 1497 1494 1489
643 594 554 535 515 509 490 466 452 433 446 432 406 415 341 341 327 314 357 346 344 391 439 464 600 671 694 702 713 707 697 707 612 519 489 429 331 222 168 159 146 130 48 21 28 13 24 174 245 223 59 -51 -19 -72 -69 -44 108 41 49 24 -32 151 355 499 624 725 881 1045 1137 1180 1211 1243 1281 1325 1371 1413 1435 1437 1458 1475 1488 1496 1498 1498 1497 1494 1491
605 561 515 490 473 468 461 449 429 397 395 399 376 388 326 289 281 308 348 346 324 406 472 516 620 620 610 629 650 620 651 645 640 603 514 442 378 255 211 147 116 82 12 -64 -22 -6 59 171 185 220 82 -49 -85 -109 -116 -25 76 2 8 29 -34 90 292 401 552 546 715 940 1081 1166 1204 1232 1267 1312 1359 1403 1432 1435 1451 1467 1483 1494 1498 1498 1498 1495 1492
577 512 477 470 466 461 449 431 405 382 383 413 392 365 302 250 255 292 316 315 345 423 499 552 609 522 458 477 498 510 524 491 535 605 569 461 395 305 244 163 111 66 26 -40 -96 -40 11 78 140 180 123 27 -89 -175 -144 -99 -36 -30 -68 -48 -120 17 150 291 434 522 656 750 954 1130 1188 1213 1245 1290 1342 1390 1426 1431 1444 1459 1475 1490 1498 1498 1498 1497 1492
571 522 479 473 470 463 429 387 364 402 436 430 386 332 276 240 255 274 278 306 389 445 499 536 552 452 364 366 384 427 414 374 415 553 594 531 488 349 274 162 93 65 21 -24 -86 -61 -38 66 170 157 60 -32 -119 -169 -186 -160 -115 -88 -93 -182 -161 81 242 363 456 496 447 526 794 1060 1153 1189 1226 1271 1322 1368 1412 1425 1437 1450 1465 1482 1494 1498 1499 1499 1493
688 589 506 493 478 458 400 365 355 432 456 399 349 304 264 241 265 270 287 356 406 426 463 496 477 427 354 337 350 387 358 296 314 489 564 500 541 399 289 176 91 44 -5 -30 -75 -64 -17 72 117 95 24 -57 -107 -125 -180 -166 -139 -168 -125 -102 -13 171 307 355 412 407 437 520 732 930 1076 1173 1210 1245 1295 1343 1385 1411 1430 1441 1455 1470 1486 1495 1498 1499 1496
705 539 523 514 507 463 406 384 352 425 422 397 351 290 251 250 266 255 321 384 384 373 420 466 414 403 331 318 331 369 334 233 242 433 516 360 448 450 309 199 98 46 15 -1 -66 -81 -26 12 -24 -4 -17 -35 -56 -79 -158 -133 -115 -156 -134 -56 64 121 196 272 329 298 407 569 675 731 986 1144 1188 1224 1268 1312 1356 1385 1418 1436 1446 1460 1472 1483 1493 1499 1498
679 550 532 540 528 470 427 437 380 399 399 413 372 321 279 281 272 251 318 352 311 324 402 443 352 343 278 280 318 341 343 255 260 394 482 298 291 432 374 250 130 116 88 40 -57 -107 -78 -68 -98 -26 -8 10 -7 -55 -119 -86 -93 -116 -85 -37 26 -2 65 192 168 145 381 490 533 664 933 1096 1172 1211 1243 1284 1328 1355 1398 1427 1440 1448 1457 1465 1473 1485 1503
672 568 548 559 560 517 482 504 430 361 381 412 377 359 327 299 261 245 244 257 263 314 368 397 327 312 258 193 299 302 321 235 251 311 434 329 203 269 440 386 231 186 111 12 -73 -117 -104 -75 -28 47 63 57 17 -33 -63 -40 -63 -73 -37 -36 -44 -60 34 75 -23 43 290 378 510 647 793 1010 1155 1193 1221 1255 1296 1325 1372 1411 1432 1436 1435 1412 1398 1407 1463
675 595 565 576 587 588 577 543 452 398 378 353 341 337 304 258 223 212 216 229 249 256 329 360 287 280 263 191 287 237 244 221 162 196 397 334 120 164 255 411 214 136 32 -31 -68 -125 -119 -29 56 78 102 89 33 7 0 7 -2 -15 -17 -56 -110 -62 -14 -118 -157 -12 181 320 483 563 679 951 1126 1166 1201 1230 1270 1303 1352 1392 1416 1418 1385 1353 1352 1378 1450
703 612 588 591 612 631 609 540 484 444 400 364 363 348 292 249 236 241 224 197 242 212 281 296 229 222 247 196 250 186 203 209 128 228 343 219 99 127 188 408 207 107 87 36 -81 -155 -129 -53 54 70 125 98 54 43 58 64 59 30 -5 -93 -164 -104 -141 -256 -186 -52 108 282 417 499 663 925 1089 1138 1179 1210 1251 1282 1328 1367 1387 1387 1364 1347 1364 1410 1445
803 657 660 630 646 647 602 543 526 494 463 427 406 364 312 284 284 279 239 210 249 219 262 240 200 208 221 192 196 142 199 193 159 291 304 163 65 65 200 395 207 126 77 5 -103 -114 -77 -8 15 46 124 121 96 81 103 111 69 14 -84 -156 -123 -157 -166 -152 -119 -33 106 261 425 550 678 893 1050 1112 1154 1191 1229 1258 1300 1338 1357 1359 1351 1337 1346 1401 1430
979 784 802 759 734 698 642 593 568 548 518 472 441 379 342 325 318 288 247 241 268 233 250 237 207 196 215 179 156 152 209 184 197 310 252 126 41 56 241 321 196 125 51 -34 -119 -108 -21 53 67 105 120 120 114 122 128 119 14 3 -72 -60 -31 -69 -205 -159 15 117 248 405 471 545 615 839 1004 1082 1131 1171 1203 1233 1274 1307 1328 1335 1331 1316 1312 1350 1410
1136 945 955 998 889 796 713 649 608 575 513 486 478 415 376 358 331 300 271 263 286 238 244 261 228 186 191 166 154 169 209 170 213 305 221 80 19 87 258 221 193 125 60 -49 -143 -115 -26 54 78 95 142 165 131 124 140 117 12 28 8 -9 -35 -70 -170 -159 -19 139 253 287 375 398 515 750 943 1049 1108 1148 1183 1212 1247 1271 1296 1310 1314 1315 1312 1319 1381
1221 1119 1123 1079 894 720 655 637 617 596 536 515 493 437 426 400 365 355 328 283 313 286 288 278 240 200 173 177 180 165 186 157 206 285 241 79 10 105 243 163 180 121 55 -81 -124 -120 -37 26 58 94 151 190 143 122 140 100 15 61 62 -26 -73 -190 -237 -187 -66 13 164 96 132 210 432 643 886 1020 1081 1126 1168 1190 1215 1241 1269 1291 1304 1321 1329 1329 1341
1298 1229 1189 1088 940 776 715 714 687 660 560 526 526 484 449 433 405 408 373 294 381 397 390 325 251 230 235 225 204 176 158 163 193 236 258 145 29 89 214 153 153 75 28 -62 -52 -82 -64 5 54 102 150 200 167 141 134 94 58 91 82 -7 -78 -137 -127 -103 -98 -11 33 -67 108 308 478 630 732 931 1066 1113 1146 1166 1195 1220 1250 1280 1303 1334 1340 1337 1338
1248 1204 1096 994 921 781 722 705 692 643 598 593 569 508 466 473 461 464 426 339 339 356 374 343 307 293 269 247 222 192 166 174 188 165 193 193 59 64 191 141 106 -8 2 27 33 -12 -61 -14 25 80 145 225 207 160 130 110 106 114 83 28 -16 -25 -20 -17 -76 -51 -107 -122 58 300 404 499 538 780 1008 1085 1117 1141 1175 1202 1218 1242 1287 1336 1362 1376 1376
1214 1123 1010 927 879 798 768 765 749 687 651 631 604 545 520 526 519 509 494 466 456 369 349 410 422 333 244 188 217 225 202 170 146 130 141 165 65 52 163 98 12 -36 8 77 89 58 27 -22 -34 33 137 258 247 166 132 131 130 129 105 77 55 34 -6 -13 -81 -132 -192 -136 1 173 324 396 450 644 904 1033 1086 1121 1156 1190 1216 1240 1266 1318 1363 1381 1389
1200 1194 1073 979 893 854 834 827 781 737 701 671 662 612 601 595 561 523 504 476 554 449 406 411 401 296 179 189 235 270 236 203 212 153 112 97 36 -14 67 20 -86 18 82 105 139 136 116 26 -4 7 133 268 263 174 147 147 141 137 134 109 61 27 -41 -51 -138 -230 -238 -167 -44 69 294 375 466 617 811 960 1053 1103 1141 1180 1216 1250 1279 1320 1360 1386 1397
1273 1346 1246 1105 971 931 945 922 839 785 751 723 732 679 673 669 639 599 568 539 582 472 361 321 295 202 181 218 294 298 241 220 240 206 171 110 67 21 20 -41 -21 93 143 145 145 129 123 124 39 -49 110 273 274 212 183 178 166 137 98 54 -15 -17 -67 -91 -179 -281 -239 -152 -13 97 314 388 470 580 682 821 978 1078 1129 1171 1205 1238 1269 1302 1339 1376 1396
1419 1444 1381 1201 1067 1019 1055 1011 907 818 797 806 835 775 740 714 696 664 604 564 588 525 411 380 319 269 312 330 370 356 287 304 389 373 321 270 234 127 2 -21 94 119 126 122 120 113 131 185 186 154 310 366 373 321 273 154 136 110 -6 -35 -111 -93 -104 -148 -170 -250 -181 -49 79 186 314 331 405 459 516 643 812 991 1103 1151 1181 1210 1244 1281 1322 1364 1389
