Dropbox/GRP Data/GRP mammal paper/NN_analysis/DATA/2014 input files/ss_h_bio_6.asc
ncols         211
nrows         307
xllcorner     27099.1390263
yllcorner     -314514.2499113
cellsize      821.1860311
NODATA_value  -9999
[rows 140 to 167 of 307, columns 124 to 185 of 211]
-1471.766 -1446.772 -1353.925 -1304.324 -1290.115 -1278.289 -1287.01 -1379.674 -1303.841 -1231.409 -1209.895 -1167.676 -1133.185 -1128.073 -1040.913 -739.1757 -655.8098 -1064.919 -1177.599 -1180.879 -1225.492 -1234.68 -1227.41 -1212.702 -1216.708 -1227.594 -1288.047 -1296.844 -1336.35 -1359.754 -1451.832 -1375.644 -1326.041 -1403.794 -1431.366 -1378.804 -1352.896 -1325.704 -1308.339 -1244.294 -1207.116 -1141.338 -1134.159 -1142.027 -1155.403 -1201.652 -1217.21 -1274.34 -1142.331 -994.2058 -810.725 -655.8315 -597.434 -465.9014 -420.0708 -231.3609 -260.6261 -278.9306 -282.7291 -283.967 -280.7695 -279.6603
-1417.121 -1418.548 -1379.79 -1341.271 -1300.076 -1282.468 -1256.905 -1292.906 -1254.4 -1251.18 -1215.585 -1218.374 -1184.564 -1149.622 -1060.954 -726.8945 -634.9778 -1017.016 -1171.317 -1172.308 -1189.705 -1224.297 -1214.974 -1152.786 -1114.647 -1119.089 -1259.741 -1293.16 -1328.346 -1381.667 -1413.626 -1365.434 -1401.561 -1446.801 -1428.273 -1399.061 -1389.802 -1352.983 -1340.849 -1263.845 -1221.525 -1126.614 -1128.423 -1149.067 -1172.071 -1197.34 -1209.157 -1220.172 -1002.556 -778.1597 -653.2397 -580.4556 -506.3064 -373.5873 -314.8755 -216.1602 -244.3931 -295.2884 -283.1762 -284.7887 -279.3649 -275.2591
-1391.173 -1351.956 -1410.677 -1410.114 -1343.303 -1357.124 -1390.829 -1368.062 -1373.657 -1303.521 -1295.37 -1214.108 -1165.904 -1170.361 -1093.441 -747.3698 -620.421 -960.8406 -1117.057 -1168.773 -1200.624 -1178.184 -1176.19 -1121.849 -1083.85 -1105.489 -1238.728 -1293.611 -1302.775 -1381.556 -1385.102 -1410.364 -1495.14 -1490.767 -1458.669 -1410.813 -1398.434 -1355.437 -1354.901 -1281.548 -1241.377 -1153.931 -1151.342 -1158.232 -1172.756 -1179.99 -1184.25 -1168.408 -918.8553 -693.3379 -601.0036 -546.6996 -471.5638 -411.5888 -288.8501 -218.6942 -236.088 -291.9772 -278.9 -285.5333 -280.201 -274.8217
-1365.848 -1422.799 -1401.65 -1421.073 -1405.756 -1380.387 -1372.046 -1366.504 -1340.714 -1302.563 -1193.834 -1169.623 -1141.077 -1141.59 -1086.691 -749.3442 -619.0569 -964.3017 -1068.783 -1159.231 -1197.694 -1131.584 -1043.655 -1042.686 -1061.14 -1100.01 -1205.61 -1289.551 -1265.352 -1325.709 -1353.628 -1388.545 -1430.872 -1464.071 -1478.128 -1411.37 -1385.879 -1348.914 -1347.673 -1286.901 -1245.696 -1173.208 -1154.794 -1151.44 -1180.267 -1200.546 -1196.291 -1153.142 -898.4826 -701.8544 -595.8973 -503.6007 -482.8557 -518.381 -415.623 -323.9232 -229.6909 -290.2397 -278.0282 -286.6139 -280.7016 -274.9498
-1264.122 -1355.655 -1342.473 -1346.317 -1390.38 -1376.941 -1327.152 -1302.193 -1253.945 -1224.439 -1159.479 -1179.98 -1114.751 -1092.471 -1013.249 -736.1721 -612.0744 -901.4011 -953.6393 -1147.168 -1156.784 -1135.601 -1086.624 -1124.497 -1110.199 -1105.907 -1155.589 -1176.621 -1222.869 -1299.159 -1308.219 -1386.04 -1418.322 -1451.902 -1449.61 -1399.875 -1358.511 -1314.734 -1295.662 -1282.459 -1263.365 -1207.355 -1177.747 -1149.351 -1173.35 -1209.828 -1204.432 -1112.053 -849.889 -672.5114 -586.003 -541.9963 -569.0648 -591.5399 -511.2354 -406.8411 -231.9169 -288.9093 -273.5581 -287.8838 -281.3968 -274.7926
-1197.67 -1205.801 -1249.577 -1266.93 -1324.393 -1339.623 -1327.431 -1273.878 -1258.784 -1234.546 -1218.761 -1219.561 -1129.927 -1080.693 -1000.528 -782.8696 -621.1076 -811.2154 -907.8401 -1127.29 -1041.856 -1093.287 -1099.497 -1133.458 -1148.824 -1160.822 -1184.66 -1208.054 -1283.924 -1257.651 -1287.114 -1322.309 -1356.839 -1405.372 -1436.752 -1393.747 -1360.74 -1296.627 -1279.78 -1272.249 -1252.592 -1217.768 -1195.005 -1143.961 -1101.464 -1114.459 -1148.37 -1077.416 -811.1263 -662.1141 -654.0386 -698.9681 -688.5575 -611.1229 -464.0676 -365.9655 -230.0643 -288.0508 -269.4988 -288.6361 -282.7815 -277.3775
-1168.254 -1080.031 -1123.338 -1163.692 -1231.36 -1280.328 -1275.537 -1270.387 -1276.51 -1278.943 -1269.736 -1232.774 -1155.143 -1097.792 -999.1288 -821.2467 -631.4095 -726.3633 -899.3518 -998.8859 -1000.943 -1064.352 -1089.022 -1122.118 -1154.698 -1167.932 -1202.787 -1218.066 -1249.899 -1247.559 -1284.537 -1361.418 -1360.368 -1361.1 -1353.282 -1338.693 -1343.139 -1305.746 -1298.288 -1223.81 -1225.822 -1198.183 -1181.294 -1128.34 -1042.462 -1017.956 -1082.153 -1127.089 -874.3842 -818.9979 -852.6268 -783.8259 -684.9316 -566.9785 -360.1202 -281.6112 -223.2631 -284.494 -272.9435 -289.1441 -288.4082 -284.1006
-1087.728 -1005.497 -1016.122 -1046.767 -1131.774 -1213.62 -1170.273 -1256.946 -1248.153 -1280.68 -1267.871 -1201.722 -1143.185 -1102.006 -998.9694 -844.0071 -635.2003 -657.4887 -853.4945 -892.0231 -1005.972 -1065.691 -1068.638 -1110.8 -1161.149 -1169.8 -1213.135 -1233.678 -1253.173 -1267.249 -1295.392 -1382.882 -1376.272 -1362.523 -1339.476 -1320.34 -1321.765 -1311.185 -1265.508 -1216.875 -1211.382 -1194.244 -1164.694 -1138.118 -1068.247 -1030.44 -1009.334 -1096.338 -1027.162 -1028.268 -976.8362 -850.7864 -598.1276 -383.8744 -299.0352 -295.9195 -234.7927 -271.1706 -278.8508 -287.6976 -298.377 -290.3834
-1009.071 -994.3209 -1019.951 -1019.623 -1053.73 -1128.378 -1126.818 -1228.472 -1191.773 -1208.704 -1202.748 -1145.239 -1116.484 -1081.421 -979.1829 -827.9536 -622.9583 -643.4822 -817.6669 -923.5779 -1041.323 -1083.799 -1091.472 -1128.649 -1168.696 -1172.644 -1194.301 -1230.827 -1233.087 -1245.392 -1270.899 -1377.555 -1371.248 -1361.384 -1323.455 -1299.359 -1282.199 -1272.392 -1254.182 -1239.49 -1218.96 -1198.198 -1138.253 -1125.537 -1096.621 -1018.922 -987.2402 -1018.413 -1032.173 -1079.234 -961.2407 -719.1577 -555.3899 -445.6986 -393.7278 -310.8484 -197.6595 -265.5536 -276.6286 -277.7604 -297.8875 -289.9575
-1021.502 -982.3336 -1035.493 -1001.989 -957.6858 -1012.201 -1129.982 -1165.168 -1097.308 -1078.444 -1077.406 -1101.186 -1122.915 -1081.94 -950.6928 -783.0944 -595.5062 -675.0696 -817.175 -1021.435 -1051.002 -1068.228 -1112.321 -1142.593 -1176.212 -1179.66 -1175.629 -1210.321 -1209.969 -1217.448 -1242.588 -1340.804 -1317.059 -1296.97 -1303.408 -1304.726 -1276.226 -1265.856 -1261.828 -1245.99 -1226.974 -1198.536 -1122.593 -1088.678 -1077.193 -1029.962 -976.4899 -960.6215 -1011.763 -1109.219 -1078.444 -907.6312 -800.4056 -604.8381 -403.7056 -258.3443 -223.1161 -276.8503 -276.6328 -275.9005 -297.1535 -289.1658
-963.525 -901.4383 -953.0408 -1057.882 -979.6087 -1035.799 -1150.965 -1109.038 -1040.381 -1127.708 -1135.031 -1117.661 -1096.818 -1112.133 -1050.132 -836.5757 -585.1469 -645.787 -761.7962 -1010.575 -975.2764 -1011.097 -1067.617 -1107.06 -1169.89 -1171.238 -1171.18 -1185.725 -1198.58 -1203.695 -1242.977 -1296.394 -1275.198 -1248.304 -1282.619 -1314.178 -1289.919 -1290.134 -1260.928 -1242.87 -1220.947 -1159.786 -1120.29 -1088.47 -1066.741 -1045.003 -982.1906 -945.4568 -1041.391 -1120.613 -1120.185 -982.5636 -857.7817 -645.3544 -455.4888 -291.6955 -234.512 -269.6692 -269.1547 -269.6415 -289.5798 -287.7539
-974.3822 -950.6304 -943.4669 -1056.194 -978.2296 -1024.752 -1136.684 -1132.935 -1064.61 -1087.093 -1062.577 -1035.741 -1019.378 -1034.249 -1060.115 -869.558 -579.2402 -528.5703 -707.7137 -915.0806 -973.5854 -1023.104 -1059.11 -1080.624 -1119.374 -1117.153 -1146.188 -1160.552 -1169.734 -1189.656 -1255.639 -1268.954 -1286.954 -1272.558 -1268.197 -1308.478 -1302.388 -1305.573 -1216.456 -1208.583 -1210.736 -1149.749 -1113.066 -1097.112 -1075.765 -1055.327 -1007.499 -958.0239 -1055.252 -1101.506 -1019.093 -843.5172 -766.8894 -607.7695 -478.8719 -307.8771 -252.2559 -273.1794 -266.7472 -267.8258 -279.7843 -278.7741
-955.1397 -967.7879 -912.6672 -996.1503 -1012.381 -1007.257 -1055.729 -1066.97 -1083.934 -1057.541 -1069.332 -1081.274 -1088.561 -1066.726 -1012.29 -848.7321 -563.4772 -483.4948 -682.053 -907.6163 -954.1532 -1000.262 -1015.59 -1061.124 -1093.911 -1107.325 -1142.173 -1158.6 -1168.225 -1229.951 -1249.58 -1248.676 -1285.172 -1281.743 -1262.391 -1301.575 -1311.534 -1295.501 -1145.178 -1166.135 -1208.393 -1189.539 -1099.246 -1090.211 -1074.602 -1045.312 -1021.138 -969.9376 -995.933 -1011.375 -811.3742 -604.7161 -553.6438 -466.054 -357.2253 -258.0775 -258.2993 -274.3235 -265.4102 -262.1301 -270.3633 -276.3391
-958.8453 -935.6393 -921.3485 -957.9572 -1018.08 -991.5955 -968.9332 -1030.81 -1106.195 -1085.049 -1003.997 -1109.112 -1108.136 -1063.401 -1010.353 -843.9368 -568.383 -478.4108 -677.8082 -850.9691 -952.1432 -977.853 -1013.822 -1036.142 -1093.747 -1095.226 -1121.849 -1173.099 -1174.304 -1260.659 -1189.412 -1261.414 -1248.072 -1281.32 -1252.866 -1268.296 -1290.388 -1272.267 -1136.449 -1201.734 -1214.269 -1195.589 -1107.112 -1089.197 -1053.588 -1017.053 -1008.573 -958.9503 -914.1965 -909.5787 -655.367 -477.6384 -389.1274 -393.4924 -289.5993 -216.9729 -262.8406 -272.4674 -263.5637 -260.6515 -265.0842 -270.8167
-1001.059 -911.1944 -945.6889 -964.6084 -991.1868 -976.2385 -957.9133 -969.6569 -1049.738 -1073.205 -968.6291 -1126.87 -1120.033 -1061.829 -1000.066 -825.229 -561.9579 -491.6347 -711.3295 -858.0454 -895.9211 -924.847 -968.3232 -1032.072 -1019.397 -1037.04 -1050.011 -1081.501 -1125.431 -1197.097 -1203.844 -1272.504 -1264.764 -1264.702 -1271.633 -1212.193 -1219.84 -1245.259 -1227.861 -1217.434 -1206.625 -1197.361 -1162.863 -1095.104 -1040.795 -1005.03 -989.7855 -936.7089 -913.3065 -910.4552 -715.4852 -578.3272 -424.8654 -431.9915 -360.0184 -253.4859 -261.3263 -271.3107 -261.5915 -261.8777 -263.3569 -265.0775
-1043.105 -915.5254 -943.0347 -971.3542 -961.2527 -968.319 -985.1428 -935.0358 -965.9726 -1053.985 -962.9189 -1117.362 -1050.638 -993.9141 -961.7183 -780.3542 -544.4887 -500.038 -719.7466 -819.1371 -884.663 -934.3272 -973.377 -979.8733 -951.2094 -975.7892 -1006.358 -1059.256 -1114.315 -1179.281 -1215.849 -1193.748 -1237.12 -1236.738 -1243.926 -1161.984 -1164.066 -1230.553 -1242.689 -1232.262 -1211.599 -1186.349 -1143.189 -1086.939 -1022.851 -973.9858 -937.1824 -960.6072 -1001.043 -996.7246 -947.5408 -812.9334 -597.7973 -405.0369 -344.7529 -315.3792 -240.4304 -270.0582 -261.4578 -260.836 -262.1011 -265.5416
-1047.848 -921.6169 -916.0164 -950.0294 -942.8294 -951.38 -981.0797 -940.9293 -918.4135 -1054.324 -980.5859 -1065.937 -953.8247 -932.6322 -911.45 -719.6234 -531.6389 -516.1109 -706.0054 -807.7164 -894.5759 -921.5903 -920.2948 -910.6516 -918.2465 -946.6335 -988.1123 -1049.53 -1062.794 -1130.79 -1143.669 -1247.803 -1257.249 -1222.969 -1268.651 -1233.263 -1208.439 -1207.291 -1241.558 -1229.307 -1203.752 -1190.364 -1072.135 -1067.021 -1003.96 -941.9036 -1047.714 -1155.696 -1166.351 -1129.259 -1083.643 -965.8469 -829.1093 -510.6339 -300.7285 -275.869 -224.9552 -266.1301 -265.3234 -260.7197 -260.434 -268.573
-1026.899 -928.7142 -893.5619 -941.6959 -924.4544 -902.3268 -940.9161 -923.6912 -899.0551 -1051.466 -1023.279 -998.2987 -932.6736 -944.2006 -879.9235 -689.7845 -534.5525 -549.7859 -726.5533 -822.4563 -894.2454 -870.0385 -860.2853 -886.2188 -894.6833 -924.6854 -961.579 -1000.052 -1029.464 -1084.83 -1126.262 -1234.466 -1245.196 -1224.006 -1272.639 -1265.746 -1245.253 -1191.644 -1222.94 -1232.257 -1224.537 -1149.963 -1070.542 -1056.335 -1007.033 -947.4758 -1082.114 -1266.416 -1307.304 -1260.852 -1144.59 -851.6829 -705.8591 -528.2674 -339.4541 -208.6486 -206.3692 -251.2593 -269.0539 -263.4929 -258.2649 -264.7227
-1040.235 -946.791 -873.3531 -926.4167 -913.7315 -879.2077 -913.3156 -893.8587 -900.7809 -1051.716 -1038.938 -967.5075 -970.3762 -948.6419 -880.3043 -716.496 -546.1499 -568.2418 -766.0888 -808.9449 -854.0904 -850.5762 -868.8994 -912.8304 -919.7841 -931.003 -937.4182 -956.7989 -994.6758 -1080.498 -1138.749 -1189.721 -1199.918 -1197.359 -1230.326 -1270.706 -1274.469 -1206.243 -1217.623 -1242.276 -1147.63 -1169.193 -1143.428 -1079.119 -1025.691 -959.5273 -1074.794 -1262.928 -1386.901 -1222.233 -916.6547 -682.8151 -514.4684 -432.0835 -349.6549 -264.9913 -212.4119 -268.8313 -275.6189 -267.6534 -255.9225 -254.412
-882.7262 -860.9824 -863.7468 -872.2395 -858.4001 -856.7723 -872.2841 -877.699 -943.9724 -1066.846 -1037.713 -938.0618 -961.4375 -927.3879 -893.0384 -721.5853 -532.5119 -519.8582 -716.8259 -797.2972 -794.0887 -903.3572 -882.0347 -923.3506 -990.3835 -978.9767 -944.5864 -962.5211 -967.5168 -1060.974 -1128.932 -1165.308 -1164.769 -1167.345 -1192.036 -1270.744 -1292.431 -1234.793 -1224.643 -1226.104 -1098.819 -1226.84 -1210.714 -1097.769 -1055.617 -1011.702 -1063.612 -1202.045 -1270.998 -1024.815 -737.5046 -584.3516 -513.5516 -410.1404 -285.1512 -291.1626 -220.2467 -265.1136 -272.9647 -269.9695 -258.6794 -252.1588
-907.8495 -808.0856 -875.1286 -857.2249 -823.6584 -827.1006 -860.852 -865.9032 -956.7096 -1041.824 -1041.453 -1003.59 -897.2476 -894.902 -822.6922 -698.5656 -457.3517 -455.8833 -681.1885 -865.4733 -899.2641 -910.928 -800.6437 -865.9036 -938.6237 -941.2263 -964.8318 -969.4664 -983.9438 -963.4507 -1107.421 -1139.113 -1169.955 -1183.465 -1203.301 -1274.213 -1292.136 -1232.387 -1203.327 -1173.599 -1107.141 -1182.166 -1162.616 -1069.249 -1050.044 -1031.574 -1021.812 -1141.203 -1220.683 -1033.228 -748.632 -581.9639 -562.6306 -455.8857 -272.5503 -264.0072 -222.9425 -258.6931 -269.8669 -272.4485 -263.122 -254.8867
-920.7637 -755.8386 -854.3687 -843.2722 -817.494 -803.1911 -846.7628 -852.6893 -973.225 -1022.815 -915.4052 -982.4131 -973.9297 -891.2682 -811.1788 -686.3979 -456.7154 -440.372 -620.9955 -693.8957 -684.1129 -805.6059 -742.0797 -813.0339 -849.7734 -744.5428 -875.0001 -956.4366 -874.9448 -877.1672 -1077.188 -1171.447 -1212.555 -1234.01 -1237.358 -1289.215 -1277.417 -1191.645 -1145.177 -1119.696 -1093.587 -1054.561 -1031.524 -994.066 -997.4598 -994.5018 -951.4158 -1067.173 -1191.996 -1096.001 -824.1546 -592.251 -520.7588 -389.8915 -267.6058 -200.1866 -202.5629 -251.7052 -261.9135 -266.8681 -264.5469 -257.4535
-886.0742 -733.6826 -821.7844 -819.2452 -802.9446 -787.1511 -817.2255 -839.1978 -885.8232 -885.9935 -815.5839 -843.5326 -858.7679 -883.5818 -816.3058 -706.6852 -554.0168 -483.5906 -466.0752 -467.8097 -463.926 -623.259 -623.5364 -750.3921 -731.941 -708.1162 -778.0748 -753.61 -728.0934 -844.9905 -1055.79 -1180.663 -1218.434 -1279.005 -1288.119 -1274.365 -1245.567 -1170.489 -1125.194 -1099.972 -1047.061 -1035.007 -984.8906 -938.8918 -940.7599 -952.1194 -910.7859 -989.5458 -1090.957 -1058.23 -871.1426 -637.0182 -468.7986 -319.2762 -257.8273 -166.0697 -179.2931 -237.7711 -253.551 -258.4995 -255.0873 -251.1638
-856.468 -717.8019 -800.69 -810.5896 -792.1357 -774.3289 -781.6149 -799.4944 -802.4595 -788.8214 -774.9944 -739.6809 -763.6417 -815.2407 -781.5496 -688.7786 -636.0518 -672.0143 -604.113 -523.4986 -440.9472 -496.9898 -454.3171 -585.42 -587.4483 -622.1876 -672.6583 -709.3802 -722.0866 -838.4596 -1003.968 -1124.694 -1123.166 -1194.005 -1196.956 -1223.853 -1198.146 -1124.09 -1092.806 -1035.192 -1024.706 -1029.521 -1020.452 -989.4904 -925.0536 -918.7791 -926.709 -959.4868 -1031.67 -1058.461 -924.9286 -718.5556 -490.2847 -357.8875 -280.2961 -183.5288 -157.8137 -172.429 -203.4571 -238.572 -243.2337 -242.9556
-813.6394 -690.1247 -780.036 -780.8985 -791.6574 -762.6197 -752.154 -747.2375 -739.9773 -723.0654 -714.4272 -680.194 -701.5097 -719.3879 -668.392 -625.7502 -668.596 -784.1114 -712.6305 -631.7957 -581.9607 -487.9633 -474.4159 -536.1499 -536.3718 -570.7216 -641.3496 -697.7002 -728.0436 -836.9925 -969.2644 -1081.532 -1104.255 -1162.113 -1195.509 -1217.453 -1171.113 -1098.9 -1068.552 -1024.622 -1002.23 -997.3388 -994.5035 -987.8051 -932.3541 -906.4594 -847.42 -871.7662 -942.873 -970.2114 -906.4515 -638.4834 -460.1333 -306.4912 -319.1958 -205.8645 -126.2815 -72.39467 -99.09222 -192.8913 -232.3372 -237.0594
-733.0072 -705.8017 -776.2742 -721.1906 -790.6329 -756.115 -734.35 -708.2732 -685.5085 -659.8905 -643.2881 -629.417 -635.7107 -643.2379 -566.2836 -572.5403 -672.8372 -774.8641 -711.9455 -669.8285 -679.7889 -533.6976 -520.1499 -520.5647 -534.2006 -635.7007 -682.9731 -740.3428 -771.0386 -845.8279 -936.774 -1107.93 -1140.395 -1161.063 -1182.254 -1186.705 -1165.481 -1104.796 -1044.84 -1011.399 -997.782 -992.3209 -981.9328 -978.2019 -928.0043 -908.0069 -892.8287 -846.9841 -885.2798 -891.2153 -894.1477 -726.1016 -539.804 -362.1443 -271.8158 -229.4959 -135.4228 -90.4496 -48.55943 -137.9122 -215.0762 -227.1992
-786.2938 -833.3036 -841.4579 -739.2924 -789.1096 -757.2122 -726.5285 -687.3055 -657.2458 -635.0359 -623.0837 -588.1807 -582.9159 -603.6489 -539.3233 -550.4211 -657.5901 -733.8229 -689.4449 -612.0957 -607.6846 -510.6973 -518.6441 -510.7791 -527.1418 -684.5776 -741.9791 -816.1949 -868.7263 -915.7268 -998.6072 -1123.363 -1166.167 -1166.661 -1172.465 -1165.237 -1143.557 -1119.048 -1088.292 -989.8076 -956.8897 -983.095 -974.1018 -973.8564 -961.2197 -891.1063 -888.6912 -825.0117 -834.1332 -867.9958 -869.9864 -771.9341 -596.6693 -440.4919 -291.6368 -308.2234 -232.2145 -141.3 -58.47684 -132.4671 -212.6519 -225.1463
-756.0476 -759.7551 -707.6994 -714.349 -789.939 -754.208 -722.3149 -682.0372 -639.5029 -620.0963 -590.5292 -562.2357 -555.5427 -582.8997 -516.0634 -519.6894 -612.6503 -703.6852 -684.8516 -517.96 -468.1858 -441.8065 -503.9805 -503.4304 -566.3199 -702.7344 -799.3818 -873.3587 -934.1382 -975.209 -1037.195 -1118.373 -1153.963 -1164.566 -1166.485 -1140.393 -1129.193 -1116.217 -1100.992 -1007.213 -956.7111 -978.1827 -965.8952 -965.0298 -968.1639 -882.2707 -878.2606 -857.0189 -815.5671 -804.953 -828.7792 -781.6628 -695.7018 -553.6797 -384.1858 -242.8769 -239.3447 -203.9528 -78.32066 -132.0134 -214.2724 -234.5833
