Dropbox/GRP Data/GRP mammal paper/NN_analysis/DATA/2014 input files/ss_h_bio_12.asc
ncols         211
nrows         307
xllcorner     27099.1390263
yllcorner     -314514.2499113
cellsize      821.1860311
NODATA_value  -9999
[rows 116 to 144 of 307, columns 64 to 127 of 211]
54275.07 58810.73 63728.37 68604.05 71794.05 73348.97 73999.77 72913.99 70882.38 68207.73 67614.84 69170.59 72792.1 76027.59 78169.2 79701.66 79929.65 78781.38 77181.28 75801.82 74843.96 73065.39 73134.53 75453.54 77907.54 80805.09 82185.68 83695.75 85268.26 86841.99 89182.5 91180.48 93241.66 95137.97 96189.08 97006.73 97724.47 98528.6 99226.85 100306.1 102271.9 105443.6 108511.7 110204.3 111448.6 111773.3 112333.4 110894.2 111410.2 111360.7 110325.6 107634.5 103364.2 100377.7 97474.78 94308.86 92087.95 89684.48 88738.45 91758.41 96386.37 99826.02 99705.24 97269.16
53964.67 58401.1 63141.11 67694.52 70595.09 72506.35 72700.41 70622.66 67666.95 65284.83 64980.55 67771.73 71642.88 75281.22 78165.7 80014.99 80967.69 79792.35 77865.03 76358.93 73941.38 71433.7 71257.05 72715.79 75011.7 78076.73 80578.97 81327.56 82829.51 84351.63 87032.17 89979.69 91787.26 93133.77 94813.09 96576.91 97986.14 99419.09 100567.1 101998.1 103487.8 105022.3 105526.5 106624.9 107943.6 108511.9 109113.2 108328 107322.4 105774.7 103424.5 101831 98760.49 97024.52 93332.11 89352.13 87996.02 86152.04 85789.14 89479.93 94688.16 97913.48 98290.3 96803.58
52757.35 56877.76 61370.25 65017.37 67937.86 69246.7 68877.02 66592.13 63884.19 62217.07 63008.47 66781.53 71382.09 75284.85 78309.72 80115.38 81190.33 80804.48 79102.85 76893.76 73748.14 71127.51 70314.13 70820.47 73425.78 76155.83 78147.01 79600.45 81187.59 82983.96 85940.02 89310.16 90994.12 91682.84 92979.01 95660.55 98389.53 100854.9 102085.9 102881.5 103164.9 102247.2 100676.7 100395.3 101129.7 103141.5 104559.7 104804.1 103760.7 102370.2 100210.8 98596.64 96195.7 94826.56 90904.71 87626.64 85836.98 84426.08 84395.05 88479.34 93618.32 97251.02 98249.09 97634.05
51461.11 55351.93 59584.68 63003.38 65051.69 65657.91 64920.91 63042.81 60717.49 59874.2 61870.73 66451.66 71270.25 75134.78 78498.22 79381.2 80247.66 80002.05 78518.05 76400.2 73556.16 70471.95 68970.1 69927.42 72148.49 74188.29 75764.13 76827.88 78552.38 81327.8 85059.19 87818.07 89791.5 90482.44 91111.76 94307.91 98466.98 101686.2 102309.5 102042 101114.6 98582.21 96819.16 95850.76 95630.38 96725.27 98190.58 99407.13 99626.66 99321.59 98904.31 97286.78 95048.98 92511.52 89032.41 86908.21 84449.95 83105.51 83239.85 88005.05 93020.58 97103.33 98727.84 98691.39
50347.3 54684.81 59058.28 62364.45 63509.68 63352.66 62142.88 60305.78 58442.97 58134.84 60480.36 65052.42 70026.9 74594.23 77322.45 78506.5 78577.02 78299.23 77351.57 75270.61 72501.91 69879.43 67891.13 68371.83 70408.23 72248.02 73222.53 74592.14 76158.48 78903.17 82916.91 86273.92 87760.13 88067.49 89368.67 92268.62 96713.52 99285.18 100628.7 99865.74 97924.08 95625.91 93819.02 92871.95 92366.81 92729.05 93579.55 94602.43 95732.41 96634.83 97000.84 95912.79 94073.97 91769.99 89225.61 86424.36 84693.06 82894.92 82885.3 87847.31 92625.88 96696.2 98763.09 98805.33
48940.16 53872.09 58531.76 61753.46 62734.96 62006.85 60175.1 58343.99 56838.35 56468.82 58355.59 62546.69 67922.01 72772.25 75787.38 77332.23 77061.61 75469.93 74695.6 73343.88 71621.73 69597.34 67307.8 66975.59 68702.57 70816.81 72049.57 73352.51 75286.13 78041.63 81280.3 83167.98 83512.01 83613.73 85183.63 88818.21 92085.48 95252.24 96421.09 95565.44 93521.36 91242.31 89740.37 89026.89 87974.89 87920.23 88182.71 89125.59 91240.26 93436.32 93890.14 93720.53 93394.12 91614.72 89513.98 86595.98 85179.27 84157.3 83934.66 87753.39 91830.74 95601.43 98213.96 98029.46
46983.39 52023.19 56889.3 60408.93 61805.86 61074.87 58987.56 56976.13 55388.96 54633.54 55890.46 59646.61 65290.3 70565.99 74597.03 75022.82 74606.93 73170.13 72454.74 71777.98 70815.28 69054.97 66838.65 66077.41 67639.88 70071.38 72136.15 73826.68 75512.05 77919.86 79954.98 80174.14 79190.67 78474.87 80059.7 83206.64 86526.7 88989.27 89804.26 89126.32 87903.38 86761.33 86358.8 86450.31 86814.69 87298.39 87902.54 87372.67 88218.43 90737.7 92535.11 93201.14 91844.61 89324.41 87188.68 84909.59 83886.63 83515.94 84569.93 88008.22 90635.34 92679.88 96057.45 96057.95
45247.48 49776.15 54390.25 58305.44 60417.11 60343.48 58528.86 56108.06 53865.91 52723.17 53673.05 57343.68 63176.7 68595.77 72956.7 73362.87 72782.46 71749.05 70628.82 70035.33 69425.64 67905.74 66085.02 65497.95 67225.72 69980.02 72613.04 74852.19 76703.85 78022.07 78250.27 76720.7 75163.22 74377.94 75489 77667.79 80096.46 81821.75 82679.75 81948.95 81759.89 82232.2 84243.77 85718.95 86533.3 87145.28 88069.37 88280.81 88189.71 89864.1 91070.8 91660.71 91326.42 89337.68 87502.79 85818.46 84433.91 84258.63 85286.07 87779.66 89118.77 88113.09 90506.64 90808
45076.33 48793.98 52410.03 56086.21 58884.09 59833.68 58481.49 55792.58 52599.31 51008.91 52076.62 56098.17 62084.12 67365.72 71084.52 72786.61 72301.63 70898.03 69056.47 68034.09 67328.17 65949.13 64560.69 64581.69 66954.18 70260.88 73076.48 75866.41 77554.21 77530.27 76175.66 73669.88 71901.2 71168.73 71943.84 73313.62 75254.37 76829.45 78360.55 78989.23 79766.13 82260.11 85637.85 87817.86 88875.88 88793.77 88592.02 89828.74 90185.16 90607.04 90832.83 90458.48 89678.58 88412.42 86686.01 84989.29 83553.25 83879.94 84942.65 86806.15 87418.35 83905.86 82986.14 84793.16
46691.35 49596.68 52037.09 54903.86 57620.52 59442.73 58581.9 56030.84 52098.98 49787.39 51088.73 55449.3 61211.51 66625.69 69872.66 71859.69 72037.49 70367.6 67949.29 66112.46 64609.42 63071.92 62160.18 63191.28 66465.17 70374.8 73116.79 75856.83 76776.54 75806.59 73680.54 71178.23 69349.49 68636.5 69301.44 70552.38 72517.49 74337.93 76802.26 78804.55 81191.02 85336.79 88480.33 90663.63 91894.23 91967.96 91439.34 92134.71 92445.87 91463.63 90468.41 89727.26 88919.56 87790.98 86221.3 84721.04 83936 83977.1 84516.77 85941.67 85803.34 82086.59 79577.92 79025.2
47939.35 50772.29 52433.31 54325.75 56849.57 58982.81 59082.03 56347.32 52050.39 49281.91 50309.54 54435.81 59595.34 64259.28 67886.69 70876.86 71848.45 70013.16 67080.66 63989.07 61219.32 59645.86 59618.65 62090.02 65978.17 69982.3 72337.3 73947.66 74242.32 72854.74 70782.19 68771.2 67339.4 67026.04 67854.18 69579.11 71831.94 74179.49 77079.74 79712.22 83993.42 88548.02 91518.83 93884.52 94784.28 94786.91 94728.41 94605.03 94101.91 92292.46 90140.52 88651.08 87742 86761 85298.17 84076.26 83548.74 83585.82 84565.81 86103.59 85691.14 81841.2 78964.97 76954.9
46332.96 49436.64 51331.06 53154 55472.39 57702.09 58650.59 56687.65 52282.41 48945.33 49037.37 52636.47 57494.36 62238.1 67187.77 70083.82 71515.56 69825.46 66436.23 62250.5 58543.31 57249.54 58350.28 61935.27 65968.01 69442.97 70943.53 71411.48 70897.94 69415.87 67800.59 66521.79 65977.32 66666.77 68278.86 70552.53 73475.68 76380.13 78640.22 81575.31 86797.8 90693.46 94280.04 97304.16 97779.63 97026.2 96530.72 96127.27 94663.77 92806.83 90257.63 87700.56 86143.11 84978.14 83634.31 82608.83 81604.72 82305.51 84623.78 86558.67 86823.95 83324.95 79857.55 76979.41
42738.51 45956.13 48503.49 50666.95 53126.27 55599.91 57507.68 56042.88 52022.42 48556.75 48215.02 51480.09 56452.43 61911.67 67451.46 69968.2 71219.66 69355.45 66030.08 60690.9 56880.24 56172.95 58555.71 62821.66 66271.84 68833.65 69296.37 68822.28 67632.62 66039.98 64825.67 64493.18 65043.91 67487.59 70409.38 73502.97 76764.3 79519.39 81010.85 83765.84 88535.95 92221.77 95794.2 99166.2 100343.3 99247.05 97251.66 96329.76 94418.03 93330.66 91795.85 88673.29 85451.09 83352.22 82192.83 81450.32 79948.14 81215.84 84280.23 86646.8 88059.17 85395.12 81307.23 78096.13
39024.79 42277.88 45076.79 47530.73 50079.07 52915.18 55169.11 54361.7 51103.72 47870.1 47907.58 51843.07 57691.57 63714.86 68087.55 70544.66 70903.97 68587.73 64760.99 59323.97 55845.36 55945.14 59341.36 63733.52 66094.42 67263.49 66879.47 65422.48 63706.49 62532.17 61955.75 63079.04 66177.3 69679.84 73924.65 77420.01 79994.51 83877.76 85877.31 87911.77 90620.99 93313.41 96267.42 98862.23 100923.3 99086.78 97348.93 96057.63 94635.76 95074.01 95404.5 92219.89 87074.85 84071.65 82794.6 82100.23 80357.76 81209.2 83799.48 86789.53 89014.64 87160.22 83097.14 80011.29
36177.66 39190.39 41903.52 44252.22 46840.61 49865.95 52276.18 52107.99 49362.38 46947.29 47965.55 53067.76 60109.32 66046.31 69608.45 71330.79 70762.1 67936.16 63704.21 58243.37 55140.75 55789.67 59291.54 63196.08 65350.93 65622.07 64340.92 61957.36 60219.91 60415.54 62164.91 63975.21 66199.34 71475.74 76694.55 79461.21 84452.06 87113.81 88999.68 90609.29 91748.94 92750.83 96289.23 98237.67 98910.79 100491.5 97049.48 95135.3 94651.23 95409.41 95892.23 94400.97 92032.47 89505.44 86603.43 84404.7 81608.85 81355.18 83826.1 88044.37 90410.79 89241.25 85524.38 82390.84
34291.32 36830.85 39245.96 41175.97 43658.36 46940.17 49573.84 49752.35 47412.14 45887.63 48162.52 54478.8 62208.6 67540.21 70418.58 71469.56 70504.43 67600.02 63524.16 57831.16 54493.51 54744.84 57397.09 60160.92 61694.71 61862.46 60952.49 59143.44 58502.49 59810.17 62546.36 64844.94 66898.52 72614.6 76454.23 79618.34 85384.65 88099.96 89915.82 91343.17 91731.3 93303.48 96134.06 96948.57 98196.54 98962.41 96094.37 94163.69 92926.82 91897.25 91838.59 92988.07 92992.86 91996.97 88519.98 86480.18 83752.23 81783.84 84889.55 90209.98 92967.72 92051.21 88619.65 85154.19
33126.72 35140.98 36996.28 38487.79 40737.61 44263.34 47217.15 47445.91 45520.14 44827.82 48267.62 55318.88 62947.32 67765.23 69754.44 70365.85 69837.76 67573.22 64127.26 58338.17 54105.95 52884.08 53827.48 55122.3 56087.25 56681.69 57614.43 58330.98 59626.14 61486.6 63795 65673.64 67471.45 72235.49 76257.81 78437.55 82451.22 86574.77 89236.13 91032.51 92295.99 93639.94 95576.25 96059.24 96097.27 96166.59 94076.34 91829.98 90649.48 89510.48 88869.34 88875.1 89878.84 89675.44 87996.48 85562.15 83017.79 83064.27 89472.64 96433.18 99019.53 97093.67 93589.69 89399.03
32489.28 33957.62 35096.73 36232.23 38299.86 41614.96 44710.37 44934.09 43448.21 43784.67 48109.26 55209.2 62039.5 66181.23 67507.94 68213.14 68906.68 67809.9 65010.97 59415.04 54113.09 50954.36 50067.71 50272.84 51198.86 52783.7 55853.88 59516.09 62588.61 64226.96 65433.61 66524.74 67653.17 70311.27 74408.28 75632.56 79971.15 83245.96 87342.63 90049.87 91620.94 92358.1 93414.87 94157.02 93780.86 93135.96 91548.74 90225.61 88942.2 87845.77 86712.12 85434.3 84256.59 84431.95 82939.23 80803.8 78706.8 81132.98 91518.64 101626 106410 105123.9 101207.9 94904.2
31926.9 32891.05 33715.63 34415.8 36330.21 39103.87 41607.3 41898.42 41170.94 42525.23 47453.82 54222.34 59705.27 62305.53 63692.1 65548.63 67801.51 67883.36 65479.56 60055.1 54076.61 49584.78 47698.05 47909.13 49553.23 52401.14 56666.72 61773.93 65327.52 66295.08 66781.7 67436.53 68086.15 69069.59 71672.82 72751.42 77122.63 81025.45 84288.43 88648.13 90427.96 90962.95 91625.85 92371.04 92040.05 90816.62 89715.3 89014.94 87962.61 86413.07 85239.99 83481.73 81144.71 79885.25 78295.98 76194.3 74631.73 78003.4 91511.23 104413.5 110397 108942.4 104959.5 98172.27
30826.91 31639.03 32386.04 33367.61 34917.23 37058.23 38791.17 39245.82 38787.95 40775.97 45746.45 51688.54 55986.95 57963.59 59453.14 62370.48 65784.72 66677.76 64601.53 59075.73 53103.26 48679.89 47149.42 48651.39 51833.2 55531.73 59799.12 64083.02 66614.65 67277.34 68078.51 69283.74 70411.46 70843.69 70960.51 71647.45 74181.18 79921.05 81019.21 86148.73 89068.96 89850.63 90405.44 90775.26 90574.99 89613.18 88531.41 88033.62 87245.34 85700.04 84641.05 82873.81 80187.59 77846.05 76085.35 74041.01 72261.15 74509.57 91013.69 106511.2 113272.3 111662.1 107350.4 99130.46
30164.64 30885.42 31998.65 33549.56 35268.2 36893.99 37993.07 37796.99 37244.73 38684.93 42637.59 47752.64 51444.36 53782.17 56437.6 60031.39 63493.34 64378.65 61479.42 56100.01 50810.5 47565.35 47812.3 51237.42 55789.73 60114.61 63678.06 65590.7 67124.35 68370.14 70226.95 73695.53 75923.38 75611 73966.64 73035.3 74757.19 77889.28 78995.88 82303.49 86257.59 87731.66 87907.22 88332.75 89045.51 89204 87780.13 87172.26 86683.55 85945.7 84858.96 83160.32 80550.27 77894.67 75616.9 73252.38 71166.67 72585.53 91255.17 107724.5 114777.7 113541.2 108657.5 98949.3
29650.34 30539.64 32125.42 34020.47 35906.82 37567.59 38249.67 37264.53 36099.79 36363.73 38994.61 42852.51 46426.51 49851.95 53892.56 57736.72 60391.06 59881.28 56593.42 51759.82 47619.36 46024.22 48073.53 53004.39 58405.3 62694.35 64746.13 66462.07 68067.09 69560.67 74091.67 79902.02 81409.63 81433.67 80656.37 77742.85 76735.16 78483.73 78318.11 79301.05 81902.8 84456.85 84342.53 85618.49 87959.47 88554.95 87274.08 86144.16 86334.52 86668.03 85985.02 84432.3 82490.67 79862.11 76768.05 73924.38 72081.45 73754.98 92275.73 108479 115754.7 115107.9 109936.2 99979.66
29298.76 30227.77 31903.15 33880.97 35877.88 37709.54 38322 37114.74 35285.94 34361.91 35553.6 38216.96 41781.63 45969.07 50683.37 54301.69 55758.96 54339.48 51126.03 47486.36 44933.69 44821.62 47756.07 52621.93 57451.22 61673.85 65406.25 66983.56 68776.11 72122.36 79276.87 82421.04 81663.68 81923.2 80910.83 80686.13 77654.79 79386.51 79203.97 79369.65 81234.58 83573.99 84934.9 86584.31 87899.73 86450.35 85638.72 85240.59 85488.94 87239.04 88109.18 86899.73 85500.04 83788.24 80704.92 78418.24 77209.32 79162.66 94603.02 110087.2 118011.6 117885.3 112734.1 102902.7
29034.16 29764.15 31031.99 32804.09 34791.67 36639.76 37493.34 36709.46 34606.94 33028.41 33214.43 34931.63 38132.77 42136.01 46431.57 49447.99 50147.37 48772.64 46882.74 45306.75 44402.98 45295.26 47938.28 51495.69 54916.56 58557.24 63326.27 66718.38 69488.42 73680.83 81055.12 82980.13 85927.09 88762.64 87773.34 83385.31 80986.48 79347.93 79906.85 81237.04 84138.64 86002.32 88025.61 88999.67 88514.74 86432.27 85151.04 84606.61 85153.51 86674.64 88477.62 87495.8 86334.64 86240.61 86178.66 86333.05 86755.02 89888.23 100651 113545.4 121712.9 122525.1 117053 106133.3
28822.65 29259.96 30030.47 31290.48 32982.31 34728.36 35823.63 35672.33 34064.33 32567.15 32470.69 33685.08 36149.69 39089.88 42192.89 44424.3 44953.91 44799.79 45285.09 46279.96 47286.72 48534.17 49973.08 51567.3 53100.82 55787.43 60914.74 65960.06 69857.5 74420.29 81650.48 83207.24 87024.8 90832.58 90312.13 88007.63 83643.65 82347.93 83398.3 85732.77 88660.43 89187.98 89251.13 88561.83 87418.36 85499.79 83733.42 83194.49 84246.37 84228.58 86934.55 86744.15 86895.54 90360.93 93703.29 94725.02 96484.95 99766.05 108758.9 119996.8 126362 126388.9 120575.6 108760.5
28659.91 28920.69 29412.06 30094.83 31221.79 32682.64 33801.75 34128.72 33620.34 32840.62 33040.52 34286.19 36261.66 38261.04 40048.02 41219.31 41788.62 43138.15 46333.86 49990.88 52809.43 54152.86 54206.73 53660.46 53273.12 54731.61 59559.92 65113 69754.36 73700.22 80844.91 83498.73 86060.5 90336.41 90661.97 88541.73 85755.23 85647.38 88286.58 90128.12 90682.22 90005.3 88746.57 87586.88 86217.94 85073.45 83831.51 82285.99 82449.9 82146.03 83972.23 84197.83 85103.52 89214.37 95096.71 100291.3 103892.7 106986.6 112675 120716.8 126559.7 125251.9 119891.1 109805.9
28519.53 28794.45 29090.19 29512.01 30133.44 31054.39 32033.71 32643.39 33101.07 33379.45 34143.93 35916.33 38232.71 40255.96 41244.86 41218.79 41331.21 43373.36 48372.9 54225 58611.01 60336.19 59622.55 57427.87 55390.15 55479.08 59215.7 64499.84 68877.08 71909.95 77614.52 82051.71 83844.84 86630.75 87818.47 87090.45 87205.88 88773.3 90837.05 91758.52 91001.79 90232.15 88646.73 87462.43 86117.88 84870.87 83679.82 81900.07 81310.2 80910.79 82218.13 82637.8 84168.57 88057.64 94063.15 100146.2 105871.3 108721.9 112220.3 116475.7 120923.1 121955.5 118219.3 111014.5
28480.55 28699.37 28931.22 29276.85 29647.39 30336.72 31119.94 31878.49 32524.47 33766.21 35199.61 37779.61 41083.81 43810.59 44868.21 44100.95 42975.36 44467.91 49535.41 56538.54 62270.01 64581.88 64106.72 61697.06 58766.69 57610.11 59609.25 63859.78 67163.11 69951.88 73509.16 78217.96 80919.32 82630.55 83962.61 85294.88 87144.71 90309.94 91361.96 92004.3 91559.49 90961.13 89359.75 87750.15 86159.19 84777.69 83367.85 81675.14 81061.53 80682.2 82039.88 82716.54 83612.84 86850.67 92478.35 99004.05 104829.9 106868.3 106562.2 106559.9 109491.8 112373.6 111446 107776.3
28214.48 28540.71 28901.42 29238.98 29551.99 30154.06 30859.36 31829.63 32812.08 34454.77 36267.7 39429.35 43563.53 47182.4 48760.35 47777.57 45655.34 45512.02 49842.22 56792.93 62960.31 65387.84 65852.13 64995.32 62600.03 60838.9 61036.42 63054.54 65220.01 68220.16 71135.43 74245.17 77873.36 81055.05 82059.41 82899.11 85334.41 89278.93 90935.76 92049.36 92386.52 91546.23 89829.96 87995.58 86295.77 84815.09 83327.95 81992.58 81655.23 81095.14 82347.43 83386.44 83575.86 85332.23 89630.23 94718.5 99382.63 100436.2 98175.19 96036.04 96477.46 98700.02 100514.7 100322.7
