Dropbox/GRP Data/GRP mammal paper/NN_analysis/DATA/2014 input files/ss_h_bio_12.asc
ncols         211
nrows         307
xllcorner     27099.1390263
yllcorner     -314514.2499113
cellsize      821.1860311
NODATA_value  -9999
[rows 232 to 260 of 307, columns 64 to 127 of 211]
21055.73 21459.05 21899.95 22401.17 22637.04 23014.06 23752.88 24081.23 24477.16 24734.8 25101.42 25485.34 25969.13 26348.02 26570.63 26877 27195.37 27396.73 27944.64 28414.8 29166.38 29218.84 29323.43 30024.54 31810.54 33583.25 34595.45 35471.89 35329.78 34364.46 33638.21 34304.3 35983.91 37675.53 39860.48 42469.83 45251.52 47616.89 49124.2 49843.43 49541.15 48821.18 47931.38 47055.96 46302.66 46514.48 47434.84 48813.93 50499.69 52619.97 54506.2 56135.37 57535.56 58714.55 59818.41 61061.71 62406.08 64505.96 68506.88 73405.72 77107.21 76852.47 74635.89 70364.38
21246.67 21629.3 21952.25 22443.86 22856.38 23399.45 23936.53 24225.34 24561.11 24922.53 25445.59 25851.9 26218.17 26432.75 26649.17 27067.73 27311.76 27691.62 27828.56 28270.58 28914.71 28740.52 28761.98 29426.42 31024.4 32766.96 33660 34564.82 34840.88 34102.61 33195.47 33852.85 35487.79 37140.44 39449.35 42032.75 44638.81 46909.76 48583.04 49321.79 49362.97 48868.5 48110.38 47214.84 46427.96 46437.39 47280.67 48688.55 50400.86 52482.43 54318.4 55668.57 56735.42 57529.18 58411.7 60046.3 62117 65086.82 69462.24 74630.95 77519.68 77336.7 74597.97 69070.44
21369.37 21784.98 22169.88 22538.73 23027.06 23493.67 23961.64 24315.38 24745.68 25341.49 25697.66 26118.7 26318.46 26514.1 26774.07 27457.39 27914.42 28283.07 28376.83 28553.74 28575.29 28421.52 28009.64 28639.87 30121.69 31712.48 33048.41 33575.63 33990.39 33693.68 32918.92 33202.1 35286.26 37314.91 39881.13 42522.16 44995.34 46981.61 48589.23 49254.17 49461.39 49020.94 48313.32 47639.88 47033.37 46671.86 47160.46 48464.95 50020.99 51531.46 53606.65 54939.59 56008.47 57144.66 58704.61 61048.73 63651.96 67132.68 71272.44 75851.81 77448.09 77028.56 74970.84 69112.4
21447.31 21827.24 22276.54 22627.53 23157.07 23671.98 23988.99 24408.97 25218.26 25556.37 25917.76 26258.15 26407.91 26535.12 26846.29 27294.82 27541.24 27699.56 27750.32 27784.45 27661.09 27644.09 27574.95 27830.43 29532.75 30975.86 32186.61 32762.21 33143.53 32573.46 32242.1 33022.84 35699.81 38129.68 40905.63 43547.17 45856.29 47746.54 48945.95 49600.57 49681.96 49392.25 48596.03 48044.17 47596.2 47387.74 47502.38 48229.91 49473.91 51054.74 52544.34 54622.45 56223.65 58074.11 60677.15 63833.8 66847.05 70213.55 73730.45 76809.43 76923.78 75791.04 74564.69 69176.18
21567.74 21849.08 22327.06 22719.72 23142.38 23792.46 24127.3 24536 25461.25 25722.06 26175.18 26401.37 26493.86 26570.85 26803.32 27247.87 27194.2 26851.14 26868.15 26826.63 27111.39 26968.27 26868.23 27352.6 28898.13 30167.59 31217.33 31899.75 32248.84 32238.89 32027.64 33610.57 36341.81 39120.02 42086.95 44836.27 46862.52 48494.66 49693.11 50041.14 49907.55 49662.66 48911.88 48453.25 48120.48 47862.98 47916.07 48398.97 49303.61 50833.5 52615.59 55059.52 57366.44 60252.14 63690.66 67247.72 70765 73420.56 75770.08 76203.02 74728.08 73179.9 71694.66 67367.67
21677.31 21914.16 22354.43 22785.33 23122.74 23717.03 24240.48 24710.09 25505.17 25835.58 26348.38 26538.05 26702.58 26587.06 26452.14 26719.45 26622.16 26147.08 26157.01 26016.25 26536.91 26456.85 26072.05 26788.89 28211.25 29422.77 30417.6 31259.9 31814.65 31788.24 32555.02 34551.15 37207.55 40129.79 43028.34 45602.47 47626.89 49175.21 50181.87 50285.39 49733.75 49088.52 48746.28 48601.11 48429.26 48345.16 48396.31 48741.48 49478.04 51120.96 53096.66 55753.58 58933.71 62635.79 66315.64 70768.73 73574.28 75818.91 76056.78 74152.51 71582.17 69045.45 65616.83 62901.23
21705.22 22001.42 22387.54 22804.37 23174.93 23581.56 24253.15 24831.55 25510.16 25939.36 26442.34 26602.73 26551.06 26292.71 25955.7 26016.14 25914.66 25558.31 25507.19 25507.64 25834.08 25989.71 25699.33 26299.57 27537.17 28807.57 29640.21 30604.25 31207.32 31772.11 33362.7 35648.19 38228.91 40912.72 43680.01 46132.07 48125.85 49578.09 50377.73 50077.62 49303.41 48673.27 48097.26 47950.28 48279.7 48690.81 48988.18 49551.39 50481.84 51974.19 53561.49 56510.69 60008.42 63630.36 67868.3 72065.23 75857.42 77704.57 77998.88 73800.47 68009.33 62859.39 60652.19 59134.68
21751.13 22069.23 22464.23 22802.55 23209.79 23608.6 24205.35 24841.57 25565.14 26080.91 26438.4 26401.38 25896.98 25701.53 25469.14 25501.69 25280.14 25000.73 24966.14 25088.06 25061.13 25551.89 25617.42 26023.85 27026.28 28199.83 28946.09 30027.85 30734.38 32163.22 34007.64 36378.88 38951.7 41451.2 43955.46 46225.61 48181.65 49601.21 50248.86 49650.08 48869.45 48043.45 47231.46 47305.82 47938.81 48991.11 50015.13 50995.41 51996.3 53171.49 55104.43 57774.76 61441.06 65049.34 69987.33 73896.82 77460 78303.49 77858.31 72393.99 64433.65 60611.13 58320.86 56598.47
21992.12 22179.48 22482.08 22814.15 23215.86 23756.88 24097.73 24866.66 25739.78 26164.35 26121.02 25719.49 25396.08 25252.43 24951.62 24992.06 24772.58 24601.34 24723.36 24643.51 24488 25135.23 25493.16 25880.06 26758.05 27594.27 28364.75 29575.38 30406.79 32085.17 34036.8 36476.08 39003.63 41418.86 43675.24 45795.98 47803.77 49326.19 49923.43 49195.56 48377.36 47249.94 46482.16 46831.52 48005.16 49771.37 51560 52854.86 54143.92 55533.77 57569.05 60396.24 63556.46 67710.67 71752.77 75742.73 78570.66 78716.04 77878.59 71549.52 62520.21 59206.78 56469.04 54744.84
22086.76 22357.15 22631.82 22881.38 23211.91 23847.67 24231.96 24833.78 25677.52 26146.89 25475.36 25043.13 24948.71 24816.38 24594.17 24655.7 24615.84 24591.41 24599.61 24519.53 24538.31 24636.11 25368.38 25728.87 26597.88 27218.59 27827.19 29110.46 29851.05 31221.14 33445.73 36025.45 38430.02 40736.8 43000.03 45150.08 47241.74 48907.04 49519.46 48813.69 47837.34 46611.5 46093.55 46842.38 48689.13 51086.22 53474.71 55169.18 56740.52 58493.66 60515.49 63228.23 66384.25 69869.87 73306.63 76775.88 78539.25 78015.55 78020.36 71473.55 62145.24 58955.94 56751.5 54131.52
22179.68 22542.92 22849.96 23103 23407.54 23946.95 24417.94 25024.22 25457.49 25213.52 24959.16 24673.53 24462.15 24562.68 24566.64 24588 24595.25 24539.88 24535.27 24430.77 24454.23 24505.05 24801.02 25370.54 26384.9 27079.21 27540.23 28775.64 29553.89 30889.29 32995 35207.25 37610.36 40025.16 42492.56 44776.66 46872.68 48543.32 49117.89 48489.36 47375.25 46278.33 46169.83 47534.17 49792.53 52444.99 55073.59 57130.41 58792.14 60709.27 62709 64879.64 68165.62 70372.73 73295.36 76187.63 77055.84 77039.95 78059.97 72830.67 63367.18 59696.75 58056.01 54550.35
22244.15 22782.3 23064.14 23230.8 23533.29 24141.98 24602.51 24829.31 25183.57 24887.08 24576.12 24343.85 24317.69 24376.22 24441.2 24481.45 24521.35 24399.77 24457.23 24343.17 24400.91 24615.23 24696.6 24980.36 25926.12 26682.08 27458.06 28403.17 29176.32 30503.62 32646.41 34470.96 36915.91 39555.4 42243.41 44763.71 46975.73 48439.83 48812.18 48045.58 46904.19 46046.57 46558.1 48397.78 50882.78 53254.58 55514.65 57458.38 59099.29 61049.72 62877.64 64773.92 67530.34 69550.59 71537.73 74161.88 75021.75 76570.57 78199.39 74958.85 66001.7 60867.7 58957.6 55169.26
22243.94 22809.25 23173.93 23377.95 23680.46 24229.26 24654.87 24531.18 24589.07 24487.35 24232.24 24174.83 24201.39 24253.06 24276.34 24293.3 24315.88 24316.54 24330.53 24339.16 24378.48 24667.16 24670.22 24635.96 25321.1 26426.6 27242.69 28222.65 29042.4 30386.34 32255.55 34078.32 36491.67 39167.61 42139.21 44660 46742.8 47978.18 48018.8 47164.55 45950.7 45652.73 46437.66 48742.75 51198.34 53220.39 54872.72 56361.45 57724.39 59320.78 61132.57 63317.96 65609.34 68261.83 70214.24 72023.99 73681.93 75975.02 78176.7 76168.02 68379.1 61070 58115.68 54299.22
22151.25 22660.55 23113.75 23488.01 23818.19 24317.59 24652.76 24383.46 24285.45 24096.21 24022.88 24044.81 24099.79 24129.73 24137.3 24160.61 24167.5 24172.58 24171.65 24196.85 24281.26 24486.24 24564.11 24533.46 24825.31 25839.97 27038.61 27927.78 28581.75 30007.15 31949.32 33813.29 36085.17 38607.14 41381.91 43981.27 45941.45 47013.85 46845.34 45639.22 44469.05 44239.56 45086.54 47382.15 49961.06 52255.78 54082.68 55231.02 55897.67 57268.66 59318.65 61802.16 64265.99 66908.83 69648.02 71085.49 72374.09 74585.06 76473.65 75631.6 68152.41 58561.27 54472.41 50466.24
22025.34 22491.49 23018.05 23488.75 23856.5 24254.25 24431.14 24236.89 24024.22 23705.06 23768.55 23887.8 23928.67 23947.72 24002.93 24052.51 24077.23 24087.75 24083.81 24060.53 24168.56 24365.15 24485.36 24549.07 24618.07 25265.71 26629.79 27606.23 28343.76 29718.6 31776.68 33451.96 35524.26 37797.46 40362.82 42872.43 44920.25 46029.77 45650.77 44285.31 42964.86 42437.1 43222.52 45183.25 47914.91 50495.13 52744.65 54400.88 55341.81 56256.11 58558.89 61703.83 64571.77 67469.62 70158.75 69776.07 71278.57 72712.33 73494.7 74288.98 66191.27 54504.19 48806.99 44948.35
21910.44 22352.54 22928.83 23344.56 23743.89 24052.6 24042.38 23949.16 23617.48 23381.34 23473.52 23683.36 23773.48 23823.89 23902.83 23963.41 24004.5 24039.5 24038.1 24016.57 24085.41 24309.7 24411.75 24494.19 24591.7 24892.1 26087.12 27239.78 27992.92 29376.64 31524.42 33270.84 35103.94 37048.56 39484.43 41983 44121.51 45299.55 45005.56 43642.7 42094.18 41079.78 41255.98 42862.01 45782.62 48821.54 51507.57 53580.82 54963.18 56153.14 58415.24 61267.81 65216.85 67909.28 68796.45 67747.45 67423.7 70321.48 72529.98 73144.07 65321.47 53706.36 44575.23 41669.63
21744.75 22182.18 22700.32 23093.13 23509.25 23895.92 23775.26 23590.34 23310.5 23222.12 23288.71 23449.83 23684.59 23792.33 23865.31 23915.18 23960.76 23997.57 24007.46 24026 24048.03 24217.8 24338.33 24383.16 24550.73 24758.29 25685.82 26893.66 27692.14 29041.13 31194.57 33099.34 34875.57 36618.02 38941.61 41328.68 43526.57 44791.26 44836.15 43852.41 42156.43 40696.73 40071.98 41239.95 44083.71 47471.71 50667.75 53444.2 55367.4 56831.78 59207.64 61989.71 64862.41 66680.01 67017.94 65634.59 65209.13 66663.27 68219.94 68444.2 63132.23 53964.57 44146.2 37669.67
21519.8 22000.79 22463.37 22887.75 23224.83 23571.24 23563.61 23254.85 23179.1 23119.32 23158.32 23262.65 23491.02 23674.19 23824.5 23880.05 23941.77 23981.98 23999.09 24008.62 24025.84 24079.95 24262.74 24304.07 24403.9 24628.46 25341.5 26443.9 27466.18 28652.62 30832.59 32826.68 34706.59 36403.25 38649.74 40803.23 42951.86 44392.53 45021.57 44586.87 42952.2 40998.48 39699.3 40453.24 43047.87 46692.73 50375.59 54100.43 56573.25 58205.05 60742.64 63233.63 65203.37 65553.5 64216.28 63161.66 61606.14 62159.55 63278.38 63356.96 59535.08 51671.29 42668.52 35023.11
21377.59 21682.67 22216.39 22586.73 22940.55 23263.69 23340.05 23108.67 22957.88 22882.07 23069.31 23164.2 23248.88 23556.16 23687.11 23765.85 23807.74 23878.07 23907.69 23915.38 23944.05 23967.63 24106.76 24197.7 24215.58 24290.63 24711.34 25713.06 26978.46 28029.41 30282.55 32510.98 34394.66 36117.98 38321.14 40328.46 42388.78 44199.71 45556.28 45653.07 44030.52 41535.04 39672.12 40005.12 42498.17 46435.6 50690.58 55032.04 57664.61 59711.47 62253.13 64194.45 65230.89 64026.44 60186.63 58848.36 58069.27 58052.11 57929.1 57082.7 54118.73 47329.39 39520.23 33077.95
21252.3 21522.97 21863.11 22210.59 22545.27 22965.87 23054.49 22728.36 22543.87 22772.81 22825.02 23038.52 23129.79 23323.53 23568.91 23589.62 23630.81 23661.27 23671.4 23676.34 23846.78 23875.04 23909.75 24035.61 24102.34 24270.92 24323.53 25068.42 26383.16 27412.63 29346.08 32049.76 33830.71 35689.8 37779.91 39838.8 42032.14 44376.48 46321.68 46841.46 44976.18 41975.16 39596.01 39502.04 42208.75 46681.26 51630.48 56294.48 58710.18 61189.61 63474.4 64663.57 64493.5 60412.14 55385.61 53924.21 54325.28 54169.28 52807.55 50831.77 48138.46 42083.34 36630.02 32266.45
20793.94 20991.28 21578.06 21889.31 22212.54 22611.78 22642.6 22305.54 22207.89 22474.21 22664.06 22853.59 22899.47 23048.99 23273.4 23398.24 23451.71 23472.37 23520.43 23537.06 23559.17 23648.3 23663.6 23781.16 23948.38 23945.02 23990.62 24269.29 25383.48 26936.57 28699.95 31450.52 33448.77 35329.68 37371.2 39514.43 41907.04 44577.17 46792.13 47314.96 45419.46 42023.38 39435.23 39294.33 42470.05 47791.48 53290 58033 60450.38 62693.67 64401.17 64588.7 63246.16 55740.86 51219.12 50723.02 50724.25 50357.98 48316.17 45389.98 42385.96 37942.93 35180.1 32778.71
20379.91 20581.86 21074.48 21509.32 21824.78 22176.19 22320.4 22189.8 21929.33 22156.83 22358.46 22501.87 22634.34 22818.24 22915.55 23069.1 23171.82 23053.24 23047.57 23203.12 23242.48 23373.36 23501.05 23549.05 23688.6 23714.76 23649.23 23888.97 24914.55 26453.99 28049.56 30629.57 32767.63 34699.67 36897.28 38934.63 41481.92 44377.12 46640.72 47019.47 44912.53 41774.19 39573.64 40324.27 44402.73 50169.01 55902.44 58793.34 61618.55 63455.14 64221.37 63314.47 60698.42 53653.11 49284.74 48430.21 47782.21 46366.86 44090.01 40909.73 38061.52 36445.69 35266.3 33945.46
19835.73 20104.39 20493.02 20952.41 21303.99 21565.34 21788.92 21856.86 21854.51 21857.12 21961.51 22140.71 22236.43 22373.64 22439.97 22640.14 22762.68 22700.49 22686.44 22826.93 22965.21 23055.93 23283.68 23401.26 23550.53 23565.46 23582.67 23872.78 24691.52 25915.84 27159.46 29532.74 31726.01 33799.45 36034.67 37945.43 40319.73 43015.17 45043.63 45195.31 43342.45 41069.45 40611.69 43227.95 48626.61 54630.2 57613.23 61128.46 62883.83 63111.29 62367.22 60212.46 56084.67 52620.59 48364.76 42794.77 40867.14 40494.37 40011.83 38987.04 38109.61 37606.25 36755.16 35191.21
19316.19 19556.18 19911.41 20290.56 20698.4 20927.17 21111.62 21300.11 21606.8 21663.42 21585.68 21611.59 21689.07 21836.61 21947.04 22156.98 22289.79 22309.32 22333.3 22493.17 22728.84 22805.92 22969.21 23153.44 23385.24 23499.04 23611.88 23937.34 24350.58 25408.7 26475.77 28157.76 30530.29 32572.09 34366.17 36182.23 37958.55 40144.27 41725.43 41977.7 41094.63 40737.74 42775.45 47273.63 53192.28 56121.8 59657.61 61293.56 61205.57 59712.51 56993.34 54822.11 51818.26 46844.36 42679.18 39842.79 39252.33 39434 39831.42 40675.45 41736.17 41123.25 39816.86 37105.24
19029.13 19171.79 19403.06 19748.97 20170.61 20483.6 20564.7 20754.63 21102.86 21361.51 21019.92 20944.78 21067.64 21225.34 21419.9 21628.16 21774.55 21857.77 21991.8 22215.84 22429.54 22575.97 22694.2 22882.1 23093.33 23352.73 23594.4 23916.55 24189.21 24886.62 25790.36 26905.03 28839.4 30929.06 32309.69 33616.86 35055.63 36995.8 38342.19 38869.5 39430.35 41156.87 45011.07 50703.93 53521.77 56881.21 59339.71 58888.22 57382.97 55422.38 51575.3 48003.63 44553.52 41181.04 38716.25 37594.86 38645.03 40826.08 43352.81 44183.94 44117.19 44222.92 42868.41 37905.71
18721.8 18958.14 19200.04 19503.21 19931.88 20311.67 20347.26 20421.14 20710.48 20833.49 20380.84 20400.61 20478.26 20579.3 20824.94 21078.63 21235.09 21405 21666.4 21902.31 22082.49 22302.95 22453.4 22622.39 22817.38 23101.34 23450.48 23754.66 24042.58 24429.17 24952.29 25806.07 27044.43 28902.73 30268.04 31455.28 33019.69 35166.9 36516.55 37618.38 39447.76 42770.59 47484.68 51389.32 53467.12 56795.3 57100.55 54372.96 52590.04 48595.48 44465.74 41339.45 39025.7 37460.09 36737.95 37544.55 40055.28 43564.18 45068.18 45165.09 47119.54 49442.34 46757.63 38355.82
18764.14 18954.41 19204.91 19545.12 20058.14 20405.4 20544.24 20622.05 20539.2 20603.43 20507.31 20058.71 20027.54 20216 20314.07 20562.79 20737.5 20982.72 21267.89 21497.71 21756.44 21977.5 22175.05 22330.55 22658.05 22869.98 23185.6 23500.1 23733.64 24005.8 24247.75 24746.55 25611.19 26962.19 28559.27 30349.58 32500.65 35168.47 36929 38552.94 41079.8 44998.75 48737.79 51146.17 53164.77 54787.57 53403.13 50653.52 47000.95 42394.41 39350.86 37940.63 37260.85 37028.14 37532.32 39224.25 41991.02 44537.2 45110.5 45740.95 48379.58 50956.17 47772.92 38088.18
18654.92 18956.94 19221.13 19657 20242.55 20610.91 20524.42 20553.54 20572.19 20505.25 19981.62 19843.11 20014.75 20150.34 20047.79 20092.32 20331.57 20668.64 20898.61 21201.97 21359.94 21590.63 21966.61 22084.26 22419.94 22691.81 22872.79 23214.61 23429.19 23545.04 23918.4 24006.84 24604.17 25592.08 27365.75 29852.12 32780.32 35994.23 38379.39 40248.86 42877.66 46539.3 48631.2 50853.64 52061.63 52048.41 50280.17 47218.32 42094.47 39164.04 38578.72 39557 40747.25 41456.87 42117.01 42902.91 43723.61 44923.39 44787.69 46026.27 48360.03 50367.39 47453.16 37853.32
18319.28 18737.38 19149.84 19666.23 20261.71 20433.61 20295.95 20410.38 20312.33 20250.05 20479.75 20497.43 20529.58 20602.76 20467.22 20128.71 20369.02 20645.83 20782.73 20914.22 21190.88 21346.15 21653.18 21873.98 22109.59 22337.51 22547.37 22816.42 23036.37 23239.46 23551.82 24124.31 23990.51 24745.4 26579.34 29173.21 32359.73 35848.66 38423.97 40494.36 42964.51 46257.92 48442.97 49792.45 50356.65 49670.04 47937.41 42964.54 39669.06 39743.06 42218.37 45096.77 47228 47595.25 46963.5 45436.06 44576.57 44773.17 44528.53 45963.46 48046.11 49321.51 46742.34 38010.7
