Dropbox/GRP Data/GRP mammal paper/NN_analysis/DATA/2014 input files/ss_h_bio_5.asc
ncols         211
nrows         307
xllcorner     27099.1390263
yllcorner     -314514.2499113
cellsize      821.1860311
NODATA_value  -9999
[rows 84 to 111 of 307, columns 64 to 127 of 211]
3276.237 3344.28 3326.742 3306.694 3329.214 3336.55 3262.485 3120.226 2962.406 2794.868 2663.692 2740.125 3000.298 3025.537 2770.886 2572.018 2465.375 2499.109 2572.056 2612.99 2662.943 2824.752 2929.395 3077.374 3149.844 3149.298 3171.979 3261.406 3242.71 3206.694 3122.472 2851.673 2747.408 2640.276 2479.162 2445.456 2443.154 2482.984 2486.788 2578.405 2558.824 2556.106 2529.527 2394.938 2469.741 2644.218 2575.609 2462.865 2312.772 2093.978 1993.005 1920.631 1906.035 2065.926 1933.72 2001.288 2216.33 2229.931 2026.962 2069.159 2409.173 2249.602 2051.028 1979.999
3274.749 3340.637 3316.763 3254.297 3257.579 3312.567 3264.764 3085.938 2872.29 2737.487 2624.212 2606.215 2792.007 2841.206 2690.849 2551.973 2429.019 2421.157 2515.227 2562.659 2638.188 2825.378 3013.283 3097.516 3110.785 3022.145 2906.147 2966.062 3165.197 3262.449 3196.188 3129.837 3019.073 2918.606 2771.535 2778.14 2706.075 2736.803 2704.355 2719.765 2631.957 2648.343 2628.595 2449.521 2528.035 2704.54 2686.078 2563.531 2308.154 2205.608 2160.872 2072.631 2057.414 2197.798 2060.747 2060.568 2298.797 2271.812 2053.231 2201.366 2550.241 2297.194 2092.001 1930.08
3227.659 3309.43 3304.049 3244.581 3253.313 3306.821 3282.708 3155.059 2911.761 2699.559 2583.116 2540.602 2593.05 2620.779 2599.776 2539.383 2462.372 2484.037 2536.794 2592.383 2638.489 2711.344 2899.099 3005.709 2948.273 2933.657 2818.596 2741.666 2899.808 3020.523 2997.573 3131.85 3154.565 3120.617 3068.138 3040.249 3013.612 2988.837 2942.069 2845.781 2763.577 2842.858 2800.504 2743.225 2762.092 2775.463 2659.965 2513.89 2333.656 2369.196 2257.217 2122.179 2200.506 2306.059 2174.332 2163.124 2441.649 2391.086 2191.671 2249.283 2626.887 2287.933 1996.123 1837.187
3134.302 3234.986 3262.005 3246.649 3271.458 3288.511 3254.512 3195.885 3016.286 2752.608 2586.916 2510.069 2476.196 2491.854 2531.478 2511.405 2495.703 2544.273 2563.598 2591.906 2621.468 2657.266 2791.163 2846.366 2766.107 2753.499 2673.254 2546.29 2664.483 2747.643 2771.684 2931.477 3079.731 3033.037 2919.011 2871.134 2778.665 2772.011 2901.857 2913.828 2895.386 2890.473 2882.376 2907.674 2944.801 2871.125 2738.472 2674.758 2610.818 2464.559 2263.195 2207.003 2270.424 2434.891 2436.952 2453.771 2694.215 2663.509 2335.828 2270.01 2748.039 2441.963 2067.604 1874.216
3082.281 3184.067 3230.569 3189.124 3217.916 3235.13 3206.503 3178.354 3104.296 2909.863 2697.54 2530.88 2443.094 2442.401 2473.455 2474.717 2501.891 2530.693 2548.88 2613.392 2662.432 2698.719 2740.77 2731.549 2680.713 2612.757 2500.456 2428.891 2509.988 2533.471 2565.734 2673.6 2874.125 2905.916 2731.476 2629.584 2492.589 2470.506 2649.275 2765.352 2752.864 2735.247 2717.393 2660.219 2729.205 2872.825 2926.165 2915.782 2862.914 2683.593 2517.327 2569.655 2575.55 2705.879 2821.147 2831.278 2849.366 2868.685 2782.61 2643.247 2762.398 2249.818 1901.358 1854.093
3102.229 3231.55 3240.735 3080.401 3087.198 3151.947 3163.265 3148.454 3149.57 3076.711 2883.825 2616.023 2464.659 2422.32 2417.665 2433.747 2474.227 2476.517 2542.707 2672.55 2724.207 2732.151 2719.228 2674.865 2642.024 2547.789 2403.124 2340.297 2368.561 2389.429 2437.456 2511.736 2697.693 2838.868 2677.098 2479.416 2295.347 2278.471 2461.253 2625.982 2585.408 2568.518 2512.661 2435.067 2527.033 2763.532 2867.447 2891.872 2934.466 2894.794 2839.813 2866.646 2842.453 2766.23 2656.827 2525.606 2405.868 2525.929 2662.726 2764.94 2731.581 2365.771 2199.083 2133.289
3059.176 3189.865 3226.059 3034.653 2939.34 3025.963 2992.754 3010.144 3105.302 3108.72 3020.661 2739.226 2549.097 2476.383 2432.671 2399.624 2406.522 2428.101 2582.323 2695.538 2699.996 2685.873 2700.904 2644.761 2570.94 2477.283 2352.945 2250.281 2223.441 2259.73 2353.504 2431.922 2638.978 2807.438 2688.549 2430.888 2189.831 2146.777 2325.591 2467.816 2438.719 2387.082 2309.228 2345.686 2440.282 2644.17 2684.455 2601.372 2677.8 2738.981 2714.552 2728.747 2718.098 2563.894 2342.841 2221.596 2097.797 2192.48 2291.234 2381.705 2395.508 2373.529 2336.329 2318.341
2946.425 3057.353 3108.397 3059.751 2873.171 2800.156 2791.083 2840.019 2974.723 3032.256 3011.136 2911.959 2742.341 2600.154 2558.965 2428.883 2326.868 2363.214 2531.99 2641.409 2622.397 2632.099 2665.189 2652.333 2533.458 2404.356 2292.43 2211.845 2137.107 2138.072 2262.904 2375.969 2657.088 2746.605 2646.326 2434.702 2157.573 2058.19 2188.649 2271.708 2264.05 2196.176 2151.137 2289.949 2404.088 2537.247 2519.802 2372.049 2352.741 2394.769 2382.988 2442.099 2540.166 2479.133 2241.504 2071.125 1903.934 1970.287 2067.012 2108.018 2076.613 2211.002 2183.122 2111.207
2965.544 2967.195 2985.069 2963.828 2862.062 2746.068 2684.489 2777.147 2924.055 2985.894 2937.585 2883.629 2780.088 2641.257 2542.913 2448.885 2337.618 2364.798 2475.124 2524.008 2538.404 2580.011 2631.89 2647.997 2621.955 2532.434 2424.393 2250.098 2100.822 2161.416 2264.218 2430.669 2636.408 2628.503 2531.854 2430.81 2165.502 2088.094 2125.19 2151.259 2096.925 2049.574 2042.902 2145.157 2301.556 2392.579 2352.486 2263.417 2160.645 2128.665 2161.468 2294.184 2453.76 2501.511 2291.094 2083.451 1870.36 1819.6 1957.911 1989.736 1902.614 2043.503 2043.784 1901.867
3193.691 3035.205 3005.853 3005.376 2929.611 2819.918 2724.8 2721.208 2826.781 2893.773 2877.204 2811.87 2697.394 2597.855 2509.903 2443.489 2331.22 2321.519 2398.464 2444.049 2497.865 2605.309 2646.017 2619.182 2579.152 2482.407 2328.349 2191.244 2154.291 2216.982 2332.748 2423.488 2501.989 2521.591 2477.442 2319.019 2179.279 2147.599 2135.252 2117.633 2037.821 1933.681 1859.939 1910.204 2072.054 2164.418 2107.808 2041.45 2024.594 2022.756 2090.277 2278.606 2386.908 2454.285 2296.491 2151.95 1952.008 1726.612 1806.404 1854.102 1827.485 1932.032 1981.74 1842.202
3345.318 3200.877 3086.197 3053.615 2997.946 2924.719 2833.199 2750.524 2753.693 2783.927 2803.041 2727.915 2643.512 2574.376 2482.59 2414.615 2324.692 2262.703 2323.43 2431.955 2514.4 2577.002 2633.99 2611.709 2504.663 2396.439 2264.423 2160.509 2186.976 2325.093 2430.797 2429.226 2417.394 2472.302 2462.15 2342.647 2226.397 2184.941 2174.498 2138.749 2047.741 1885.143 1739.298 1796.658 1877.924 1899.011 1868.829 1861.253 1940.088 2118.962 2167.559 2282.415 2408.626 2427.066 2276.557 2130.052 1966.535 1716.531 1647.519 1723.761 1752.927 1818.087 1882.011 1815.414
3428.483 3353.46 3241.041 3185.533 3130.123 3068.052 2984.161 2876.605 2802.776 2737.643 2741.39 2737.099 2652.678 2580.846 2482.665 2418.955 2331.671 2246.207 2324.767 2458.021 2461.683 2507.291 2568.813 2549.86 2454.885 2305.382 2157.899 2102.927 2156.897 2235.429 2293 2276.085 2281.067 2282.205 2366.242 2348.159 2237.757 2154.854 2125.05 2080.861 1988.204 1811.797 1708.533 1724.04 1790.932 1911.042 1977.345 2067.552 2124.982 2275.806 2322.96 2364.3 2388.445 2404.213 2289.881 2100.403 1996.776 1827.81 1698.8 1767.679 1634.636 1674.742 1748.634 1756.964
3480.756 3427.251 3367.542 3328.695 3290.583 3228.981 3142.34 3065.986 2944.769 2772.677 2703.073 2750.153 2703.222 2636.781 2523.133 2446.748 2366.1 2265.82 2293.922 2398.966 2361.26 2404.898 2490.332 2485.819 2395.365 2249.811 2095.992 2034.823 2060.566 2101.634 2132.832 2127.61 2150.332 2210.473 2277.825 2271.02 2222.979 2095.076 1971.417 1963.187 1895.814 1761.567 1658.788 1760.371 1922.793 2015.15 2075.088 2199.868 2252.009 2319.577 2348.945 2361.598 2344.409 2325.082 2307.494 2159.449 2119.218 2083.341 1999.553 1887.048 1623.234 1570.686 1652.876 1711.832
3491.127 3451.089 3415.676 3395.233 3385.519 3340.769 3249.799 3209.388 3078 2866.272 2713.498 2718.782 2732.996 2661.246 2551.386 2466.583 2396.33 2280.906 2235.488 2282.087 2292.1 2355.745 2437.896 2428.697 2335.151 2185.302 2072.099 2051.563 2053.304 2074.744 2099.396 2113.008 2135.497 2160.296 2161.072 2147.813 2178.834 2066.6 1894.834 1883.626 1861.823 1767.391 1715.333 1840.934 2002.649 2063.174 2090.384 2226.478 2297.357 2322.356 2329.138 2314.288 2299.119 2299.063 2334.859 2242.963 2152.212 2121.176 2059.785 1951.358 1696.216 1571.658 1588.422 1607.802
3492.025 3494.443 3487.948 3449.541 3398.51 3363.757 3281.253 3214.57 3136.764 2983.233 2806.021 2744.18 2757.257 2630.898 2542.266 2486.839 2432.911 2333.678 2288.57 2280.772 2330.795 2369.348 2373.761 2362.586 2256.099 2121.101 2080.269 2111.426 2113.159 2121.699 2132.26 2131.314 2111.725 2064.55 2023.954 2049.463 2141.938 2053.225 1908.859 1885.494 1854.554 1781.172 1764.755 1880.889 2010.681 2094.984 2140.723 2246.635 2220.903 2205.707 2223.458 2233.598 2205.146 2243.949 2243.202 2260.599 2226.465 2130.101 2064.2 2006.033 1827.602 1737.445 1645.865 1570.89
3491.006 3479.398 3437.43 3431.187 3391.595 3368.077 3297.519 3186.983 3148.744 3070.059 2961.985 2922.972 2870.488 2686.386 2578.968 2574.159 2559.599 2513.335 2521.578 2476.431 2476.186 2408.207 2303.003 2287.887 2170.904 2101.761 2116.14 2137.71 2146.247 2141.598 2120.077 2087.237 2019.111 1960.104 1918.581 1981.944 2101.984 2027.229 1925.863 1911.876 1869.365 1817.325 1817.865 1926.592 2026.415 2123.849 2163.298 2208.036 2118.817 2050.149 2080.583 2104.971 2115.289 2132.235 2096.979 2149.204 2217.23 2167.115 2072.276 2011.001 1908.516 1815.06 1722.45 1605.56
3418.498 3435.436 3417.657 3405.308 3411.591 3398.154 3323.168 3222.987 3134.328 3069.946 3059.371 3044.143 2851.119 2724.688 2710.679 2786.562 2793.201 2713.237 2717.788 2628.995 2596.838 2523.666 2388.548 2254.678 2186.296 2129.334 2144.004 2146.178 2148.212 2108.979 2053.906 2025.053 1943.879 1890.53 1858.809 1915.08 2038.237 1993.048 1894.818 1898.428 1881.098 1857.845 1896.241 1990.655 2054.622 2120.218 2132.377 2124.081 2052.628 1969.529 1976.227 2006.751 2053.939 2038.054 1982.153 2009.636 2139.849 2171.32 2118.988 2071.719 1956.182 1857.944 1722.837 1622.339
3371.07 3402.92 3414.065 3404.022 3420.918 3400.813 3338.748 3297.912 3249.111 3173.466 3098.494 2929.6 2880.554 2911.907 2877.413 2931.929 2910.816 2856.252 2798.031 2627.918 2585.979 2618.2 2514.378 2440.846 2292.153 2178.535 2176.01 2160.149 2138.138 2068.594 2018.591 2017.901 1906.728 1816.965 1789.713 1858.229 1978.276 1975.353 1854.955 1840.552 1840.506 1874.238 1967.112 2021.628 2034.217 2066.395 2085.084 2051.18 2023.826 1956.377 1929.784 1968.32 2018.548 1980.662 1874.388 1871.519 2051.753 2125.106 2074.691 2099.911 1998.285 1875.733 1731.853 1631.876
3367.733 3356.028 3382.683 3368.594 3353.636 3368.144 3353.288 3319.969 3268.389 3206.518 3133.132 3020.146 3023.418 3058.255 3000.661 3011.05 2939.256 2900.041 2763.752 2558.622 2548.873 2691.421 2613.213 2459.925 2219.875 2212.304 2249.446 2247.896 2161.679 2073.551 2070.689 2039.735 1916.161 1779.717 1782.989 1848.024 1938.187 1951.376 1849.363 1760.593 1765.071 1932.411 2005.888 1995.863 1957.876 2002.87 2049.446 1994.879 1999.664 1918.823 1901.083 1945.504 1996.325 1948.127 1787.796 1781.804 1990.116 2069.463 1934.627 2017.267 2039.953 1905.24 1758.05 1639.026
3365.249 3332.835 3347.89 3330.812 3335.876 3337.413 3344.501 3328.896 3282.028 3237.451 3161.319 3133.091 3154.823 3153.013 3115.293 3019.849 2952.852 2888.795 2695.119 2476.814 2536.958 2714.907 2642.218 2396.547 2181.162 2233.857 2306.6 2300.149 2188.259 2132.093 2188.891 2100.634 1962.349 1942.9 1880.382 1813.62 1828.056 1870.395 1815.375 1722.235 1758.163 1930.503 1976.437 1890.375 1902.278 1980.536 2023.854 1936.119 1942.528 1866.15 1863.727 1934.693 1963.186 1963.733 1829.205 1831.434 1956.247 2038.067 1865.576 1881.607 2030.278 1995.174 1816.858 1690.911
3349.051 3325.509 3345.199 3320.063 3342.411 3324.304 3327.98 3329.005 3294.805 3274.261 3227.482 3226.728 3244.887 3226.592 3153.221 3001.803 2953.324 2865.096 2711.005 2497.348 2546.044 2735.347 2642.797 2380.178 2157.114 2215.439 2323.783 2355.883 2288.021 2248.649 2304.914 2188.844 2031.098 1978.354 1903.58 1842.833 1841.339 1840.417 1812.203 1752.453 1750.485 1838.98 1830.699 1835.505 1893.714 1949.288 1978.499 1901.104 1900.479 1846.531 1776.39 1913.476 1911.231 1935.472 1800.764 1822.289 1886.738 2011.427 1902.812 1758.454 1882.671 2062.126 2001.932 1851.527
3350.297 3340.505 3364.561 3340.225 3361.141 3333.753 3324.374 3317.891 3289.176 3299.573 3292.528 3280.512 3301.396 3275.123 3149.441 2989.256 2948.722 2875.073 2791.978 2616.19 2594.348 2763.888 2627.75 2328.405 2118.756 2190.062 2310.084 2393.461 2398.015 2394.989 2368.934 2206.057 2114.781 2060.988 1971.302 1966.121 1981.615 1949.586 1886.77 1831.25 1807.387 1809.915 1717.707 1708.225 1824.556 1906.497 1947.037 1869.879 1867.896 1856.15 1726.605 1882.335 1818.679 1829.63 1801.964 1724.701 1750.834 1963.504 1905.227 1636.082 1717.429 1874.813 2050.552 1829.508
3397.283 3389.424 3385.761 3370.509 3408.593 3373.381 3353.559 3321.168 3277.454 3308.461 3325.111 3305.758 3343.294 3302.972 3172.028 3013.104 2958.062 2912.896 2876.123 2749.554 2689.752 2801.329 2640.01 2337.188 2149.751 2202.271 2299.714 2406.372 2459.406 2434.452 2350.258 2252.272 2202.573 2137.389 2086.368 2104.364 2088.743 1988.867 1920.661 1908.875 1915.888 1850.867 1745.539 1663.275 1761.451 1856.699 1892.726 1814.306 1805.668 1841.832 1721.913 1832.534 1720.514 1783.919 1775.007 1645.439 1818.035 1950.421 1798.102 1628.437 1668.863 1737.564 2045.982 1819.256
3467.157 3435.234 3421.83 3394.022 3459.893 3433.942 3417.236 3357.387 3283.194 3310.296 3342.735 3330.809 3376.1 3335.684 3238.154 3070.858 2980.876 2941.805 2930.153 2849.769 2775.656 2847.457 2733.91 2503.607 2304.97 2342.173 2354.314 2429.743 2476.9 2416.532 2342.524 2324.851 2295.232 2244.654 2209.88 2191.946 2111.719 1991.793 1961.823 1985.396 1985.255 1893.272 1775.945 1652.457 1676.1 1780.855 1829.87 1724.829 1712.33 1791.649 1717.085 1730.779 1648.469 1790.201 1761.435 1672.191 1888.288 1904.542 1726.293 1592.639 1589.261 1773.796 2024.197 1821.004
3531.225 3439.606 3451.405 3440.657 3489.994 3445.419 3460.369 3354.219 3279.949 3303.885 3347.161 3346.52 3385.391 3375.245 3297.109 3117.359 2990.773 2947.703 2960.139 2938.212 2806.849 2875.866 2889.792 2759.4 2528.293 2601.698 2542.067 2537.539 2531.443 2465.044 2409.607 2385.259 2367.187 2334.633 2265.031 2186.149 2077.654 2010.537 2022.086 2023.307 1987.227 1910.38 1840.99 1668.326 1593.527 1678.504 1752.837 1645.876 1614.873 1721.567 1677.804 1641.834 1662.726 1807.925 1729.085 1725.921 1923.345 1839.825 1663.106 1552.65 1579.609 1842.075 1940.592 1798.726
3560.608 3486.395 3506.518 3505.651 3527.919 3493.421 3519.086 3405.379 3336.814 3330.05 3368.276 3364.294 3402.627 3390.718 3284.947 3167.854 3016.95 2952.88 2968.976 3009.575 2889.096 2846.159 2968.539 2933.349 2732.34 2785.735 2837.092 2729.873 2637.737 2541.861 2467.366 2426.188 2384.291 2303.127 2214.355 2126.13 2047.082 2045.801 2072.394 2031.739 1996.011 1954.812 1931.663 1695.661 1567.576 1613.662 1681.223 1611.483 1566.594 1624.311 1609.174 1590.479 1679.829 1781.954 1688.945 1748.813 1915.621 1795.139 1594.661 1519.499 1620.701 1869.09 1807.953 1799.235
3581.444 3508.919 3529 3536.447 3564.346 3496.886 3530.633 3438.043 3377.604 3346.052 3355.258 3371.572 3389.872 3356.53 3280.053 3225.145 3079.314 2960.313 2935.918 3046.645 2988.311 2924.369 2991.25 3011.271 2926.853 2966.16 2928.785 2716.538 2496.992 2413.513 2411.362 2402.425 2355.223 2245.333 2146.691 2149.571 2070.885 2096.879 2121.418 2086.869 2089.414 2063.894 1952.198 1739.52 1647.644 1669.209 1667.246 1610.947 1574.529 1567.28 1582.556 1591.029 1635.574 1682.837 1646.598 1743.019 1882.112 1813.982 1597.345 1515.841 1643.242 1847.194 1719.748 1782.328
3620.287 3582.553 3571.818 3584.593 3588.183 3557.082 3555.867 3492.794 3425.736 3370.395 3361.05 3387.383 3384.955 3338.09 3249.333 3227.109 3159.833 3098.241 3056.386 3075.131 3035.285 3022.825 3111.362 3125.473 3062.629 3030.49 2934.255 2772.323 2507.116 2338.836 2290.407 2304.122 2284.7 2135.285 2169.899 2219.698 2122.225 2120.089 2172.438 2153.185 2179.456 2134.294 1970.043 1905.816 1858.004 1833.186 1732.358 1618.381 1602.063 1635.948 1651.377 1642.228 1588.074 1573.51 1612.358 1736.372 1823.884 1838.788 1693.903 1530.34 1615.852 1803.79 1700.425 1724.509
