Dropbox/GRP Data/GRP mammal paper/NN_analysis/DATA/2014 input files/ss_h_bio_6.asc
ncols         211
nrows         307
xllcorner     27099.1390263
yllcorner     -314514.2499113
cellsize      821.1860311
NODATA_value  -9999
[rows 112 to 139 of 307, columns 62 to 123 of 211]
146.8564 164.0013 162.3556 153.1936 179.0984 164.0244 173.6362 191.6776 252.5095 310.8488 292.7554 283.7917 295.1603 328.6037 331.5025 288.063 210.6269 176.417 157.3979 128.0412 102.1596 76.50827 50.15673 32.77031 -25.138 -170.2878 -228.1856 -349.2606 -460.5777 -537.3041 -618.7418 -610.7078 -613.939 -637.4037 -692.8423 -743.2784 -804.2297 -917.7474 -946.2911 -1023.352 -1046.189 -1049.438 -1055.105 -1097.237 -1221.074 -1222.301 -1184.901 -1037.57 -1005.419 -1024.763 -1061.411 -1099.124 -1129.134 -1169.856 -1183.565 -1213.756 -1233.092 -1287.086 -1304.367 -1262.301 -1303.102 -1384.825
160.073 173.4731 166.8032 145.6465 144.8679 151.8052 218.1179 245.3906 260.134 224.8652 261.5092 280.0699 303.7552 330.0426 321.708 261.3481 159.3665 175.8325 177.4613 180.2808 178.0659 164.0939 160.1152 124.8156 28.62952 -198.6695 -311.3358 -429.7261 -513.329 -561.6027 -592.1078 -553.0502 -565.5953 -596.4564 -673.1403 -722.5169 -789.7088 -888.3022 -951.9978 -986.6806 -975.8219 -976.1767 -997.1022 -1013.098 -1053.63 -1077.198 -1177.351 -1184.75 -987.3381 -906.2499 -1012.616 -1122.646 -1198.416 -1167.767 -1158.306 -1188.781 -1219.513 -1311.259 -1312.443 -1310.842 -1318.534 -1341.784
208.316 174.3333 155.1292 202.7553 220.9217 218.6229 282.5544 268.7614 178.2466 133.5278 261.02 308.9436 326.5054 329.6536 305.6133 234.4442 121.374 154.421 172.4865 193.7355 213.611 222.0435 218.3944 148.0584 -5.375536 -207.3125 -216.8866 -358.7347 -453.4651 -561.0376 -615.5801 -595.5857 -608.8564 -634.6487 -646.2994 -685.7768 -778.313 -810.0394 -863.6295 -871.1993 -879.0687 -920.1043 -963.0632 -1006.315 -1036.529 -756.0829 -904.0048 -959.5034 -929.5736 -924.5271 -1051.067 -1198.759 -1192.815 -1146.045 -1112.772 -1110.389 -1188.4 -1243.205 -1270.122 -1309.676 -1330.337 -1355.259
284.041 196.1076 161.3786 304.8462 343.143 283.0408 250.0921 196.5245 90.96892 129.2034 288.1151 339.7695 332.9872 329.0921 301.1523 228.399 124.0249 120.2406 148.2746 187.5586 205.0381 232.6006 217.1268 139.4259 54.36141 -109.0472 -29.86489 -158.2352 -318.8229 -478.893 -564.2721 -565.6078 -594.4645 -631.7889 -610.0137 -635.8896 -729.8483 -723.2081 -780.2435 -785.9684 -759.967 -750.9032 -799.2593 -814.9847 -836.7013 -661.4676 -822.2303 -969.8826 -1018.057 -1046.613 -1160.853 -1203.952 -1166.997 -1076.866 -1189.23 -1131.459 -1140.073 -1257.691 -1286.888 -1277.565 -1317.611 -1360.309
170.3825 172.0752 170.9912 296.416 299.6845 177.5957 138.9983 127.7106 130.3556 158.8793 301.5355 325.7221 297.7914 322.4994 312.2044 236.8713 158.8471 100.3663 108.1202 151.9931 152.0003 191.9948 195.4794 165.4159 177.0041 27.82059 58.60684 7.734965 -210.6644 -360.9494 -438.7269 -457.6392 -516.3707 -577.9366 -579.3674 -585.9663 -643.2371 -621.2787 -687.0152 -706.4605 -667.1616 -620.1569 -634.7086 -670.3704 -713.1328 -662.7178 -752.7979 -900.2163 -938.1823 -1014.562 -1079.825 -1045.77 -1030.511 -992.7164 -1152.21 -1090.975 -1078.229 -1110.865 -1135.405 -1186.988 -1233.16 -1261.255
168.4033 189.5152 184.0385 299.4836 351.9571 313.4966 289.3501 285.9214 300.1249 298.4749 303.0276 301.2427 265.8511 305.4205 332.6003 262.2079 233.1091 106.9627 83.2782 85.19164 108.4662 151.0406 194.6026 203.1249 121.3904 33.83902 67.98074 -4.227524 -173.6866 -261.207 -306.924 -379.3217 -478.1543 -542.5525 -565.112 -555.7103 -553.5902 -537.9305 -578.0037 -604.2859 -598.7944 -579.8851 -566.2725 -591.106 -739.386 -743.0062 -781.8184 -716.4639 -748.879 -857.3345 -893.2411 -928.0172 -988.3112 -1006.899 -1077.039 -1045.589 -1079.568 -943.5637 -1133.705 -1234.421 -1256.537 -1275.704
168.3034 226.0258 276.1178 351.5068 382.9456 359.7436 310.4181 337.7462 312.7703 304.9674 239.9842 163.7564 158.8928 286.8765 335.2155 255.2569 241.351 137.7165 51.36601 41.70819 82.47703 99.42114 132.6192 89.36864 95.04644 62.46317 187.8263 -124.322 -147.1134 -122.5148 -137.6513 -292.2433 -469.0429 -522.5441 -547.5656 -532.8674 -489.7734 -517.354 -510.0816 -515.9202 -538.9225 -551.3871 -540.1665 -514.2642 -734.8479 -812.5952 -878.5729 -658.4868 -675.0625 -762.4307 -800.2322 -875.4838 -941.673 -959.5877 -1008.803 -994.8499 -976.6157 -780.4552 -1013.136 -1159.806 -1257.234 -1320.859
154.762 183.0646 209.3697 216.811 213.2785 327.9187 342.0523 381.5823 358.3437 329.1439 191.6514 150.849 249.5696 316.9009 283.6504 214.6431 165.439 145.7435 30.64304 56.51442 76.4026 119.2047 147.2255 97.98593 105.255 108.8243 188.4827 -114.2895 -110.4594 -5.610254 -48.27137 -220.2465 -433.382 -478.2625 -497.0866 -444.7661 -435.4059 -496.6719 -499.2485 -480.805 -504.2743 -507.6421 -465.8359 -518.5369 -606.9381 -714.4243 -809.9344 -721.7931 -676.6207 -710.4904 -739.5784 -747.5826 -793.5634 -821.6942 -896.9191 -854.2769 -769.8367 -782.6808 -926.5815 -1074.204 -1193.388 -1303.657
150.7013 166.367 225.673 295.8606 295.1793 346.2465 354.4598 375.2786 326.5089 370.7325 268.0251 144.9749 259.7736 333.5396 284.7985 256.9066 217.0338 159.2477 134.2062 80.03349 64.06233 120.6648 166.5234 133.0573 113.7856 122.8542 258.5474 148.191 103.8341 86.94396 -4.298705 -191.1342 -374.2283 -421.0916 -437.1384 -448.3583 -402.1089 -484.1543 -474.6577 -449.4691 -473.2929 -449.0005 -404.2618 -561.1925 -536.9811 -617.5495 -677.1321 -455.2535 -439.0264 -446.166 -457.1792 -537.0533 -731.797 -792.8779 -728.5573 -663.959 -719.2646 -989.0385 -1107.814 -1162.869 -1165.375 -1257.439
156.3613 173.3582 269.2893 362.3354 341.1991 274.4695 335.2035 330.0291 297.5953 321.3569 302.9165 213.9302 186.0809 216.8033 296.2185 312.8108 245.4675 206.5539 192.2718 194.3574 190.9181 176.9301 187.1065 258.692 151.0621 106.5585 140.6906 87.14753 72.89095 92.39485 19.46268 -115.1168 -256.8474 -357.831 -382.0302 -328.8251 -305.7338 -463.0034 -451.6473 -398.0839 -390.5878 -443.7254 -513.0434 -393.6949 -295.3265 -491.4151 -507.1348 -347.9114 -346.8797 -333.4649 -374.7834 -559.519 -740.7232 -680.3447 -604.9188 -706.2412 -917.1987 -1028.163 -1131.46 -1151.414 -1215.739 -1270.229
159.0284 171.7199 232.6656 277.3682 298.7054 262.7767 329.0344 323.8213 252.2953 229.5622 251.5482 269.8407 155.7753 143.0969 297.5962 324.1601 258.8041 192.0345 183.0679 286.1747 305.1246 277.9637 177.0895 237.4642 154.7733 87.53851 63.42234 89.86984 89.77991 71.75474 -55.28594 -166.9696 -280.8203 -346.3974 -222.5987 -110.7286 -226.7671 -294.1995 -318.9831 -424.1575 -379.5473 -304.8677 -280.3194 -211.2917 -198.5541 -252.1938 -259.6684 -225.0774 -207.55 -196.2243 -274.2361 -370.1983 -452.7542 -464.4764 -529.6865 -656.5631 -811.2607 -1007.821 -1158.985 -1154.437 -1228.491 -1305.141
156.5848 160.3064 157.1104 160.8488 238.9226 330.5504 357.6824 344.7764 245.6573 172.3276 177.961 228.9273 160.4554 143.6015 305.0274 301.4691 252.101 158.0203 154.7937 319.0322 342.7502 344.1078 226.3053 236.3135 144.3854 78.86038 37.78882 49.45327 24.66549 -22.55457 -185.6658 -266.0987 -265.6316 -246.3723 -112.4042 -2.755178 -157.5908 -167.009 -120.2823 -284.2345 -215.2352 -99.04552 -87.1151 -68.48949 -138.9619 -179.696 -205.0614 -154.8876 -190.2609 -230.6998 -247.7375 -275.4295 -358.0204 -438.657 -573.1299 -689.166 -761.2244 -1008.974 -1156.171 -1209.885 -1245.309 -1327.39
159.3962 167.8265 177.9956 168.9984 185.3343 324.8157 391.4666 350.8426 327.8676 160.5437 145.4319 146.1308 146.4599 144.4246 307.0579 296.538 262.28 149.0431 141.6345 314.7691 297.2088 278.2791 235.7018 218.9961 124.5765 87.77183 53.69969 28.87599 -70.21489 -158.3453 -308.4125 -331.5336 -206.7458 -92.30469 -22.86387 39.4495 -50.09684 -50.69028 -8.945745 -89.78417 -62.01828 -16.57607 -39.53342 -79.19231 -174.6008 -296.2639 -243.2496 -208.2731 -245.0578 -377.7832 -471.8789 -423.8698 -377.5906 -429.2522 -634.6009 -876.5127 -966.3565 -1014.202 -1146.136 -1171.534 -1234.832 -1304.064
157.608 202.6205 272.1587 212.1248 214.2316 341.0734 416.3135 398.9091 371.0707 173.4174 164.8165 144.5622 142.5363 158.4326 295.0255 323.3183 333.8098 170.4935 138.4245 286.8773 231.9272 143.9901 140.1974 118.2442 100.3525 103.8431 81.72844 111.9715 -114.2329 -219.6138 -287.5081 -250.1344 -122.22 12.98061 46.66884 67.67258 32.52321 28.41282 16.47868 3.2777 -3.712009 -42.37191 -121.5222 -227.1897 -339.9566 -467.1227 -426.1147 -324.5522 -313.9425 -480.6429 -677.1566 -658.2658 -506.0102 -450.8431 -639.9984 -911.7458 -1067.717 -1078.091 -1158.083 -1202.385 -1215.031 -1276.252
165.9362 223.2336 379.3741 388.9092 376.7368 386.8036 424.0187 407.3589 376.1646 287.7891 282.7227 144.9684 136.2853 253.981 364.3871 317.8234 370.3481 272.1627 137.35 226.4191 249.8918 155.5468 115.1401 106.7732 110.0403 103.0531 77.86498 214.1465 -116.3824 -145.207 -101.9403 -57.50114 -4.879483 64.08999 86.40338 82.52109 53.22918 42.45527 16.00973 -18.34053 -26.72177 -132.0156 -273.1468 -411.6288 -464.5256 -508.7831 -519.8012 -483.5184 -458.4495 -616.6451 -777.7233 -793.0984 -636.3276 -492.7456 -590.8944 -849.1643 -1063.263 -1084.9 -1133.126 -1181.629 -1208.472 -1267.139
170.0021 237.0496 391.726 395.9921 381.9367 402.8031 428.5069 431.0478 383.5725 370.8524 320.6226 151.218 148.4198 286.9538 405.1764 280.7794 298.1205 262.6294 161.498 200.916 180.5706 108.0323 122.8923 123.1946 120.7904 90.28452 70.49939 230.5282 -21.88792 -18.88358 4.876283 2.484775 89.97003 138.9568 125.1134 78.54964 66.85604 35.62169 15.28016 -86.66427 -92.37866 -238.5512 -412.6519 -523.0776 -471.7068 -466.6376 -509.8737 -595.5003 -616.9666 -711.607 -702.6362 -724.8665 -703.2924 -634.902 -607.8592 -757.5878 -993.635 -1105.265 -1107.502 -1166.223 -1243.524 -1287.414
172.1058 191.8813 232.4913 225.0348 258.5349 300.5769 330.5026 420.8802 409.9623 412.7771 356.448 150.4279 149.8099 168.0541 202.4364 240.7527 266.5714 207.9721 171.1235 183.6535 189.1926 95.76311 111.311 122.4314 121.3622 91.15994 63.66758 197.4706 194.2438 184.9671 141.3814 144.3602 79.60488 107.5886 99.84782 49.98355 51.02452 15.25035 38.05807 -210.3464 -201.9934 -253.2749 -449.7368 -527.7286 -512.402 -547.5025 -640.8503 -579.2623 -628.3996 -620.2916 -523.6768 -590.4346 -724.2493 -836.3428 -755.3246 -748.0488 -913.589 -1072.972 -1092.122 -1199.199 -1264.305 -1305.344
173.5966 173.5182 172.0013 164.2713 188.3604 202.9306 253.6789 355.8932 418.8734 385.2414 353.3641 144.5764 145.5433 167.8963 160.9628 200.8568 223.4215 225.9246 255.1966 265.106 210.2302 102.9372 106.1935 110.8379 105.6571 189.3959 163.3056 191.1591 204.4999 99.20961 111.7076 126.4322 121.4751 114.9669 74.21208 34.56736 -130.9068 -131.7207 -71.43241 -236.949 -366.2566 -272.4794 -374.427 -541.6675 -544.5081 -563.5706 -656.16 -593.6942 -544.9121 -535.9461 -583.9924 -679.2952 -759.051 -879.7236 -908.3976 -894.6303 -911.3051 -960.4021 -1085.536 -1211.473 -1223.561 -1292.683
174.7002 176.8657 175.7898 169.786 168.5074 168.3125 196.263 237.7963 341.497 327.2923 298.1951 146.2361 150.2993 174.6444 223.0499 250.2445 191.0258 215.3793 278.958 264.9758 162.9854 100.7228 112.426 109.786 148.6555 150.0114 101.8919 223.1062 114.5043 113.0017 118.3232 124.1583 113.7256 92.12753 52.86846 -22.98264 -184.0816 -288.3305 -315.2519 -343.2953 -369.8742 -498.1939 -515.0358 -580.8693 -655.4764 -502.5942 -655.9091 -666.8453 -653.5901 -578.7715 -594.6884 -746.6243 -803.0048 -841.7672 -898.3324 -973.5831 -1018.74 -1176.25 -1155.521 -1152.346 -1196.117 -1278.342
175.0206 181.0303 181.2581 177.4078 168.4511 173.5949 177.9905 168.7564 280.4608 287.3472 219.5023 161.4182 160.8965 180.4527 257.7726 245.0351 178.9226 204.0364 287.5678 290.3627 139.6942 106.026 112.6155 132.3781 178.1374 128.0675 92.49137 131.7047 86.62708 101.4072 110.9039 123.4913 109.5044 110.1558 27.49815 -115.2927 -260.585 -305.4181 -345.3622 -376.5254 -413.9789 -415.2784 -402.4773 -415.7753 -496.7495 -617.1377 -727.8177 -726.1827 -591.3145 -525.7842 -517.177 -605.5635 -721.7806 -758.8826 -817.6981 -976.7669 -1125.385 -1219.337 -1163.206 -1200.117 -1247.946 -1280.084
174.7975 181.5345 181.9566 181.8696 178.7393 183.2273 186.9281 170.7195 262.4419 276.709 170.1783 179.1408 169.339 186.2872 256.3152 245.0891 226.266 246.4127 298.9698 319.2626 201.2611 105.0178 107.9401 122.4979 146.3134 104.0755 82.56575 86.59336 87.20831 87.9904 110.8644 110.0829 112.8457 132.1297 52.05152 -129.4458 -172.9463 -207.1838 -307.8579 -356.5931 -457.1119 -477.0875 -495.3994 -424.3347 -471.4814 -589.4031 -590.1923 -592.6317 -698.0673 -646.6252 -663.9688 -651.7714 -707.9167 -820.7712 -976.0085 -1053.725 -1084.605 -1177.233 -1244.069 -1260.667 -1262.803 -1312.688
174.9243 182.1067 183.7923 188.3503 192.8253 190.1067 183.9411 175.2863 210.2112 254.1464 175.9802 187.2209 182.8084 213.5431 276.0561 304.917 281.6592 272.1324 259.5261 296.6397 263.3008 110.6357 99.63166 93.55088 96.73749 74.78922 60.61268 87.043 85.99114 90.64595 156.7884 105.1603 96.32382 114.5217 63.48138 -23.69349 -31.0346 -64.61146 -211.5101 -287.8233 -400.9653 -488.4641 -551.0999 -510.0921 -491.5269 -601.209 -611.3716 -595.7023 -634.3239 -534.8231 -541.8489 -550.4924 -605.468 -702.8286 -853.5622 -983.5748 -1051.768 -1095.034 -1150.802 -1256.351 -1316.746 -1339.813
176.2556 179.4693 187.2461 190.4222 193.4731 191.7434 191.4457 193.3029 164.4539 181.3303 199.8074 192.3966 216.358 295.2724 310.2274 290.4125 227.1676 181.2505 186.0145 247.3712 239.8577 144.7706 108.6745 92.27627 85.6463 67.05257 65.83127 80.04553 88.74139 103.5258 186.0012 140.293 96.32005 126.4487 69.33128 56.9542 38.98499 16.33446 -84.48382 -182.3813 -322.1756 -458.5958 -544.6149 -554.8145 -528.9295 -581.6954 -558.0899 -529.1202 -452.4521 -408.7163 -511.4363 -634.2636 -719.9275 -768.8406 -836.4031 -904.5231 -974.021 -997.0891 -1107.5 -1248.59 -1368.816 -1396.614
177.0819 178.8815 187.3613 188.4287 187.5208 191.0416 194.4247 195.9856 215.4193 191.5643 204.3671 206.2823 239.1497 302.5738 247.348 209.3024 157.5405 132.1801 290.204 218.2265 244.4521 163.1338 163.7456 104.1562 89.80901 74.37446 83.27738 96.49982 93.2038 113.8642 124.2164 180.3919 114.6411 132.6953 82.14751 35.63874 50.53536 35.1269 0.3637013 -75.94968 -297.952 -453.7147 -514.3391 -495.1835 -451.8087 -428.8464 -375.3448 -358.5713 -343.0136 -437.6836 -626.7604 -800.7564 -894.34 -917.9318 -940.3802 -969.6669 -1055.784 -1047.352 -1095.995 -1222.408 -1346.117 -1410.464
178.9979 179.5032 187.0787 188.1621 192.4002 196.6181 197.5571 199.9707 218.7578 202.8128 213.268 208.5823 215.5263 235.4821 245.4094 194.5317 153.0197 186.963 337.7128 331.0931 165.3812 128.9617 122.6311 112.0579 96.2047 94.9518 91.14841 86.87141 88.54559 108.36 107.0455 134.6264 37.14 -85.69108 -10.76471 18.14789 59.63321 42.32808 10.29431 -13.43447 -289.9839 -406.8974 -396.9517 -332.5888 -232.6439 -210.5314 -237.0229 -281.7426 -408.6093 -588.1024 -769.3586 -849.218 -892.3361 -940.7732 -1001.771 -1059.263 -1131.547 -1150.768 -1099.241 -1200.088 -1337.078 -1409.245
173.2847 173.6741 183.0879 191.4954 197.3276 191.9427 197.9774 203.9542 206.8882 209.8661 214.0668 212.5548 224.2528 206.3319 200.4138 188.2001 218.1049 292.4541 297.9388 191.1627 148.9867 115.4453 125.5392 113.8785 109.0307 96.53566 224.6903 300.3329 285.9161 272.8961 243.5631 204.0385 47.91646 -143.6016 -202.1962 -127.1881 -122.3632 -139.8264 3.161764 0.4063058 -229.2543 -214.8853 -165.9219 -142.5659 -118.4677 -155.217 -277.3539 -439.9229 -605.5493 -702.8557 -818.2704 -784.9178 -781.9656 -877.9706 -995.7814 -1079.421 -1105.387 -1186.325 -1125.399 -1190.671 -1306.128 -1384.377
170.5084 170.5234 176.3628 187.8957 196.9978 200.7978 212.078 201.4278 203.2604 224.932 211.5108 212.6346 226.4721 221.2412 215.9384 189.9464 194.7281 295.85 185.3318 140.9343 138.1681 120.6663 120.6338 114.601 111.4934 97.55966 112.2148 118.8528 120.894 256.5072 106.163 89.9636 -11.64788 -165.4442 -274.7118 -315.1696 -281.0911 -278.6414 -87.8729 -20.08416 -57.92802 -98.37721 -141.2684 -118.5584 -180.8846 -316.0412 -524.0751 -712.0228 -810.4313 -677.1691 -636.319 -730.0328 -839.4695 -938.3792 -1048.546 -1134.028 -1166.381 -1198.767 -1168.367 -1184.183 -1210.249 -1354.466
170.7268 170.4583 171.923 180.2744 191.4959 203.0286 212.4029 213.061 204.8961 210.6049 216.2604 212.1419 222.0224 229.9554 232.8781 218.4226 185.7125 220.7737 143.7251 144.52 139.9305 132.9833 123.6089 116.6973 117.9013 113.0988 107.1728 106.637 110.2498 183.8878 141.0535 -14.16421 -71.13718 -202.4063 -217.1802 -244.3671 -305.8105 -316.1912 -97.38567 -43.03279 -173.5968 -251.8889 -267.4116 -314.1599 -383.3115 -415.1647 -456.5324 -633.5092 -814.115 -691.8385 -640.6889 -776.9902 -855.729 -922.0037 -1029.65 -1126.647 -1161.421 -1191.829 -1195.929 -1200.459 -1252.663 -1437.982
