Dropbox/GRP Data/GRP mammal paper/NN_analysis/DATA/2014 input files/ss_h_bio_1.asc
ncols         211
nrows         307
xllcorner     27099.1390263
yllcorner     -314514.2499113
cellsize      821.1860311
NODATA_value  -9999
[rows 0 to 38 of 307, columns 87 to 173 of 211]
-9999 -9999 -9999 -9999 -9999 -9999 -9999 -9999 -9999 -9999 -9999 -9999 -9999 -9999 -9999 -9999 -9999 124 187 181 97 48 -9999 -9999 -9999 -9999 -9999 -9999 -9999 -9999 -9999 -9999 -9999 -9999 -9999 -9999 -9999 -9999 -9999 -9999 -9999 -9999 -9999 -9999 -9999 -9999 -9999 -9999 -9999 -9999 -9999 -9999 -9999 -9999 -9999 -9999 -9999 -9999 -9999 -9999 -9999 -9999 -9999 -9999 -9999 -9999 -9999 -9999 -9999 -9999 -9999 -9999 -9999 -9999 -9999 -9999 -9999 -9999 -9999 -9999 -9999 -9999 -9999 -9999 -9999 -9999 -9999
-9999 -9999 -9999 -9999 -9999 -9999 -9999 -9999 -9999 -9999 -9999 -9999 -44 -37 161 178 53 54 115 145 96 71 296 602 804 948 1084 -9999 -9999 -9999 -9999 -9999 -9999 -9999 -9999 -9999 -9999 -9999 -9999 -9999 -9999 -9999 -9999 -9999 -9999 -9999 -9999 -9999 -9999 -9999 -9999 -9999 -9999 -9999 -9999 -9999 -9999 -9999 -9999 -9999 -9999 -9999 -9999 -9999 -9999 -9999 -9999 -9999 -9999 -9999 -9999 -9999 -9999 -9999 -9999 -9999 -9999 -9999 -9999 -9999 -9999 -9999 -9999 -9999 -9999 -9999 -9999
-9999 -9999 -9999 -9999 -9999 -9999 -9999 -9999 -9999 -9999 29 -43 -119 6 165 158 -15 -1 19 83 27 31 287 612 822 956 1088 1169 1218 1245 -9999 -9999 -9999 -9999 -9999 -9999 -9999 -9999 -9999 -9999 -9999 -9999 -9999 -9999 -9999 -9999 -9999 -9999 -9999 -9999 -9999 -9999 -9999 -9999 -9999 -9999 -9999 -9999 -9999 -9999 -9999 -9999 -9999 -9999 -9999 -9999 -9999 -9999 -9999 -9999 -9999 -9999 -9999 -9999 -9999 -9999 -9999 -9999 -9999 -9999 -9999 -9999 -9999 -9999 -9999 -9999 -9999
-9999 -9999 -9999 -9999 -9999 -9999 -9999 -9999 26 31 -33 -97 -97 96 172 107 -74 -78 -57 -4 -58 24 281 573 824 963 1074 1138 1188 1230 1257 1280 -9999 -9999 -9999 -9999 -9999 -9999 -9999 -9999 -9999 -9999 -9999 -9999 -9999 -9999 -9999 -9999 -9999 -9999 -9999 -9999 -9999 -9999 -9999 -9999 -9999 -9999 -9999 -9999 -9999 -9999 -9999 -9999 -9999 -9999 -9999 -9999 -9999 -9999 -9999 -9999 -9999 -9999 -9999 -9999 -9999 -9999 -9999 -9999 -9999 -9999 -9999 -9999 -9999 -9999 -9999
-9999 -9999 -9999 -9999 -9999 -9999 6 -27 -21 -3 -102 -88 54 141 178 -17 -162 -162 -87 -80 -41 153 355 615 873 974 1048 1101 1164 1220 1256 1282 1299 -9999 -9999 -9999 -9999 -9999 -9999 -9999 -9999 -9999 -9999 -9999 -9999 -9999 -9999 -9999 -9999 -9999 -9999 -9999 -9999 -9999 -9999 -9999 -9999 -9999 -9999 -9999 -9999 -9999 -9999 -9999 -9999 -9999 -9999 -9999 -9999 -9999 -9999 -9999 -9999 -9999 -9999 -9999 -9999 -9999 -9999 -9999 -9999 -9999 -9999 -9999 -9999 -9999 -9999
-9999 -9999 -9999 -9999 -9999 281 61 -13 -51 -41 -110 -89 57 141 179 -95 -289 -191 -109 -65 100 365 511 712 892 973 1028 1092 1174 1226 1258 1282 1297 1306 1309 -9999 -9999 -9999 -9999 -9999 -9999 -9999 -9999 -9999 -9999 -9999 -9999 -9999 -9999 -9999 -9999 -9999 -9999 -9999 -9999 -9999 -9999 -9999 -9999 -9999 -9999 -9999 -9999 -9999 -9999 -9999 -9999 -9999 -9999 -9999 -9999 -9999 -9999 -9999 -9999 -9999 -9999 -9999 -9999 -9999 -9999 -9999 -9999 -9999 -9999 -9999 -9999
-9999 -9999 -9999 67 243 270 85 32 -25 -104 -127 -77 53 155 133 -78 -177 -122 -109 53 199 497 774 847 939 971 1022 1112 1170 1218 1256 1280 1289 1299 1307 1312 -9999 -9999 -9999 -9999 -9999 -9999 -9999 -9999 -9999 -9999 -9999 -9999 -9999 -9999 -9999 -9999 -9999 -9999 -9999 -9999 -9999 -9999 -9999 -9999 -9999 -9999 -9999 -9999 -9999 -9999 -9999 -9999 -9999 -9999 -9999 -9999 -9999 -9999 -9999 -9999 -9999 -9999 -9999 -9999 -9999 -9999 -9999 -9999 -9999 -9999 -9999
-9999 -9999 -4 4 87 222 124 -7 -26 -85 -172 -141 21 143 110 -5 24 -39 -58 158 435 578 757 871 873 891 942 1070 1128 1190 1243 1266 1268 1277 1287 1297 1309 -9999 -9999 -9999 -9999 -9999 -9999 -9999 -9999 -9999 -9999 -9999 -9999 -9999 -9999 -9999 -9999 -9999 -9999 -9999 -9999 -9999 -9999 -9999 -9999 -9999 -9999 -9999 -9999 -9999 -9999 -9999 -9999 -9999 -9999 -9999 -9999 -9999 -9999 -9999 -9999 -9999 -9999 -9999 -9999 -9999 -9999 -9999 -9999 -9999 -9999
-9999 18 -32 -65 -16 106 128 -22 -79 -105 -196 -183 -4 78 -7 70 169 122 -16 149 446 671 805 854 728 756 913 1001 1081 1158 1214 1235 1230 1240 1251 1247 1231 1247 -9999 -9999 -9999 -9999 -9999 -9999 -9999 -9999 -9999 -9999 -9999 -9999 -9999 -9999 -9999 -9999 -9999 -9999 -9999 -9999 -9999 -9999 -9999 -9999 -9999 -9999 -9999 -9999 -9999 -9999 -9999 -9999 -9999 -9999 -9999 -9999 -9999 -9999 -9999 -9999 -9999 -9999 -9999 -9999 -9999 -9999 -9999 -9999 -9999
85 34 -2 -83 -61 -2 27 -51 -174 -156 -131 -169 -84 -38 -54 125 262 278 140 215 489 717 807 746 487 598 858 914 971 1076 1152 1182 1184 1196 1203 1146 1105 1128 1152 -9999 -9999 -9999 -9999 -9999 -9999 -9999 -9999 -9999 -9999 -9999 -9999 -9999 -9999 -9999 -9999 -9999 -9999 -9999 -9999 -9999 -9999 -9999 -9999 -9999 -9999 -9999 -9999 -9999 -9999 -9999 -9999 -9999 -9999 -9999 -9999 -9999 -9999 -9999 -9999 -9999 -9999 -9999 -9999 -9999 -9999 -9999 -9999
189 55 28 -35 -50 -52 -97 -95 -174 -116 -35 -119 -177 -111 -20 122 293 371 395 462 611 744 790 570 261 437 670 790 922 1003 1075 1116 1133 1152 1154 1098 1086 1092 1105 -9999 -9999 -9999 -9999 -9999 -9999 -9999 -9999 -9999 -9999 -9999 -9999 -9999 -9999 -9999 -9999 -9999 -9999 -9999 -9999 -9999 -9999 -9999 -9999 -9999 -9999 -9999 -9999 -9999 -9999 -9999 -9999 -9999 -9999 -9999 -9999 -9999 -9999 -9999 -9999 -9999 -9999 -9999 -9999 -9999 -9999 -9999 -9999
343 111 31 17 -25 -99 -169 -100 -75 -23 -10 -103 -203 -119 17 78 258 343 503 630 696 738 652 356 98 278 436 632 850 948 1012 1061 1083 1093 1107 1062 1068 1092 1121 1198 -9999 -9999 -9999 -9999 -9999 -9999 -9999 -9999 -9999 -9999 -9999 -9999 -9999 -9999 -9999 -9999 -9999 -9999 -9999 -9999 -9999 -9999 -9999 -9999 -9999 -9999 -9999 -9999 -9999 -9999 -9999 -9999 -9999 -9999 -9999 -9999 -9999 -9999 -9999 -9999 -9999 -9999 -9999 -9999 -9999 -9999 -9999
369 196 98 73 -30 -164 -179 -46 -19 -14 -63 -128 -120 -59 47 105 249 298 443 568 627 668 491 184 -23 150 300 545 785 913 975 1023 1036 1036 1057 1044 1061 1095 1125 1168 1214 -9999 -9999 -9999 -9999 -9999 -9999 -9999 -9999 -9999 -9999 -9999 -9999 -9999 -9999 -9999 -9999 -9999 -9999 -9999 -9999 -9999 -9999 -9999 -9999 -9999 -9999 -9999 -9999 -9999 -9999 -9999 -9999 -9999 -9999 -9999 -9999 -9999 -9999 -9999 -9999 -9999 -9999 -9999 -9999 -9999 -9999
340 341 311 259 87 -4 -25 -32 -13 -22 -72 -81 32 92 136 258 330 312 364 386 424 528 414 96 -148 35 237 503 751 889 950 992 1000 1003 1021 1039 1056 1082 1104 1145 1189 1217 -9999 -9999 -9999 -9999 -9999 -9999 -9999 -9999 -9999 -9999 -9999 -9999 -9999 -9999 -9999 -9999 -9999 -9999 -9999 -9999 -9999 -9999 -9999 -9999 -9999 -9999 -9999 -9999 -9999 -9999 -9999 -9999 -9999 -9999 -9999 -9999 -9999 -9999 -9999 -9999 -9999 -9999 -9999 -9999 -9999
272 292 129 51 69 22 -28 -10 -46 -93 -118 -66 30 92 181 258 264 43 99 162 254 352 273 15 -238 -76 159 433 730 871 922 965 981 988 1007 1036 1049 1066 1084 1127 1160 1208 -9999 -9999 -9999 -9999 -9999 -9999 -9999 -9999 -9999 -9999 -9999 -9999 -9999 -9999 -9999 -9999 -9999 -9999 -9999 -9999 -9999 -9999 -9999 -9999 -9999 -9999 -9999 -9999 -9999 -9999 -9999 -9999 -9999 -9999 -9999 -9999 -9999 -9999 -9999 -9999 -9999 -9999 -9999 -9999 -9999
194 278 160 42 40 15 -8 -5 -7 -7 -62 -112 -37 42 152 224 223 22 -33 60 207 150 44 -52 -104 36 289 531 783 852 893 946 968 967 1002 1027 1048 1057 1075 1092 1115 1188 1235 -9999 -9999 -9999 -9999 -9999 -9999 -9999 -9999 -9999 -9999 -9999 -9999 -9999 -9999 -9999 -9999 -9999 -9999 -9999 -9999 -9999 -9999 -9999 -9999 -9999 -9999 -9999 -9999 -9999 -9999 -9999 -9999 -9999 -9999 -9999 -9999 -9999 -9999 -9999 -9999 -9999 -9999 -9999 -9999
148 220 211 121 74 35 13 -25 -22 -2 -69 -130 -66 -12 41 157 130 24 -42 63 151 90 36 59 204 316 446 640 763 809 862 917 938 966 990 1001 1022 1035 1045 1049 1085 1162 1174 1148 -9999 -9999 -9999 -9999 -9999 -9999 -9999 -9999 -9999 -9999 -9999 -9999 -9999 -9999 -9999 -9999 -9999 -9999 -9999 -9999 -9999 -9999 -9999 -9999 -9999 -9999 -9999 -9999 -9999 -9999 -9999 -9999 -9999 -9999 -9999 -9999 -9999 -9999 -9999 -9999 -9999 -9999 -9999
135 163 169 113 19 -25 -8 -26 -12 -19 -68 -121 -116 -30 18 107 106 66 24 25 50 29 141 268 319 423 530 665 743 784 827 872 891 946 964 976 1000 1011 1019 1032 1079 1093 1087 1107 1127 -9999 -9999 -9999 -9999 -9999 -9999 -9999 -9999 -9999 -9999 -9999 -9999 -9999 -9999 -9999 -9999 -9999 -9999 -9999 -9999 -9999 -9999 -9999 -9999 -9999 -9999 -9999 -9999 -9999 -9999 -9999 -9999 -9999 -9999 -9999 -9999 -9999 -9999 -9999 -9999 -9999 -9999
134 125 106 72 -13 -87 -48 -19 -7 -47 -35 -77 -139 -52 24 111 141 122 55 -11 -37 38 165 215 71 155 403 639 718 743 777 775 815 832 853 907 959 976 996 1028 1051 1044 1041 971 1048 -9999 -9999 -9999 -9999 -9999 -9999 -9999 -9999 -9999 -9999 -9999 -9999 -9999 -9999 -9999 -9999 -9999 -9999 -9999 -9999 -9999 -9999 -9999 -9999 -9999 -9999 -9999 -9999 -9999 -9999 -9999 -9999 -9999 -9999 -9999 -9999 -9999 -9999 -9999 -9999 -9999 -9999
134 109 89 59 21 -67 -75 -59 -19 -54 -8 -27 -94 -41 49 106 156 133 59 -37 -98 24 84 53 -114 46 350 617 691 709 735 731 767 790 830 866 904 948 941 956 1014 967 942 926 929 922 -9999 -9999 -9999 -9999 -9999 -9999 -9999 -9999 -9999 -9999 -9999 -9999 -9999 -9999 -9999 -9999 -9999 -9999 -9999 -9999 -9999 -9999 -9999 -9999 -9999 -9999 -9999 -9999 -9999 -9999 -9999 -9999 -9999 -9999 -9999 -9999 -9999 -9999 -9999 -9999 -9999
124 118 98 63 47 3 -77 -122 -18 -39 -5 18 24 59 80 79 133 117 53 -48 -111 -61 -71 -83 -120 53 351 588 650 669 697 710 744 764 784 851 879 872 866 885 918 931 903 849 843 802 841 -9999 -9999 -9999 -9999 -9999 -9999 -9999 -9999 -9999 -9999 -9999 -9999 -9999 -9999 -9999 -9999 -9999 -9999 -9999 -9999 -9999 -9999 -9999 -9999 -9999 -9999 -9999 -9999 -9999 -9999 -9999 -9999 -9999 -9999 -9999 -9999 -9999 -9999 -9999 -9999
82 130 103 65 45 30 -52 -111 14 -29 -5 59 158 177 81 58 100 78 26 -43 -85 -153 -194 -105 -9 131 381 541 603 632 670 699 726 739 792 837 818 794 797 815 814 851 834 756 737 730 771 861 -9999 -9999 -9999 -9999 -9999 -9999 -9999 -9999 -9999 -9999 -9999 -9999 -9999 -9999 -9999 -9999 -9999 -9999 -9999 -9999 -9999 -9999 -9999 -9999 -9999 -9999 -9999 -9999 -9999 -9999 -9999 -9999 -9999 -9999 -9999 -9999 -9999 -9999 -9999
63 130 38 56 63 28 26 -47 28 2 -14 76 207 127 29 35 54 -16 -19 -18 -50 -161 -226 -77 62 204 416 499 571 603 642 676 694 742 786 767 735 730 735 723 673 691 702 664 649 658 741 857 935 -9999 -9999 -9999 -9999 -9999 -9999 -9999 -9999 -9999 -9999 -9999 -9999 -9999 -9999 -9999 -9999 -9999 -9999 -9999 -9999 -9999 -9999 -9999 -9999 -9999 -9999 -9999 -9999 -9999 -9999 -9999 -9999 -9999 -9999 -9999 -9999 -9999 -9999
129 125 15 13 47 4 40 10 32 22 36 179 204 71 8 -5 -8 -17 -5 26 -2 -97 -242 -195 -40 105 379 479 547 564 600 623 658 759 694 658 670 665 633 591 517 522 564 582 592 609 709 795 810 -9999 -9999 -9999 -9999 -9999 -9999 -9999 -9999 -9999 -9999 -9999 -9999 -9999 -9999 -9999 -9999 -9999 -9999 -9999 -9999 -9999 -9999 -9999 -9999 -9999 -9999 -9999 -9999 -9999 -9999 -9999 -9999 -9999 -9999 -9999 -9999 -9999 -9999
164 150 109 95 46 15 54 46 44 159 250 257 245 136 27 6 7 18 28 22 -25 -81 -184 -219 -41 117 297 417 478 517 559 571 644 728 615 601 598 568 473 432 398 409 474 514 554 590 646 679 631 641 -9999 -9999 -9999 -9999 -9999 -9999 -9999 -9999 -9999 -9999 -9999 -9999 -9999 -9999 -9999 -9999 -9999 -9999 -9999 -9999 -9999 -9999 -9999 -9999 -9999 -9999 -9999 -9999 -9999 -9999 -9999 -9999 -9999 -9999 -9999 -9999 -9999
252 190 166 143 80 69 83 53 73 270 265 130 164 206 160 68 5 10 18 21 -8 -65 -131 -190 -192 -119 121 306 409 481 511 543 640 707 565 512 479 404 344 307 299 320 410 461 523 550 573 603 597 631 697 -9999 -9999 -9999 -9999 -9999 -9999 -9999 -9999 -9999 -9999 -9999 -9999 -9999 -9999 -9999 -9999 -9999 -9999 -9999 -9999 -9999 -9999 -9999 -9999 -9999 -9999 -9999 -9999 -9999 -9999 -9999 -9999 -9999 -9999 -9999 -9999
418 332 223 153 117 112 105 146 225 257 107 33 62 120 139 123 63 17 7 11 10 -32 -107 -169 -120 -1 112 191 346 445 480 547 641 674 556 471 350 268 193 195 211 300 384 451 457 485 542 544 574 687 770 939 -9999 -9999 -9999 -9999 -9999 -9999 -9999 -9999 -9999 -9999 -9999 -9999 -9999 -9999 -9999 -9999 -9999 -9999 -9999 -9999 -9999 -9999 -9999 -9999 -9999 -9999 -9999 -9999 -9999 -9999 -9999 -9999 -9999 -9999 -9999
593 504 334 186 155 189 230 273 224 135 27 -6 5 22 38 82 60 24 11 -3 6 -1 -61 -112 -174 -120 40 66 252 381 501 582 536 500 557 458 326 208 162 151 220 295 368 394 412 446 494 498 534 733 876 1061 -9999 -9999 -9999 -9999 -9999 -9999 -9999 -9999 -9999 -9999 -9999 -9999 -9999 -9999 -9999 -9999 -9999 -9999 -9999 -9999 -9999 -9999 -9999 -9999 -9999 -9999 -9999 -9999 -9999 -9999 -9999 -9999 -9999 -9999 -9999
689 617 490 312 268 318 389 300 121 39 17 -30 -38 -36 -32 28 2 -17 -24 -29 -12 0 -17 -3 -35 8 98 133 251 368 500 525 360 353 567 433 284 163 143 157 210 285 336 378 378 394 430 440 485 660 839 931 977 -9999 -9999 -9999 -9999 -9999 -9999 -9999 -9999 -9999 -9999 -9999 -9999 -9999 -9999 -9999 -9999 -9999 -9999 -9999 -9999 -9999 -9999 -9999 -9999 -9999 -9999 -9999 -9999 -9999 -9999 -9999 -9999 -9999 -9999
654 667 623 518 488 475 463 226 98 44 -11 -34 -60 -73 -65 -16 -48 -68 -70 -53 -40 -47 -44 -4 17 86 140 235 278 358 472 393 220 289 553 373 195 115 128 158 195 230 293 347 357 374 384 346 406 538 662 800 931 1151 -9999 -9999 -9999 -9999 -9999 -9999 -9999 -9999 -9999 -9999 -9999 -9999 -9999 -9999 -9999 -9999 -9999 -9999 -9999 -9999 -9999 -9999 -9999 -9999 -9999 -9999 -9999 -9999 -9999 -9999 -9999 -9999 -9999
475 605 663 654 649 626 525 257 145 70 -12 1 -20 -78 -93 -77 -67 -85 -86 -62 -77 -123 -122 -78 -47 33 112 249 268 349 415 242 148 272 518 312 99 68 124 160 170 181 244 305 317 295 286 252 314 479 627 749 937 1159 1213 -9999 -9999 -9999 -9999 -9999 -9999 -9999 -9999 -9999 -9999 -9999 -9999 -9999 -9999 -9999 -9999 -9999 -9999 -9999 -9999 -9999 -9999 -9999 -9999 -9999 -9999 -9999 -9999 -9999 -9999 -9999 -9999
240 467 614 655 638 562 519 464 376 110 28 15 2 -36 -77 -83 -72 -97 -126 -89 -124 -183 -175 -78 -2 55 90 197 274 361 302 108 120 294 490 261 52 43 117 144 144 162 211 265 279 271 259 224 220 339 543 671 906 1118 1132 -9999 -9999 -9999 -9999 -9999 -9999 -9999 -9999 -9999 -9999 -9999 -9999 -9999 -9999 -9999 -9999 -9999 -9999 -9999 -9999 -9999 -9999 -9999 -9999 -9999 -9999 -9999 -9999 -9999 -9999 -9999 -9999
216 366 453 466 419 289 245 351 398 311 124 74 22 -39 -45 -51 -65 -99 -222 -181 -197 -181 -229 -99 -9 43 60 157 377 370 143 20 97 332 483 235 74 48 89 109 134 161 193 236 257 279 278 242 205 273 496 652 873 1032 1043 1196 -9999 -9999 -9999 -9999 -9999 -9999 -9999 -9999 -9999 -9999 -9999 -9999 -9999 -9999 -9999 -9999 -9999 -9999 -9999 -9999 -9999 -9999 -9999 -9999 -9999 -9999 -9999 -9999 -9999 -9999 -9999
159 264 352 292 222 148 137 167 313 385 279 257 204 109 50 10 -33 -88 -120 -115 -109 -118 -200 -157 -116 -51 37 204 416 312 69 2 54 271 459 286 125 67 50 71 129 149 166 212 241 257 279 274 255 287 465 642 850 944 953 1074 1173 -9999 -9999 -9999 -9999 -9999 -9999 -9999 -9999 -9999 -9999 -9999 -9999 -9999 -9999 -9999 -9999 -9999 -9999 -9999 -9999 -9999 -9999 -9999 -9999 -9999 -9999 -9999 -9999 -9999 -9999
124 167 283 196 152 96 77 84 185 349 336 293 264 222 177 150 98 -7 -113 -115 -118 -134 -211 -252 -216 -63 17 226 253 143 54 7 12 104 355 422 134 86 31 13 73 117 127 179 212 240 282 305 275 260 381 569 793 848 885 985 1107 -9999 -9999 -9999 -9999 -9999 -9999 -9999 -9999 -9999 -9999 -9999 -9999 -9999 -9999 -9999 -9999 -9999 -9999 -9999 -9999 -9999 -9999 -9999 -9999 -9999 -9999 -9999 -9999 -9999 -9999
110 118 182 144 120 72 27 42 78 312 347 228 164 188 194 199 193 138 27 -44 -127 -126 -139 -166 -134 -41 34 149 149 67 63 33 19 76 213 398 137 87 9 -59 15 92 109 136 172 211 265 283 258 282 396 536 682 724 848 985 1087 1167 -9999 -9999 -9999 -9999 -9999 -9999 -9999 -9999 -9999 -9999 -9999 -9999 -9999 -9999 -9999 -9999 -9999 -9999 -9999 -9999 -9999 -9999 -9999 -9999 -9999 -9999 -9999 -9999 -9999
107 105 105 104 92 73 18 28 34 214 342 220 45 92 121 141 182 194 156 89 -59 -161 -223 -163 -108 -40 41 61 65 30 -42 3 36 59 241 323 126 88 0 -77 -28 55 47 100 153 186 235 278 293 365 468 536 580 687 836 976 1091 1167 1230 -9999 -9999 -9999 -9999 -9999 -9999 -9999 -9999 -9999 -9999 -9999 -9999 -9999 -9999 -9999 -9999 -9999 -9999 -9999 -9999 -9999 -9999 -9999 -9999 -9999 -9999 -9999 -9999
138 106 96 80 80 80 41 21 36 112 305 238 -14 -8 18 55 137 181 151 170 1 -113 -262 -228 -114 -43 10 -3 9 -6 -128 -39 39 162 297 210 82 76 41 -51 -57 -35 37 129 177 190 222 296 359 406 471 556 609 660 787 927 1084 1171 1218 -9999 -9999 -9999 -9999 -9999 -9999 -9999 -9999 -9999 -9999 -9999 -9999 -9999 -9999 -9999 -9999 -9999 -9999 -9999 -9999 -9999 -9999 -9999 -9999 -9999 -9999 -9999 -9999
224 130 98 85 85 70 52 13 33 69 221 227 0 -68 -58 3 121 127 12 114 -1 -44 -190 -231 -145 -66 -23 -28 -28 -22 -178 -78 27 213 294 169 60 -46 -37 -79 -23 21 84 119 140 156 210 288 378 492 615 679 708 698 733 918 1072 1173 1231 1287 -9999 -9999 -9999 -9999 -9999 -9999 -9999 -9999 -9999 -9999 -9999 -9999 -9999 -9999 -9999 -9999 -9999 -9999 -9999 -9999 -9999 -9999 -9999 -9999 -9999 -9999 -9999
