Dropbox/GRP Data/GRP mammal paper/NN_analysis/DATA/2014 input files/ss_h_bio_5.asc
ncols         211
nrows         307
xllcorner     27099.1390263
yllcorner     -314514.2499113
cellsize      821.1860311
NODATA_value  -9999
[rows 112 to 139 of 307, columns 64 to 127 of 211]
3642.337 3644.938 3624.732 3618.042 3600.543 3568.56 3532.164 3471.344 3407.161 3371.237 3373.097 3400.314 3380.249 3309.527 3214.316 3215.667 3199.306 3182.111 3156.423 3147.356 3124.463 3108.214 3180.751 3049.779 3015.724 2909.539 2804.273 2729.509 2497.678 2346.756 2310.57 2301.737 2238.623 2186.332 2256.095 2295.103 2160.215 2144.393 2237.774 2255.875 2265.23 2214.743 2074.176 2082.298 2103.723 1920.71 1759.839 1681.177 1694.55 1694.262 1678.554 1666.722 1611.08 1588.405 1623.807 1721.712 1720.273 1752.212 1773.359 1542.876 1574.976 1765.285 1681.049 1639.744
3652.077 3661.785 3645.75 3619.938 3585.96 3531.87 3439.552 3353.325 3370.688 3376.946 3396.495 3402.665 3359.13 3265.994 3156.64 3190.012 3205.147 3213.518 3206.418 3199.629 3238.626 3237.202 3204.446 3005.763 2920.123 2806.247 2712.544 2658.794 2516.056 2412.235 2426.642 2423.85 2339.144 2292.213 2334.596 2361.337 2266.721 2247.308 2311.109 2344.149 2332.869 2309.339 2264.416 2247.03 2132.749 2048.287 1944.212 1850.31 1732.417 1649.762 1606.941 1644.912 1654.005 1641.478 1605.529 1638.312 1608.642 1649.046 1739.159 1600.989 1573.394 1722.657 1625.1 1529.584
3669.082 3631.01 3594.892 3562.553 3520.6 3437.733 3305.774 3252.675 3365.71 3413.632 3434.41 3401.139 3334.876 3236.506 3117.516 3155.358 3183.042 3214.6 3231.056 3245.579 3311.484 3278.904 3155.982 2985.022 2996.328 2880.756 2783.184 2704.826 2669.98 2600.671 2608.144 2550.759 2440.845 2382.382 2427.296 2456.007 2397.895 2397.83 2415.435 2394.197 2340.664 2282.978 2216.936 2107.279 1969.091 1887.897 1844.681 1804.3 1686.909 1605.334 1620.99 1657.978 1776.6 1706.495 1660.005 1741.811 1638.568 1579.913 1597.775 1543.077 1489.453 1607.852 1544.501 1393.531
3687.583 3579.616 3488.42 3434.317 3396.119 3295.104 3193.336 3228.435 3375.302 3460.457 3475.418 3408.645 3333.19 3235.281 3129.48 3121.742 3140.043 3189.815 3213.51 3251.644 3333.99 3313.376 3206.247 3057.405 3157.623 3059.797 2927.468 2805.329 2794.292 2816.125 2805.605 2676.4 2524.974 2468.347 2509.467 2555.553 2497.311 2508.989 2460.031 2339.547 2273.325 2184.547 2120.206 2056.354 1923.49 1767.264 1716.721 1694.808 1611.596 1616.738 1653.747 1760.761 1941.766 1709.147 1703.967 1867.678 1791.081 1698.296 1642.599 1607.302 1558.527 1550.122 1448.259 1491.041
3684.256 3565.403 3428.4 3322.221 3278.89 3225.661 3188.082 3216.926 3375.403 3480.943 3504.331 3434.406 3361.987 3256.78 3175.646 3104.536 3095.506 3132.211 3152.547 3200.899 3299.292 3345.754 3360.26 3235.813 3274.856 3190.998 3023.539 2891.468 2862.369 2950.986 2933.502 2773.468 2574.016 2538.857 2624.415 2686.454 2619.867 2574.31 2444.621 2283.409 2193.636 2089.491 2033.407 2043.359 1977.455 1836.114 1794.848 1720.752 1677.166 1740.999 1766.002 1863.741 2033.164 1772.537 1823.377 2047.111 2022.311 1947.008 1878.681 1828.14 1690.836 1523.806 1498.349 1654
3689.46 3587.978 3503.603 3458.42 3412.577 3359.626 3331.658 3370.234 3464.689 3520.128 3531.271 3480.058 3397.067 3301.354 3221.449 3120.989 3066.355 3054.584 3110.64 3158.649 3204.729 3258.02 3408.121 3385.63 3332.058 3174.674 3034.505 2982.105 3000.592 2997.014 2934.228 2806.095 2632.456 2624.053 2758.609 2786.809 2663.375 2563.259 2408.414 2271.561 2153.511 2091.121 2117.495 2177.977 2138.754 1998.673 1967.406 1869.85 1847.032 1915.249 1949.287 2016.948 2117.662 1878.727 1966.598 2161.254 2023.229 1925.398 1872.262 1818.869 1677.168 1541.144 1556.565 1583.181
3649.126 3589.489 3552.535 3521.474 3443.242 3460.557 3421.024 3451.515 3570.709 3607.315 3607.222 3516.156 3396.18 3286.509 3212.802 3142.548 3009.031 3021.233 3090.058 3117.47 3194.949 3339.381 3457.291 3410.613 3291.381 3015.58 2988.599 3121.475 3189.299 3035.605 2849.834 2776.496 2752.151 2771.477 2842.913 2771.257 2544.512 2480.054 2379.897 2281.726 2174.939 2198.673 2389.531 2428.694 2323.102 2214.632 2168.661 2105.239 2084.939 2132.898 2180.244 2215.662 2201.727 2043.863 2137.139 2289.764 2089.822 1970.878 1852.882 1710.809 1615.63 1613.316 1591.984 1488.783
3691.854 3670.337 3643.18 3531.901 3468.54 3527.216 3501.223 3513.698 3631.073 3646.071 3559.778 3402.404 3273.01 3186.361 3125.275 3092.163 2987.049 3017.998 3066.544 3172.886 3314.235 3395.966 3489.518 3400.473 3265.772 3001.792 3017.641 3209.534 3246.406 3092.568 2832.863 2699.044 2770.261 2879.461 2909.917 2731.52 2526.488 2460.183 2363.596 2322.704 2258.821 2330.367 2628.985 2572.088 2418.598 2514.566 2456.722 2405.314 2386.554 2396.598 2370.346 2347.105 2301.35 2289.726 2307.524 2321.473 2165.929 2066.719 1940.883 1712.624 1634.026 1679.148 1595.098 1456.607
3697.03 3639.411 3587.566 3545.185 3515.152 3549.1 3559.688 3530.945 3601.012 3656.427 3534.083 3384.802 3268.603 3225.7 3176.996 3122.907 3106.332 3074.055 3113.82 3139.32 3291.958 3439.294 3507.279 3418.178 3335.533 3228.282 3208.898 3295.642 3283.483 3090.613 2900.936 2779.088 2731.151 2830.105 2941.668 2743.203 2538.36 2425.894 2397.21 2391.782 2360.315 2484.531 2741.954 2682.813 2584.702 2779.614 2751.732 2674.158 2673.064 2589.234 2404.935 2349.116 2449.05 2489.994 2357.967 2164.227 2040.953 1959.319 1936.976 1763.369 1706.035 1715.974 1564.512 1439.531
3676.745 3594.964 3507.637 3436.743 3505.647 3575.487 3587.024 3568.69 3583.459 3631.735 3615.283 3519.607 3402.936 3341.068 3240.778 3204.692 3175.539 3192.484 3237.354 3182.488 3235.162 3370.787 3506.695 3489.548 3459.567 3400.519 3367.415 3336.357 3270.29 3155.487 3028.907 2921.883 2884.852 2950.809 3017.783 2761.029 2551.944 2482.653 2493.036 2534.563 2615.461 2806.647 2980.94 2796.329 2777.935 2930.318 2855.164 2805.426 2763.023 2542.067 2375.966 2446.62 2560.984 2371.502 2194.36 2124.894 1989.937 1810.528 1714.024 1657.14 1702.999 1755.552 1554.411 1410.687
3681.65 3637.575 3556.07 3440.86 3493.409 3569.873 3608.124 3618.374 3620.098 3601.826 3671.506 3633.839 3487.386 3382.39 3298.315 3218.45 3178.833 3292.815 3355.021 3292.034 3209.32 3278.331 3490.426 3549.621 3468.842 3394.445 3335.227 3287.193 3172.561 3077.28 2980.754 2938.96 3082.011 3209.99 3090.776 2938.853 2879.742 2750.378 2813.688 2891.76 2916.47 2989.941 3044.249 3030.387 3014.297 3030.593 3003.816 2973.5 2891.199 2746.352 2650.998 2658.542 2563.446 2431.74 2291.817 2155.445 1962.38 1771.612 1663.07 1555.219 1650.886 1780.687 1657.042 1443.993
3715.562 3716.002 3671.178 3584.788 3527.936 3520.218 3601.704 3639.446 3669.4 3614.449 3681.812 3672.878 3519.733 3354.41 3299.61 3200.493 3197.539 3360.999 3420.273 3364.657 3257.868 3272.617 3466.077 3570.66 3430.498 3260.561 3186.907 3173.755 3033.785 2973.12 2986.535 3036.087 3200.82 3335.514 3134.447 3096.016 3138.648 2970.076 3034.595 3124.716 3112.433 3123.997 3076.733 3061.02 3068.186 3037.173 2997.136 2934.009 2941.833 2883.886 2777.072 2662.705 2514.104 2398.043 2335.868 2150.811 1993.808 1826.656 1616.888 1517.598 1669.698 1808.6 1726.534 1559.247
3726.011 3720.664 3696.622 3639.67 3575.089 3493.594 3549.827 3629.017 3694.962 3678.732 3700.907 3666.026 3525.934 3351.317 3301.912 3204.461 3230.298 3393.991 3460.989 3430.295 3360.009 3360.479 3490.24 3586.124 3465.596 3270.979 3094.947 3040.726 2920.749 2916.395 3047.605 3182.303 3286.178 3399.892 3247.371 3229.434 3280.407 3192.792 3191.021 3217.724 3181.513 3135.347 3044.377 2904.361 2955.882 2956.36 2913.579 2770.044 2688.638 2728.647 2760.28 2661.195 2448.396 2216.963 2157.025 2158.536 1972.857 1728.548 1594.08 1543.683 1661.012 1805.155 1812.364 1663.258
3669.939 3696.879 3702.767 3655.601 3606.994 3551.859 3517.399 3620.981 3709.09 3743.296 3715.561 3611.32 3460.466 3420.494 3406.959 3242.373 3224.028 3372.027 3476.234 3524.635 3479.45 3474.461 3570.123 3606.153 3539.413 3391.427 3079.268 2976.633 2946.412 2996.898 3132.392 3281.575 3377.321 3465.418 3373.919 3360.306 3347.789 3307.641 3272.962 3203.183 3132.467 3021.331 2888.988 2702.051 2726.799 2839.147 2838.739 2658.627 2441.357 2469.562 2633.953 2643.435 2446.557 2187.185 2023.53 2041.124 1982.624 1822.372 1647.637 1547.93 1619.111 1759.697 1859.535 1808.136
3593.141 3601.482 3646.991 3637.945 3614.533 3572.079 3497.63 3563.722 3646.798 3741.742 3703.198 3550.446 3446.596 3541.323 3504.006 3354.606 3232.208 3307.587 3408.212 3537.77 3589.706 3574.364 3625.299 3590.7 3523.706 3360.304 3064.122 3043.986 3113.493 3169.397 3246.973 3320.032 3454.688 3507.647 3435.791 3429.777 3344.076 3242.857 3248.106 3112.205 2995.911 2815.925 2617.323 2502.473 2448.196 2667.564 2688.335 2501.531 2297.795 2266.437 2468.115 2592.993 2492.415 2260.864 2034.308 1890.421 1875.779 1785.842 1665.71 1574.658 1601.106 1698.402 1813.009 1887.15
3624.838 3607.867 3646.067 3632.132 3614.272 3598.835 3505.507 3514.906 3641.201 3754.658 3723.72 3607.426 3552.95 3616.914 3551.708 3418.115 3220.053 3284.859 3471.395 3580.424 3632.531 3645.47 3640.201 3558.053 3494.165 3388.748 3166.77 3184.381 3223.133 3204.59 3363.371 3386.003 3495.021 3480.621 3414.564 3378.802 3260.557 3098.684 3148.816 3041.647 2880 2637.759 2368.869 2304.891 2201.874 2399.568 2451.707 2300.612 2191.125 2137.391 2278.587 2441.538 2475.141 2352.052 2129.902 1879.635 1818.173 1695.87 1589.458 1562.351 1631.746 1687.641 1760.267 1836.96
3650.034 3662.974 3690.747 3669.879 3654.554 3613.677 3549.412 3550.198 3604.993 3722.162 3731.236 3687.124 3659.136 3618.626 3481.536 3331.492 3279.803 3311.993 3461.318 3551.079 3615.091 3658.637 3630.663 3550.956 3478.345 3361.672 3353.326 3371.948 3394.269 3384.267 3495.61 3572.679 3548.4 3350.908 3208.274 3288.72 3187.53 3002.025 3047.578 3114.582 2927.446 2662.064 2351.808 2173.856 2058.061 2120.943 2245.479 2188.506 2084.166 2037.39 2081.471 2213.453 2334.407 2354.485 2220.936 2056.701 1953.073 1745.947 1562.773 1522.316 1597.396 1670.894 1726.838 1751.885
3689.811 3681.074 3696.682 3689.33 3681.386 3638.103 3568.509 3594.922 3610.202 3701.062 3718.897 3649.127 3624.545 3567.19 3391.31 3354.624 3380.352 3381.924 3466.552 3600.143 3676.522 3672.673 3593.734 3466.868 3353.523 3313.359 3437.918 3519.383 3580.209 3615.841 3641.17 3608.337 3491.319 3279.513 3033.029 2999.681 3088.038 2962.975 2861.104 3050.531 3021.271 2838.554 2587.552 2228.922 2024.891 2073.56 2114.52 2110.447 2036.006 1965.036 1948.393 2057.724 2151.411 2204.375 2239.837 2205.464 2124.987 1929.009 1730.151 1574.125 1525.778 1612.703 1699.305 1724.844
3712.463 3667.743 3666.863 3663.683 3648.663 3671.38 3613.407 3624.947 3635.227 3686.771 3709.595 3611.892 3532.604 3483.128 3334.944 3344.426 3394.244 3446.481 3496.939 3605.882 3680.349 3629.402 3505.43 3457.283 3462.146 3406.957 3533.995 3621.783 3663.418 3677.348 3625.268 3489.017 3376.353 3212.64 3010.532 2773.441 2856.177 2818.833 2647.098 2759.553 2821.927 2808.072 2646.176 2418.36 2067.585 2014.089 2036.642 2103.42 2030.695 1918.222 1893.856 1964.143 2022.248 2055.721 2134.128 2015.995 2011.87 2021.672 1931.184 1757.406 1620.57 1603.132 1689.345 1725.713
3730.995 3681.724 3651.592 3640.87 3630.729 3703.932 3651.692 3645.433 3655.729 3686.622 3712.732 3618.984 3476.792 3373.267 3296.79 3312.027 3380.158 3417.343 3514.588 3622.122 3682.491 3609.637 3482.362 3530.347 3581.363 3489.828 3586.6 3692.417 3697.402 3673.145 3610.478 3430.488 3240.43 3089.585 2957.104 2832.079 2812.079 2814.059 2687.396 2629.118 2588.255 2542.835 2402.175 2198.258 1985.248 1959.587 2162.778 2217.073 2113.226 2126.577 2139.413 2026.457 1885.586 1909.709 2029.87 1961.601 1732.948 1714.99 1749.211 1794.217 1719.876 1654.646 1714.259 1666.504
3754.879 3715.707 3672.099 3660.99 3666.034 3715.865 3643.1 3624.974 3661.411 3697.762 3707.75 3625.255 3465.656 3351.903 3349.161 3348.077 3409.261 3385.958 3483.304 3612.157 3683.719 3650.415 3565.26 3615.999 3655.457 3605.865 3675.269 3716.434 3660.696 3611.49 3611.774 3467.108 3252.863 3063.269 3056.609 2992.117 2911.756 2920.403 2809.328 2762.128 2664.282 2539.959 2352.354 2216.124 2201.049 2175.584 2353.014 2479.56 2440.302 2431.517 2401.383 2270.347 2110.366 1937.946 1911.769 1935.522 1826.63 1668.894 1638.887 1668.045 1655.735 1640.676 1653.381 1720.73
3749.373 3702.336 3701.566 3709.427 3700.067 3695.398 3629.54 3591.899 3663.11 3706.377 3681.808 3589.129 3467.04 3440.364 3485.205 3464.319 3478.528 3384.881 3420.618 3559.725 3657.883 3694.779 3660.505 3666.336 3684.625 3690.297 3727.414 3655.015 3510.732 3460.667 3564.105 3519.059 3360.295 3187.271 3225.844 3170.063 3058.979 3041.411 2969.423 2881.33 2765.579 2607.164 2396.807 2398.42 2458.971 2450.013 2533.63 2698.023 2689.679 2661.449 2604.62 2499.417 2344.087 2167.666 2094.74 2126.74 1988.948 1833.665 1722.049 1620.047 1585.231 1626.813 1640.855 1668.037
3735.586 3693.478 3736.833 3756.288 3716.468 3678.451 3690.061 3691.973 3683.832 3707.401 3664.969 3548.348 3482.761 3508.749 3571.691 3566.264 3519.04 3340.534 3396.907 3510.563 3595.1 3684.785 3687.844 3681.89 3677.686 3682.724 3697.373 3586.498 3384.021 3327.461 3425.487 3479.09 3432.485 3358.658 3367.251 3309.969 3193.315 3149.147 3077.876 2928.781 2803.639 2646.305 2536.502 2622.496 2707.052 2687.504 2751.223 2825.433 2724.328 2602.406 2513.422 2462.476 2393.055 2322.163 2253.82 2248.943 2112.489 1885.809 1737.45 1641.529 1583.485 1580.514 1549.865 1523.371
3768.563 3764.486 3772.668 3767.674 3756.251 3735.771 3674.47 3690.883 3706.825 3710.33 3686.648 3579.427 3535.45 3577.186 3627.183 3606.751 3478.585 3316.986 3471.826 3507.289 3537.337 3654.477 3698.176 3678.55 3637.347 3624.404 3642.864 3605.531 3441.159 3343.156 3265.994 3298.949 3366.081 3387.927 3393.071 3357.633 3292.081 3236.785 3084.635 2945.109 2865.607 2762.329 2774.438 2862.758 2927.949 2914.881 2911.788 2801.306 2608.22 2399.872 2286.282 2276.317 2262.563 2265.965 2181.209 2181 2188.001 1912.438 1763.65 1663.691 1607.84 1651.497 1637.795 1557.259
3783.619 3783.418 3779.998 3769.894 3759.285 3739.503 3677.222 3664.819 3706.489 3716.21 3685.863 3601.099 3565.203 3630.621 3660.191 3588.353 3454.518 3422.497 3543.839 3642.491 3651.953 3671.406 3694.938 3630.13 3531.481 3492.034 3497.356 3545.266 3493.938 3381.304 3228.375 3063.586 3148.031 3193.958 3240.845 3274.591 3327.269 3273.529 3058.124 2985.262 3023.838 3009.548 3031.388 3074.662 3066.406 3038.878 2902.944 2634.516 2420.405 2226.999 2113.387 2084.312 2072.893 2096.392 2026.739 2053.884 2199.502 1985.106 1771.255 1643.589 1584.23 1673.706 1734.056 1704.187
3789.866 3789.234 3752.056 3684.468 3690.873 3706.208 3677.6 3681.635 3711.531 3729.879 3666.071 3638.412 3649.82 3666.523 3638.678 3512.863 3490.571 3528.886 3540.002 3621.668 3687.59 3696.966 3675.38 3588.826 3460.813 3394.096 3372.301 3372.379 3353.772 3335.037 3206.322 3034.859 2971.884 3052.611 3071.059 3083.372 3246.095 3270.528 3103.818 3153.525 3212.965 3191.393 3164.211 3130.091 3039.582 2876.453 2717.505 2419.64 2205.637 2096.496 2000.603 1912.179 1911.362 1947.196 1935.013 1983.797 2119.878 2060.857 1803.478 1664.503 1578.068 1629.838 1731.317 1775.978
3796.524 3794.446 3760.235 3704.449 3697.619 3678.036 3678.237 3705.873 3734.913 3746.212 3710.36 3671.324 3662.567 3660.271 3599.64 3506.463 3597.869 3614.221 3572.074 3599.445 3671.106 3701.196 3681.185 3590.354 3524.231 3499.53 3520.374 3399.791 3213.317 3228.914 3142.865 2996.58 2917.734 2902.415 2889.752 2947.166 3144.216 3284.409 3260.061 3236.875 3201.148 3172.029 3112.108 2989.629 2819.805 2579.116 2454.633 2216.426 2062.428 1979.882 1884.103 1779.611 1786.216 1828.609 1841.545 1908.49 1977.038 2036.485 1884.252 1739.788 1648.482 1601.417 1655.542 1710.871
3800.805 3801.757 3790.549 3767.709 3754.474 3701.578 3668.249 3704.44 3737.897 3755.154 3742.603 3702.854 3666.012 3644.135 3635.707 3551.867 3631.971 3639.207 3624.452 3657.957 3691.199 3707.733 3682.319 3627.455 3625.151 3607.703 3604.204 3493.049 3276.58 3111.098 3075.386 2891.354 2777.207 2720.55 2769.321 2911.096 3142.421 3199.188 3137.604 3087.1 3049.858 2948.578 2853.026 2875.048 2863.568 2674.019 2447.76 2217.801 2065.645 1937.682 1880.657 1829.402 1734.078 1741.703 1771.421 1764.896 1895.649 1889.558 1832.605 1685.958 1677.299 1574.196 1580.431 1645.57
