Dropbox/GRP Data/GRP mammal paper/NN_analysis/DATA/2014 input files/yo_c_bio06Apr2014.asc
NCOLS 224 
NROWS 139 
XLLCORNER -69800.8126435 
YLLCORNER -76370.3008923 
CELLSIZE 821.1860311 
NODATA_value -3.4e+38 
[rows 40 to 59 of 139, columns 138 to 183 of 224]
-1045.37805175781 -1026.53356933594 -1025.88854980469 -1042.4599609375 -1050.12768554688 -1120.67895507812 -1054.9365234375 -1067.54370117188 -1077.36071777344 -1129.759765625 -1104.35620117188 -1090.79528808594 -1149.38989257812 -1095.24499511719 -1053.26477050781 -1029.888671875 -1064.23449707031 -1065.53295898438 -1037.42797851562 -1028.3291015625 -992.705993652344 -948.061584472656 -974.798706054688 -997.452697753906 -1020.17517089844 -991.247680664062 -931.407104492188 -919.092041015625 -922.643859863281 -938.13916015625 -918.025207519531 -908.708801269531 -930.610412597656 -944.41943359375 -928.982849121094 -870.763793945312 -863.083068847656 -852.869934082031 -849.810363769531 -850.111755371094 -849.073425292969 -851.849853515625 -873.905944824219 -885.020263671875 -883.325378417969 -883.544372558594
-1050.42858886719 -1035.04125976562 -1025.05651855469 -1058.30322265625 -1042.9833984375 -1051.01342773438 -1028.25476074219 -1069.12768554688 -1068.99755859375 -1122.89587402344 -1122.08837890625 -1125.92602539062 -1166.28942871094 -1100.951171875 -1041.43896484375 -1046.17700195312 -1073.09423828125 -1101.32568359375 -1077.66528320312 -1032.48815917969 -980.433227539062 -967.230224609375 -1016.63415527344 -995.566345214844 -1004.46368408203 -965.951354980469 -931.458557128906 -937.128845214844 -946.787170410156 -956.586486816406 -920.638671875 -909.695617675781 -908.873352050781 -946.268981933594 -909.226501464844 -852.550964355469 -847.203369140625 -841.737854003906 -839.477722167969 -838.955505371094 -836.924987792969 -836.702514648438 -859.918090820312 -873.272277832031 -871.969116210938 -872.503295898438
-1053.04968261719 -1002.62945556641 -1022.00061035156 -1062.86560058594 -1075.3994140625 -1059.41979980469 -1030.85205078125 -1071.45336914062 -1070.06713867188 -1054.67431640625 -1083.57653808594 -1136.68176269531 -1147.9697265625 -1095.44274902344 -1052.97094726562 -1081.60729980469 -1101.3115234375 -1100.65661621094 -1083.05456542969 -1055.06091308594 -1035.13562011719 -1029.025390625 -1021.56646728516 -1007.94451904297 -1014.10015869141 -987.998046875 -957.487365722656 -952.206359863281 -950.94775390625 -938.616027832031 -939.081481933594 -926.637634277344 -924.354187011719 -920.948059082031 -892.228576660156 -839.979125976562 -831.858642578125 -831.732971191406 -833.303771972656 -826.306640625 -824.242980957031 -827.634460449219 -853.110717773438 -861.7509765625 -861.418762207031 -864.025085449219
-1000.3984375 -966.928649902344 -973.090087890625 -1069.91760253906 -1049.1181640625 -1049.60986328125 -1032.24951171875 -1067.04675292969 -1057.46350097656 -1039.8671875 -1081.22692871094 -1131.70874023438 -1132.90856933594 -1063.55969238281 -1075.2080078125 -1109.95556640625 -1123.13244628906 -1192.07189941406 -1105.61303710938 -1069.775390625 -1084.14025878906 -1068.50085449219 -1027.95446777344 -1028.8857421875 -1015.41363525391 -996.114624023438 -963.618713378906 -937.16796875 -939.610412597656 -931.117126464844 -1014.60577392578 -977.178283691406 -967.675231933594 -950.89697265625 -905.100524902344 -832.968933105469 -822.247314453125 -819.432495117188 -819.730590820312 -808.820495605469 -809.776245117188 -820.317810058594 -845.994873046875 -852.550720214844 -853.021911621094 -858.376159667969
-932.45068359375 -1025.02514648438 -1029.13464355469 -1046.17749023438 -1050.22814941406 -1052.99499511719 -1040.17980957031 -1074.58068847656 -1021.34600830078 -1064.29663085938 -1092.97717285156 -1116.38330078125 -1121.7880859375 -1110.24938964844 -1071.529296875 -1211.45263671875 -1239.66357421875 -1168.53503417969 -1113.67980957031 -1093.53979492188 -1100.58801269531 -1099.38195800781 -1047.75219726562 -1026.68005371094 -1009.38128662109 -1057.46337890625 -1177.42065429688 -1160.88146972656 -1146.61938476562 -1053.29675292969 -959.866821289062 -931.631469726562 -928.056091308594 -929.871154785156 -896.669860839844 -819.19921875 -796.868957519531 -795.87109375 -792.366821289062 -787.741882324219 -797.947998046875 -812.668823242188 -835.337646484375 -837.696411132812 -839.887573242188 -847.188293457031
-986.976440429688 -1030.92590332031 -1041.56945800781 -1027.59362792969 -1010.126953125 -1024.96704101562 -1034.63146972656 -1061.80639648438 -1060.77917480469 -1040.10314941406 -1090.56298828125 -1113.94836425781 -1122.21240234375 -1122.67565917969 -1207.60791015625 -1250.78845214844 -1186.78991699219 -1130.74853515625 -1106.318359375 -1086.21569824219 -1086.02514648438 -1084.78234863281 -1044.8701171875 -1043.91564941406 -1166.97937011719 -1133.31787109375 -1010.75970458984 -967.9990234375 -985.415283203125 -960.238586425781 -928.803161621094 -957.007507324219 -938.457214355469 -924.614990234375 -915.13525390625 -834.061157226562 -786.960388183594 -774.588684082031 -769.782897949219 -778.848815917969 -787.693298339844 -785.429077148438 -788.693298339844 -801.111877441406 -819.73583984375 -840.26708984375
-1008.77099609375 -1016.78436279297 -1029.4970703125 -1015.81390380859 -992.452331542969 -1002.70141601562 -1044.62622070312 -1027.46936035156 -1011.85125732422 -1028.18872070312 -1097.44775390625 -1114.5498046875 -1116.58203125 -1180.27734375 -1256.35729980469 -1157.42663574219 -1131.02014160156 -1121.6396484375 -1119.83093261719 -1089.90600585938 -1086.17504882812 -1071.49914550781 -1046.85961914062 -1050.44970703125 -1061.14587402344 -1021.63421630859 -1000.80096435547 -964.691711425781 -980.989501953125 -986.14453125 -935.757690429688 -968.878295898438 -917.233032226562 -911.857421875 -924.365905761719 -901.841369628906 -795.259765625 -760.388366699219 -778.033874511719 -782.932739257812 -793.303466796875 -798.751770019531 -800.975402832031 -814.852905273438 -825.893981933594 -837.321716308594
-1014.56750488281 -1024.18371582031 -1028.07080078125 -996.616394042969 -984.792907714844 -992.265563964844 -1025.26977539062 -1006.28192138672 -985.411254882812 -1046.91711425781 -1096.35595703125 -1105.48291015625 -1151.16528320312 -1224.19323730469 -1194.56774902344 -1110.42297363281 -1108.37573242188 -1130.92395019531 -1112.453125 -1092.55419921875 -1084.95031738281 -1044.81689453125 -1010.39916992188 -1036.23852539062 -1021.95532226562 -1000.70129394531 -995.721618652344 -959.074462890625 -1010.58996582031 -1012.06604003906 -983.676635742188 -987.931091308594 -955.954040527344 -930.535034179688 -892.026977539062 -889.796508789062 -846.907958984375 -756.953369140625 -771.190063476562 -780.632690429688 -784.990356445312 -793.223388671875 -797.165710449219 -805.822204589844 -819.929260253906 -828.395935058594
-1030.77465820312 -1045.83068847656 -1047.552734375 -1006.50500488281 -994.598449707031 -989.01171875 -1014.78259277344 -989.173034667969 -1010.5224609375 -1062.93444824219 -1087.03759765625 -1108.64074707031 -1171.13549804688 -1172.07055664062 -1119.47131347656 -1100.72399902344 -1098.71166992188 -1129.09265136719 -1090.16455078125 -1077.88745117188 -1057.27099609375 -1007.59020996094 -973.671936035156 -1021.87182617188 -1055.08129882812 -1037.94750976562 -988.091003417969 -956.490539550781 -1028.71472167969 -1067.89404296875 -1044.41662597656 -1013.53363037109 -987.474243164062 -948.949768066406 -903.014953613281 -897.401550292969 -858.840087890625 -770.528930664062 -757.173522949219 -771.882995605469 -777.706359863281 -781.877502441406 -788.237670898438 -796.678344726562 -808.545654296875 -820.619445800781
-1056.24743652344 -1068.83374023438 -1065.12902832031 -1043.6943359375 -1012.25329589844 -987.361206054688 -1048.21350097656 -980.447204589844 -1030.9775390625 -1057.57336425781 -1075.19506835938 -1139.28308105469 -1141.58874511719 -1086.595703125 -1092.55249023438 -1102.98840332031 -1088.19165039062 -1108.20068359375 -1082.59912109375 -1073.90209960938 -1034.46875 -986.619018554688 -966.263916015625 -1001.47503662109 -1059.22155761719 -1047.61938476562 -987.697448730469 -967.362609863281 -1025.10656738281 -1105.65112304688 -1090.34045410156 -1029.37744140625 -996.663391113281 -959.303283691406 -916.871887207031 -900.665954589844 -859.201110839844 -809.266052246094 -761.694946289062 -761.216003417969 -769.759765625 -772.736083984375 -776.620361328125 -788.015258789062 -798.282653808594 -810.24951171875
-1096.4501953125 -1093.55432128906 -1056.88525390625 -1037.86242675781 -991.357971191406 -992.31591796875 -1083.84875488281 -1005.78991699219 -1016.97686767578 -1071.67443847656 -1059.44470214844 -1153.14672851562 -1094.76147460938 -1076.53125 -1089.07153320312 -1110.97436523438 -1078.8935546875 -1090.40100097656 -1094.90075683594 -1096.24060058594 -1039.26647949219 -988.218566894531 -977.860107421875 -977.230712890625 -1008.8701171875 -1022.47540283203 -996.367370605469 -978.161010742188 -1001.99267578125 -1079.21533203125 -1101.37475585938 -1038.8720703125 -1013.73034667969 -970.900634765625 -923.973449707031 -892.548583984375 -861.915832519531 -867.162292480469 -798.194152832031 -739.268127441406 -748.237365722656 -751.141479492188 -759.829223632812 -780.666137695312 -793.462951660156 -803.283874511719
-1097.73767089844 -1037.84020996094 -1044.15612792969 -1020.17877197266 -959.829711914062 -1032.73840332031 -1088.49572753906 -1020.21014404297 -1006.21484375 -1142.21887207031 -1057.32543945312 -1059.03308105469 -1062.07751464844 -1067.56591796875 -1067.5322265625 -1062.66882324219 -1071.99694824219 -1096.28369140625 -1101.958984375 -1102.91857910156 -1047.87670898438 -995.416687011719 -997.488647460938 -991.045776367188 -969.9384765625 -1002.83551025391 -1012.67858886719 -978.044677734375 -970.545166015625 -1015.03063964844 -1068.38061523438 -1042.79724121094 -1051.74462890625 -990.007873535156 -947.169494628906 -901.708557128906 -856.787353515625 -894.468444824219 -838.612609863281 -721.722045898438 -724.80908203125 -728.752502441406 -740.402282714844 -772.072082519531 -792.901733398438 -800.900756835938
-1005.46508789062 -1007.99060058594 -995.39306640625 -956.477294921875 -983.046569824219 -1022.00634765625 -998.615234375 -982.62451171875 -1085.33874511719 -1065.22937011719 -1074.224609375 -1051.05615234375 -1070.43273925781 -1081.59521484375 -1075.99768066406 -1085.17199707031 -1096.69836425781 -1103.2744140625 -1102.42565917969 -1128.01953125 -1123.45031738281 -1072.15795898438 -1068.25500488281 -1067.36682128906 -971.879272460938 -972.205200195312 -1016.91479492188 -965.644470214844 -948.050354003906 -969.679626464844 -1002.24969482422 -1011.08142089844 -1066.36169433594 -1005.63983154297 -960.284484863281 -918.249938964844 -863.021911621094 -859.474304199219 -851.232971191406 -755.741516113281 -725.25244140625 -731.443542480469 -727.222351074219 -757.958374023438 -790.968688964844 -798.681274414062
-919.636840820312 -909.624389648438 -887.030212402344 -883.562133789062 -973.669799804688 -1023.90075683594 -1076.11401367188 -987.667297363281 -1017.81439208984 -1029.80212402344 -1050.35546875 -1061.92321777344 -1110.48779296875 -1098.91735839844 -1089.48901367188 -1092.39306640625 -1123.08520507812 -1142.97937011719 -1142.72448730469 -1125.63464355469 -1132.07629394531 -1064.43933105469 -1083.6328125 -1077.38549804688 -1050.1767578125 -968.284057617188 -1006.43225097656 -967.355224609375 -930.829650878906 -953.48291015625 -988.815002441406 -1004.65173339844 -996.6181640625 -965.296569824219 -965.565856933594 -948.043579101562 -903.422729492188 -899.627197265625 -909.691650390625 -841.935974121094 -730.776428222656 -713.961547851562 -722.98681640625 -745.916137695312 -781.2802734375 -797.656188964844
-797.235595703125 -814.624206542969 -849.790893554688 -874.716003417969 -880.872619628906 -993.794494628906 -1000.82513427734 -966.909729003906 -978.192321777344 -1012.47186279297 -1076.16149902344 -1092.01623535156 -1117.81042480469 -1102.19177246094 -1089.18798828125 -1092.5390625 -1110.921875 -1141.76049804688 -1146.47668457031 -1112.70654296875 -1110.33435058594 -1090.15979003906 -1002.85998535156 -1014.46325683594 -996.367309570312 -1024.12158203125 -978.438659667969 -1012.30645751953 -989.072631835938 -942.546630859375 -929.326904296875 -951.155700683594 -941.171936035156 -921.788024902344 -861.239501953125 -903.260681152344 -859.441345214844 -827.581420898438 -850.222290039062 -826.66748046875 -814.606811523438 -717.405639648438 -727.629150390625 -739.600646972656 -761.044555664062 -785.020080566406
-833.155456542969 -837.342895507812 -881.796691894531 -879.863037109375 -855.146667480469 -930.712341308594 -945.530639648438 -955.420776367188 -966.887756347656 -1000.80987548828 -1088.04162597656 -1114.56408691406 -1129.40673828125 -1122.28405761719 -1123.55603027344 -1104.80065917969 -1115.8125 -1131.29553222656 -1145.8671875 -1129.20959472656 -1107.91101074219 -1097.22265625 -1062.26672363281 -1046.56323242188 -968.722351074219 -994.285278320312 -970.8564453125 -975.116271972656 -968.043579101562 -946.970764160156 -970.672729492188 -982.222290039062 -943.2587890625 -924.099731445312 -932.405029296875 -861.750854492188 -846.270751953125 -796.996215820312 -816.900756835938 -817.790283203125 -789.185852050781 -752.408874511719 -733.158264160156 -734.776123046875 -759.24072265625 -786.663696289062
-743.985717773438 -775.357727050781 -801.68505859375 -800.596801757812 -854.663696289062 -910.204162597656 -922.333923339844 -944.091064453125 -958.257751464844 -1014.03070068359 -1081.62805175781 -1104.99328613281 -1126.22729492188 -1127.15783691406 -1144.42724609375 -1135.99462890625 -1145.08923339844 -1144.92724609375 -1144.00537109375 -1127.68371582031 -1126.37854003906 -1116.84130859375 -1120.39611816406 -1077.48315429688 -1030.92114257812 -1027.15185546875 -971.759643554688 -955.076965332031 -947.658325195312 -957.675903320312 -972.076477050781 -970.648986816406 -910.34619140625 -1009.20202636719 -921.471130371094 -955.211853027344 -908.794372558594 -826.053466796875 -807.650329589844 -811.200927734375 -801.22607421875 -766.78857421875 -751.919738769531 -737.635314941406 -746.464904785156 -768.34619140625
-664.882629394531 -757.357727050781 -775.897155761719 -781.622375488281 -838.581298828125 -935.276123046875 -911.958374023438 -919.363586425781 -959.795959472656 -1061.69494628906 -1076.27575683594 -1096.46655273438 -1122.1416015625 -1116.92529296875 -1143.96044921875 -1155.93737792969 -1163.19970703125 -1121.49243164062 -1115.34777832031 -1129.88342285156 -1130.95056152344 -1122.96459960938 -1127.16259765625 -1076.17077636719 -1069.58178710938 -1055.10546875 -977.785705566406 -975.825622558594 -988.647216796875 -1011.04113769531 -997.925048828125 -958.887329101562 -901.498596191406 -977.822326660156 -954.995788574219 -938.329833984375 -904.557495117188 -859.298522949219 -850.796691894531 -829.968322753906 -810.922119140625 -802.522827148438 -760.049621582031 -747.982971191406 -752.922302246094 -768.851989746094
-839.463562011719 -918.464538574219 -930.994812011719 -911.119995117188 -872.299133300781 -974.409301757812 -928.665222167969 -928.507019042969 -1019.10711669922 -1091.67370605469 -1074.26440429688 -1087.0625 -1107.32678222656 -1113.87866210938 -1141.41577148438 -1148.98706054688 -1158.92443847656 -1101.69067382812 -1102.31201171875 -1147.36791992188 -1130.75170898438 -1125.50500488281 -1096.69348144531 -1056.09680175781 -1069.71105957031 -1050.35925292969 -993.094909667969 -1000.09002685547 -1029.14404296875 -1048.70861816406 -1046.28063964844 -993.71630859375 -920.123779296875 -908.168151855469 -954.844604492188 -900.862060546875 -897.000183105469 -875.652221679688 -862.160583496094 -834.591796875 -799.918029785156 -813.664245605469 -778.746887207031 -757.698913574219 -759.252014160156 -772.116516113281
-886.264892578125 -898.146667480469 -914.312377929688 -962.18603515625 -1017.66717529297 -1042.89819335938 -995.667419433594 -1026.18627929688 -1120.03771972656 -1050.71325683594 -1061.3896484375 -1043.30493164062 -1057.66845703125 -1116.6943359375 -1135.19506835938 -1130.90502929688 -1147.8076171875 -1150.61511230469 -1151.77807617188 -1159.54956054688 -1145.63061523438 -1145.25646972656 -1082.67883300781 -1064.72729492188 -1088.00805664062 -1041.40234375 -1020.60150146484 -1005.1865234375 -1038.37023925781 -1055.31604003906 -1081.43334960938 -1074.69287109375 -992.631225585938 -925.783142089844 -902.107543945312 -901.987121582031 -912.60205078125 -881.555053710938 -854.36181640625 -833.273193359375 -794.364501953125 -803.190002441406 -795.285339355469 -765.982788085938 -763.636962890625 -772.991760253906
