Dropbox/GRP Data/GRP mammal paper/NN_analysis/DATA/2014 input files/yo_c_bio05Apr2014.asc
NCOLS 224 
NROWS 139 
XLLCORNER -69800.8126435 
YLLCORNER -76370.3008923 
CELLSIZE 821.1860311 
NODATA_value -3.4e+38 
[rows 63 to 83 of 139, columns 141 to 187 of 224]
1971.42211914062 2044.10717773438 2111.61157226562 2141.66430664062 2122.9794921875 2115.42431640625 2119.28369140625 2119.32275390625 2159.44311523438 2162.775390625 2154.2470703125 2130.02075195312 2123.18701171875 2142.1787109375 2165.46337890625 2178.83715820312 2187.84399414062 2168.22241210938 2146.1435546875 2127.3994140625 2095.31469726562 2073.5771484375 2065.09545898438 2044.33959960938 1946.38439941406 1777.4931640625 1664.673828125 1566.71423339844 1439.78796386719 1367.11889648438 1608.56921386719 1990.21740722656 2240.21337890625 2395.65844726562 2481.75512695312 2528.41333007812 2625.52392578125 2706.09912109375 2753.638671875 2766.80078125 2783.76635742188 2787.78002929688 2793.60693359375 2793.56469726562 2785.62377929688 2765.27490234375 2751.93627929688
1977.16735839844 2049.50512695312 2095.13427734375 2118.6435546875 2127.16015625 2134.9462890625 2152.17260742188 2143.7490234375 2144.05688476562 2161.47143554688 2158.052734375 2146.068359375 2143.17138671875 2163.853515625 2187.50170898438 2207.35498046875 2214.916015625 2193.87744140625 2168.42895507812 2142.01098632812 2110.29418945312 2090.990234375 2070.0556640625 2040.26013183594 1989.09436035156 1838.94580078125 1642.68017578125 1476.77233886719 1396.28125 1498.69641113281 1687.57189941406 2088.62817382812 2325.455078125 2432.87890625 2458.22412109375 2530.57788085938 2606.357421875 2664.88256835938 2727.51123046875 2748.060546875 2767.52880859375 2774.33740234375 2779.29467773438 2783.25244140625 2768.99243164062 2746.58251953125 2733.35180664062
2008.56176757812 2056.423828125 2068.37255859375 2088.12133789062 2116.32861328125 2120.87060546875 2132.60473632812 2129.322265625 2109.77319335938 2132.05859375 2135.921875 2135.5419921875 2151.05590820312 2168.55908203125 2191.96435546875 2214.48193359375 2225.01635742188 2227.97241210938 2214.05078125 2147.8955078125 2074.458984375 2018.03649902344 1965.96691894531 1943.45007324219 1944.59399414062 1898.82922363281 1730.85437011719 1514.94104003906 1503.29382324219 1625.78295898438 1912.81994628906 2199.978515625 2338.263671875 2385.8876953125 2464.12353515625 2552.95629882812 2618.86572265625 2656.96630859375 2692.40795898438 2727.13916015625 2735.94262695312 2748.66259765625 2749.62255859375 2759.56591796875 2756.04541015625 2728.84106445312 2714.51904296875
2020.76428222656 2050.09301757812 2042.77026367188 2054.90576171875 2086.89233398438 2056.2119140625 2060.85546875 2068.14477539062 2059.81420898438 2089.72290039062 2089.56811523438 2094.7265625 2123.1279296875 2141.52661132812 2159.740234375 2180.09545898438 2205.51977539062 2224.8857421875 2234.10327148438 2177.27465820312 2052.64184570312 1887.25939941406 1778.72998046875 1810.45764160156 1873.26013183594 1912.388671875 1822.76892089844 1649.38513183594 1676.10241699219 1795.72888183594 1964.36560058594 2068.18286132812 2195.89526367188 2284.5009765625 2398.24731445312 2511.58715820312 2598.12060546875 2627.22387695312 2643.7763671875 2707.40747070312 2709.06079101562 2714.48754882812 2702.02709960938 2719.09545898438 2741.84155273438 2711.58154296875 2689.197265625
2018.03405761719 2051.63916015625 2024.17810058594 2043.58972167969 2069.91064453125 1999.25183105469 2007.05065917969 1995.35070800781 2004.18200683594 2042.43286132812 2033.83508300781 2054.23168945312 2066.70678710938 2072.21801757812 2078.8271484375 2126.24438476562 2168.7080078125 2172.86840820312 2188.97045898438 2203.41455078125 2099.42431640625 1830.69226074219 1655.72204589844 1733.48205566406 1814.21325683594 1877.67712402344 1845.54418945312 1752.45104980469 1754.23999023438 1809.97521972656 1818.56884765625 1874.85571289062 1966.81945800781 2148.7392578125 2306.603515625 2441.38818359375 2534.009765625 2574.72290039062 2626.84594726562 2700.47192382812 2675.07568359375 2669.72094726562 2666.36499023438 2672.97412109375 2704.96435546875 2690.724609375 2656.67163085938
2040.39916992188 2059.16088867188 2015.93542480469 2055.11791992188 2055.53686523438 1996.59875488281 1997.48059082031 1921.17895507812 1953.76000976562 1967.08459472656 1975.03735351562 2033.39196777344 2007.08459472656 1963.61413574219 1969.41381835938 2075.3642578125 2136.13549804688 2116.76782226562 2095.798828125 2171.30712890625 2181.77709960938 1924.92834472656 1684.50366210938 1698.55847167969 1755.14147949219 1820.93005371094 1829.94714355469 1774.31213378906 1711.83947753906 1640.85998535156 1613.06970214844 1747.26574707031 1791.69580078125 2045.30627441406 2261.353515625 2390.73168945312 2466.4130859375 2534.1083984375 2651.30615234375 2696.6669921875 2632.96362304688 2629.9228515625 2648.86010742188 2638.80053710938 2657.7626953125 2653.26171875 2629.04418945312
2067.81518554688 2066.55419921875 2062.19799804688 2080.94897460938 2030.77819824219 1981.72119140625 1986.6630859375 1914.54907226562 1906.87683105469 1875.42944335938 1901.57666015625 2003.00524902344 1959.32971191406 1874.07995605469 1925.7861328125 2006.81665039062 2098.98193359375 2056.12036132812 1969.619140625 2082.10083007812 2196.96533203125 2036.53540039062 1754.78820800781 1612.4150390625 1695.7294921875 1761.53637695312 1806.74841308594 1754.49133300781 1674.67846679688 1592.45983886719 1487.03930664062 1629.69934082031 1790.01489257812 2072.80932617188 2267.53125 2344.44458007812 2419.35571289062 2526.92797851562 2681.30786132812 2683.77465820312 2587.3427734375 2598.35424804688 2633.2099609375 2612.87939453125 2598.2197265625 2594.21142578125 2614.26904296875
2083.77270507812 2110.32446289062 2105.4990234375 2035.64306640625 1935.64111328125 1856.82836914062 1933.84387207031 1875.50659179688 1819.89733886719 1821.68786621094 1892.26452636719 1953.75256347656 1898.36462402344 1818.67736816406 1917.53100585938 2041.58825683594 2093.62866210938 2034.94921875 1950.80432128906 2043.47607421875 2186.51220703125 2115.58203125 1854.41943359375 1679.27685546875 1625.60180664062 1673.53662109375 1738.91931152344 1705.02075195312 1662.68322753906 1663.71252441406 1629.6396484375 1777.64611816406 1994.21130371094 2215.1337890625 2266.13720703125 2261.41137695312 2359.02392578125 2534.33422851562 2686.53198242188 2671.763671875 2538.57153320312 2554.24389648438 2604.35205078125 2582.90161132812 2530.529296875 2542.28173828125 2603.30322265625
2115.01000976562 2099.01904296875 2046.05786132812 1951.13793945312 1904.83630371094 1844.74206542969 1924.46594238281 1925.47277832031 1868.41748046875 1905.42785644531 1910.18774414062 1866.34033203125 1828.23876953125 1825.51391601562 1931.34155273438 2029.19140625 2018.40551757812 1960.08581542969 1895.36804199219 1990.59521484375 2142.2373046875 2180.64575195312 2006.54479980469 1810.91821289062 1652.09460449219 1587.00109863281 1662.46020507812 1539.80578613281 1486.94458007812 1570.51684570312 1703.9990234375 1847.47387695312 2045.1220703125 2099.5595703125 2105.2548828125 2138.01733398438 2262.07055664062 2512.82446289062 2682.666015625 2661.28881835938 2508.50463867188 2508.84985351562 2563.96630859375 2570.04296875 2543.205078125 2555.98754882812 2577.20092773438
2130.0673828125 2098.45141601562 2016.94323730469 1918.95751953125 1902.29479980469 1876.00268554688 1917.31115722656 1950.42065429688 1894.68676757812 1945.62036132812 1947.98937988281 1915.771484375 1853.15295410156 1822.33898925781 1945.00524902344 1969.44165039062 1959.11181640625 1910.27905273438 1883.87658691406 1976.32666015625 2108.775390625 2182.29345703125 2140.03442382812 1912.94897460938 1708.03601074219 1598.07763671875 1537.08312988281 1431.896484375 1411.55700683594 1439.80834960938 1502.05651855469 1467.06762695312 1603.69934082031 1839.10278320312 1958.60986328125 2060.56787109375 2144.60009765625 2338.8828125 2643.14794921875 2636.38427734375 2491.51123046875 2464.38647460938 2537.44067382812 2543.0791015625 2542.03149414062 2550.00170898438 2543.7509765625
2138.96435546875 2101.06298828125 2000.09020996094 1912.51647949219 1909.34631347656 1917.66796875 1952.69421386719 1961.90966796875 1929.7724609375 1969.57348632812 1973.02062988281 1936.16491699219 1829.01013183594 1854.87585449219 1959.32543945312 1928.0048828125 1917.07067871094 1898.73034667969 1892.02502441406 1971.55871582031 1987.64685058594 2053.77490234375 2180.064453125 2008.52136230469 1756.25463867188 1666.57080078125 1604.89880371094 1508.771484375 1450.12353515625 1445.6328125 1502.66162109375 1440.37475585938 1402.9208984375 1478.40356445312 1706.3818359375 1977.99487304688 2122.51586914062 2216.59765625 2427.08056640625 2597.47241210938 2344.67822265625 2412.10522460938 2506.55102539062 2532.41650390625 2537.90185546875 2521.78759765625 2514.24609375
2162.6484375 2081.81762695312 1958.15734863281 1896.95678710938 1912.02404785156 1937.48217773438 1993.27355957031 1960.50122070312 1968.42944335938 1992.21630859375 1967.16381835938 1877.64379882812 1843.98791503906 1917.81396484375 1954.65368652344 1923.29138183594 1890.2724609375 1860.25842285156 1869.4736328125 1920.29833984375 1872.56298828125 1929.86315917969 2142.39135742188 2075.8740234375 1802.27697753906 1734.00952148438 1707.1259765625 1636.20458984375 1567.68579101562 1478.5224609375 1607.60693359375 1619.46130371094 1561.04150390625 1503.14636230469 1624.79321289062 1945.27893066406 2164.4443359375 2364.50903320312 2534.85375976562 2459.83715820312 2219.50073242188 2387.041015625 2481.73413085938 2521.82470703125 2502.08959960938 2460.5302734375 2474.8046875
2183.21948242188 2046.80554199219 1913.62414550781 1871.56201171875 1911.01428222656 1940.5400390625 2017.29992675781 1975.22839355469 1994.029296875 1974.74377441406 1917.86376953125 1853.07580566406 1906.59765625 1967.50305175781 1920.60266113281 1912.8828125 1878.26416015625 1819.44555664062 1835.25939941406 1859.24597167969 1828.91613769531 1878.732421875 2090.39697265625 2113.23803710938 1859.69458007812 1801.14440917969 1764.55407714844 1690.35363769531 1592.80297851562 1438.34069824219 1537.48120117188 1653.1435546875 1725.40026855469 1673.8828125 1656.55395507812 1916.86865234375 2244.36865234375 2515.81982421875 2535.6591796875 2284.87866210938 2218.2412109375 2372.34252929688 2465.22827148438 2524.04565429688 2435.80029296875 2350.51733398438 2433.31909179688
2142.02099609375 2022.07861328125 1913.47912597656 1859.37451171875 1917.822265625 1972.083984375 2040.10546875 2007.18701171875 1988.25793457031 1925.44702148438 1890.30358886719 1930.43237304688 1955.1962890625 1952.75952148438 1887.9560546875 1848.18103027344 1840.82836914062 1803.03393554688 1804.78698730469 1808.93310546875 1808.69677734375 1866.11511230469 2058.41064453125 2101.85107421875 1866.89172363281 1799.84143066406 1751.93017578125 1663.75695800781 1593.84240722656 1458.48376464844 1454.87707519531 1583.31481933594 1731.49548339844 1762.76293945312 1776.71618652344 1959.50183105469 2325.609375 2575.19506835938 2447.8193359375 2254.65673828125 2281.65991210938 2379.64038085938 2485.76611328125 2482.29663085938 2293.49487304688 2229.25659179688 2366.57299804688
2013.3076171875 2006.36120605469 1934.537109375 1871.71459960938 1942.42138671875 2058.92211914062 2060.94067382812 2000.13037109375 1947.17517089844 1939.02844238281 1981.33898925781 2007.90966796875 1968.82568359375 1874.31494140625 1892.80541992188 1782.68518066406 1770.73071289062 1779.24255371094 1751.94604492188 1747.876953125 1754.50671386719 1846.97485351562 2022.97229003906 2028.05334472656 1796.34838867188 1696.56457519531 1675.88549804688 1627.83874511719 1659.76708984375 1615.533203125 1551.90319824219 1578.69970703125 1685.24462890625 1777.43920898438 1889.7578125 2014.72814941406 2314.88916015625 2573.64721679688 2431.19677734375 2324.74169921875 2356.85595703125 2436.02099609375 2505.20703125 2396.93920898438 2171.0263671875 2147.650390625 2306.92309570312
1957.78002929688 1973.88977050781 1916.96667480469 1899.57971191406 2000.39758300781 2103.359375 2054.81323242188 2048.38989257812 1978.42211914062 1987.48571777344 2011.82153320312 2006.16491699219 1938.37121582031 1834.2646484375 1895.20202636719 1905.02551269531 1823.93127441406 1747.98608398438 1685.65747070312 1702.34045410156 1742.08044433594 1851.1845703125 1944.13781738281 1931.25158691406 1762.09716796875 1640.66674804688 1621.23681640625 1656.01184082031 1699.97253417969 1736.43225097656 1684.763671875 1635.77307128906 1732.99584960938 1833.349609375 1891.93493652344 1965.5634765625 2185.22045898438 2535.21044921875 2500.91430664062 2379.091796875 2443.42016601562 2510.04907226562 2459.6796875 2294.5595703125 2141.0673828125 2117.68530273438 2267.01928710938
2075.56640625 2065.64794921875 2040.19738769531 2024.0927734375 2129.11572265625 2147.17651367188 2148.1796875 2021.001953125 1971.53442382812 2009.73718261719 1957.80725097656 1904.70959472656 1882.27087402344 1943.83447265625 1959.14367675781 1905.93920898438 1840.84521484375 1804.24621582031 1736.92199707031 1646.60754394531 1721.55114746094 1849.43127441406 1852.40966796875 1856.12060546875 1761.84729003906 1755.12878417969 1786.51916503906 1805.80798339844 1825.41821289062 1796.51708984375 1805.81689453125 1782.00170898438 1841.62719726562 1924.03210449219 1931.560546875 1974.83666992188 2116.89135742188 2445.86083984375 2565.13037109375 2505.55346679688 2505.09912109375 2476.58325195312 2338.15869140625 2184.63696289062 2125.39184570312 2102.1025390625 2216.6181640625
2222.34228515625 2189.10913085938 2119.701171875 2097.55151367188 2213.81201171875 2186.55688476562 2086.82592773438 1979.89440917969 2005.0234375 2030.9521484375 1941.57641601562 1908.18493652344 1966.21740722656 2008.25708007812 1923.994140625 1790.22314453125 1747.48449707031 1732.80639648438 1698.83410644531 1618.41589355469 1654.38732910156 1712.34411621094 1757.41662597656 1786.93591308594 1716.10217285156 1749.89685058594 1785.79235839844 1840.84509277344 1879.8994140625 1885.13195800781 1893.38012695312 1895.58093261719 1897.03649902344 1982.13830566406 2057.94360351562 2032.34521484375 2110.35083007812 2284.384765625 2506.49633789062 2498.91357421875 2377.8935546875 2256.12963867188 2161.30151367188 2118.18310546875 2076.09716796875 2079.57568359375 2163.03686523438
2352.552734375 2321.38452148438 2251.46264648438 2253.72338867188 2308.14331054688 2197.03076171875 2080.62939453125 2007.43469238281 2045.24377441406 2108.44775390625 2030.41186523438 2011.46728515625 2021.78784179688 1991.67138671875 1921.69409179688 1812.48229980469 1773.05114746094 1722.28662109375 1677.66967773438 1579.49877929688 1587.3017578125 1600.65673828125 1685.48620605469 1699.00378417969 1660.82299804688 1741.25891113281 1797.236328125 1850.88171386719 1911.91223144531 1981.52172851562 1998.21020507812 2000.45385742188 2013.34912109375 2055.70751953125 2090.89599609375 2097.83154296875 2101.43969726562 1998.86828613281 2108.37670898438 2209.79858398438 2153.17456054688 2131.087890625 2112.34350585938 2081.86279296875 2014.61279296875 2009.90112304688 2047.93408203125
2481.3046875 2420.4462890625 2374.90356445312 2372.69189453125 2411.21166992188 2326.24365234375 2238.35668945312 2219.068359375 2231.95190429688 2206.62744140625 2091.95556640625 2034.80627441406 1974.92150878906 1907.24853515625 1826.5361328125 1777.92370605469 1724.27185058594 1681.79162597656 1656.54833984375 1595.94360351562 1540.66772460938 1495.7109375 1532.59997558594 1576.25500488281 1635.25512695312 1703.67004394531 1780.2587890625 1875.92395019531 1936.93713378906 1921.85876464844 1916.40869140625 1909.90197753906 1937.66723632812 1975.3837890625 2024.32543945312 2013.1484375 1973.03271484375 1888.66418457031 1907.05285644531 2090.93798828125 2000.17431640625 2090.73217773438 2050.63818359375 2004.25561523438 2033.46228027344 2101.80126953125 2172.521484375
2477.40771484375 2401.0654296875 2409.53076171875 2379.89477539062 2387.85791015625 2363.91235351562 2332.76977539062 2357.82788085938 2397.4248046875 2294.71020507812 2108.80712890625 2010.55285644531 1931.54455566406 1843.26525878906 1791.84399414062 1760.23559570312 1685.70593261719 1674.95007324219 1698.91528320312 1680.07312011719 1580.40893554688 1497.80395507812 1487.58178710938 1507.12548828125 1617.56958007812 1669.12268066406 1742.07666015625 1861.7724609375 1893.13977050781 1837.93408203125 1837.787109375 1843.18139648438 1859.82092285156 1907.10913085938 1935.50415039062 1942.8515625 1880.919921875 1812.33349609375 1821.94543457031 1960.99487304688 1820.5087890625 2045.0966796875 2032.90197753906 2044.02941894531 2111.884765625 2122.72094726562 2066.36499023438
