Dropbox/GRP Data/GRP mammal paper/NN_analysis/DATA/2014 input files/yo_c_bio12Apr2014.asc
NCOLS 224 
NROWS 139 
XLLCORNER -69800.8126435 
YLLCORNER -76370.3008923 
CELLSIZE 821.1860311 
NODATA_value -3.4e+38 
[rows 0 to 22 of 139, columns 102 to 152 of 224]
-3.4e+38 -3.4e+38 -3.4e+38 -3.4e+38 -3.4e+38 -3.4e+38 -3.4e+38 -3.4e+38 -3.4e+38 -3.4e+38 -3.4e+38 -3.4e+38 -3.4e+38 -3.4e+38 -3.4e+38 -3.4e+38 -3.4e+38 -3.4e+38 -3.4e+38 -3.4e+38 -3.4e+38 -3.4e+38 -3.4e+38 -3.4e+38 -3.4e+38 -3.4e+38 109720.140625 101098.1875 -3.4e+38 -3.4e+38 -3.4e+38 -3.4e+38 -3.4e+38 -3.4e+38 -3.4e+38 -3.4e+38 -3.4e+38 -3.4e+38 -3.4e+38 -3.4e+38 -3.4e+38 -3.4e+38 -3.4e+38 -3.4e+38 -3.4e+38 -3.4e+38 -3.4e+38 -3.4e+38 -3.4e+38 -3.4e+38 -3.4e+38
-3.4e+38 -3.4e+38 -3.4e+38 -3.4e+38 -3.4e+38 -3.4e+38 -3.4e+38 -3.4e+38 -3.4e+38 -3.4e+38 -3.4e+38 -3.4e+38 -3.4e+38 -3.4e+38 -3.4e+38 -3.4e+38 -3.4e+38 -3.4e+38 -3.4e+38 146014.9375 145889.5625 147292.875 147010.875 142401.453125 132526.125 120133.4296875 108115.796875 99640.65625 92012.1171875 86339.0390625 80818.453125 75886.1015625 72201.0390625 -3.4e+38 -3.4e+38 -3.4e+38 -3.4e+38 -3.4e+38 -3.4e+38 -3.4e+38 -3.4e+38 -3.4e+38 -3.4e+38 -3.4e+38 -3.4e+38 -3.4e+38 -3.4e+38 -3.4e+38 -3.4e+38 -3.4e+38 -3.4e+38
-3.4e+38 -3.4e+38 -3.4e+38 -3.4e+38 -3.4e+38 -3.4e+38 -3.4e+38 -3.4e+38 -3.4e+38 -3.4e+38 -3.4e+38 -3.4e+38 -3.4e+38 -3.4e+38 -3.4e+38 -3.4e+38 -3.4e+38 141123.078125 138797.40625 136309.125 136946.359375 138696.65625 137787.953125 132886.46875 125232.0703125 115268.75 105987.7421875 98351.90625 91000.109375 85126.9609375 79868.9921875 75239.25 72437.15625 71454.203125 72639.65625 74208.8125 -3.4e+38 -3.4e+38 -3.4e+38 -3.4e+38 -3.4e+38 -3.4e+38 -3.4e+38 -3.4e+38 -3.4e+38 -3.4e+38 -3.4e+38 -3.4e+38 -3.4e+38 -3.4e+38 -3.4e+38
-3.4e+38 -3.4e+38 -3.4e+38 -3.4e+38 -3.4e+38 -3.4e+38 -3.4e+38 -3.4e+38 -3.4e+38 -3.4e+38 -3.4e+38 -3.4e+38 -3.4e+38 -3.4e+38 -3.4e+38 137283.09375 137095.921875 135412.78125 133002.375 131341.90625 133138.796875 134175.5625 130762.7734375 123124.21875 115381.484375 108208.6484375 102250.5 96253.484375 89874.875 84188.8203125 79192.8125 75523.7265625 73681.265625 73896.2890625 75999.75 77915.6484375 78158.859375 75411.71875 70796.3828125 -3.4e+38 -3.4e+38 -3.4e+38 -3.4e+38 -3.4e+38 -3.4e+38 -3.4e+38 -3.4e+38 -3.4e+38 -3.4e+38 -3.4e+38 -3.4e+38
-3.4e+38 -3.4e+38 -3.4e+38 -3.4e+38 -3.4e+38 -3.4e+38 -3.4e+38 -3.4e+38 -3.4e+38 -3.4e+38 -3.4e+38 -3.4e+38 -3.4e+38 132717.21875 134089.9375 135464.921875 135842.765625 134623.28125 132791.8125 132791.296875 135047.1875 135535.8125 128806.703125 116702.6015625 106844.9921875 100572.0703125 96820.4375 93229.1640625 88951.375 83762.7421875 79188.25 76411.6875 75325.71875 76586.796875 79424.609375 81912.8046875 82026.703125 78280.859375 72158.203125 68068.46875 64836.3515625 -3.4e+38 -3.4e+38 -3.4e+38 -3.4e+38 -3.4e+38 -3.4e+38 -3.4e+38 -3.4e+38 -3.4e+38 -3.4e+38
-3.4e+38 -3.4e+38 -3.4e+38 -3.4e+38 -3.4e+38 -3.4e+38 -3.4e+38 -3.4e+38 -3.4e+38 -3.4e+38 -3.4e+38 131842.5625 134622.859375 134635.84375 134888.78125 136267.953125 136674.34375 136009.921875 135442.984375 137660.1875 140074 140473.734375 131229.234375 115500.7265625 102751.671875 94966.921875 91629.765625 90843.4765625 88810.7421875 84088.8203125 80052.9140625 77719.4921875 77051.953125 79216.546875 82696.0703125 86159.8671875 86702.0390625 82134.75 74341.5703125 68659.7890625 65614.890625 65013.6953125 64094.9765625 63089.4609375 -3.4e+38 -3.4e+38 -3.4e+38 -3.4e+38 -3.4e+38 -3.4e+38 -3.4e+38
-3.4e+38 -3.4e+38 -3.4e+38 -3.4e+38 -3.4e+38 -3.4e+38 -3.4e+38 -3.4e+38 -3.4e+38 -3.4e+38 128586.65625 130729.6015625 135067.640625 135387.9375 136075.1875 137799.796875 138574.9375 140147.375 141633.671875 142896.921875 145952.625 147011.25 136934.015625 119750.421875 104184.8046875 93322.0625 90247.9296875 91338.7421875 90573.265625 85367.453125 81263.5 79368.90625 78867.890625 81433.09375 86321.7421875 88468.453125 90556.84375 84834.0546875 76730.015625 70004.484375 66200.671875 64628.91015625 63795.75 62343.3125 62222.87890625 61292.1875 60281.140625 -3.4e+38 -3.4e+38 -3.4e+38 -3.4e+38
-3.4e+38 -3.4e+38 -3.4e+38 -3.4e+38 -3.4e+38 -3.4e+38 -3.4e+38 -3.4e+38 133589.4375 130318.1875 129774.90625 131362.765625 135385.703125 136242.640625 136451.078125 139047.40625 141321.671875 143819.140625 146367.859375 149866.171875 154340.125 152786.75 143680.546875 128345.125 112245.1875 99803.6484375 96925.40625 97310.859375 95873.984375 89291.984375 82760.734375 80243.7109375 80249.1328125 84663.8125 89715.25 91874.5546875 93282.390625 89031.9921875 79268.4921875 71743.828125 66536.890625 64799.64453125 63898.71484375 62486.9296875 61498.05859375 60659.5390625 59967.640625 58862.046875 58723.0625 -3.4e+38 -3.4e+38
-3.4e+38 -3.4e+38 -3.4e+38 -3.4e+38 -3.4e+38 -3.4e+38 -3.4e+38 138132.921875 135234.328125 131809.9375 131467.203125 132259.265625 135101.09375 136321.296875 135761.125 137425.28125 140254.6875 143796.265625 148158.65625 152988.234375 157371.53125 154802.71875 145974.53125 133591 120725.609375 113243.796875 110816.40625 109102.1171875 103559.9765625 94398.3359375 85236.640625 81329.234375 82070.8828125 87003.0859375 91699.796875 98330.0390625 97235.7421875 90611.6953125 80257.8984375 72053.1953125 67771.5 64374.8046875 63295.69921875 62474.125 61142.2890625 60262.671875 60092 59903.90625 59160.2109375 58546.2265625 57290.140625
-3.4e+38 -3.4e+38 -3.4e+38 -3.4e+38 -3.4e+38 -3.4e+38 140856.421875 139275.625 137516.828125 133763.234375 132182.609375 133018.21875 135283.125 137004.515625 135156.09375 134891.578125 137215.734375 140805.828125 143613.96875 149474.796875 153687.578125 152526.0625 146199.21875 137782.453125 130374.5390625 126080.515625 124271.21875 120385.671875 110721.8203125 99048.1171875 88659.84375 83208.3828125 84392.078125 88818.1953125 95417.2265625 103292.5234375 100735.53125 94545.5 84529.4609375 74343.0234375 67749.21875 65223.16015625 63249.078125 62298.69921875 61183.98828125 61243.32421875 61904.28515625 62017.0703125 61195.8203125 59725.80078125 57491.33203125
-3.4e+38 -3.4e+38 -3.4e+38 -3.4e+38 137836.296875 140670.21875 142110.96875 140809.375 139328.328125 135826.265625 133389 134451.1875 137261.5 137326.828125 136146.59375 134914.296875 135506.28125 136572.078125 138266.859375 142415.734375 146333.84375 147871.578125 145317.03125 140778.21875 137445.71875 135461.140625 133319.109375 127176.796875 114939.953125 100941.375 90208.3203125 84503.0625 85763.40625 91939.171875 100373.4140625 109379.1328125 107234.2421875 100956.75 88720.5234375 75619.5625 67732.6875 65409.609375 63186.87109375 62228.296875 62043.30859375 62808.36328125 63674.79296875 64031.65625 62720.06640625 61142.62890625 58964.296875
-3.4e+38 -3.4e+38 -3.4e+38 137523.515625 138910.484375 141504.03125 142836.09375 142004.078125 140328.78125 137677.15625 135205.96875 136973.328125 139987.0625 139329.390625 139164.484375 136839 134904.5625 134148.125 135115.609375 135295.75 137840.125 141833.546875 143070.9375 142351.234375 141611.28125 140272.703125 137117.6875 128401.6484375 115000.2734375 100352.3984375 90018.4921875 85243.9140625 86591.21875 93728.328125 103929.546875 114494.5546875 113928.7734375 106766.5 93025.640625 78840.9765625 69670.96875 65761.46875 63814.98828125 63277.6640625 63736.73828125 64762.890625 66550.8359375 66967.5078125 65777.6796875 62210.27734375 59581.25390625
-3.4e+38 141235.8125 141558.9375 140934.71875 141499.859375 143207.9375 143525.671875 142557.09375 140799.25 138927.015625 137005.765625 139347.28125 141945.1875 142636.578125 143731.375 140730.90625 136374 133971.984375 133577 131555.671875 132795.046875 137361 140693.234375 142179.703125 142542.390625 140620.265625 135863.390625 124561.703125 111145.1796875 97612.7265625 88649.78125 85309.953125 87264.6875 95038.125 107191.0078125 118453.7734375 117693.5703125 110050.1875 95937.59375 81768.3515625 72374.4765625 67745.1171875 65949.71875 65573.328125 65983.1328125 67431.8828125 68882.9609375 68653.7890625 66347.5390625 61954.24609375 59649.625
147133.828125 145330.625 145202.109375 145181.140625 145386.953125 145597.53125 144705.59375 143148.625 141086.703125 139421.734375 138479.578125 140728.53125 142856.796875 145304.71875 148213.921875 146313.296875 141136.84375 136524.90625 134887.4375 133586.453125 133980.59375 136748.90625 139809.03125 141390.484375 141937.1875 139031.859375 131804.3125 119384.75 105195.8984375 94145.7578125 87235.828125 85009.234375 87881.5 98431.8203125 113289.390625 120585.2734375 117609.7109375 110295.7421875 99030.0703125 88128.515625 80182.2578125 74170.09375 70196.390625 69048.421875 68901.4765625 69766.28125 69005.4453125 67307.046875 64391.3828125 60558.43359375 57955.609375
151393.875 148836.234375 147235.328125 147510.90625 148808.203125 148868.796875 146682.390625 144273.6875 141509.09375 139792.71875 139917.140625 142078.78125 143845.171875 147024.25 150921.296875 151205.484375 148052.265625 143917.578125 142776.140625 141746.5625 140339.03125 140128.8125 141233.3125 142190.75 143331.515625 139431.59375 129274.2421875 117639.8984375 100866.3671875 92296.046875 87217.734375 85828.6484375 89868.7109375 105676.3671875 122311.28125 121656.1484375 116843.9765625 110563.765625 105214.7265625 100153.5546875 93904.5234375 83045.6875 75882.8125 73224.5625 71916.515625 70059.578125 66734.8515625 63246.640625 60394.76953125 57341.02734375 54877.484375
152208.71875 149564.296875 148287.0625 147987.9375 151423.0625 151807.265625 149313.8125 146321.109375 143078.09375 141629.609375 141507.9375 142836.78125 145917.890625 148361.796875 153026 154701.9375 154502.578125 154404.375 153702.015625 153611.5 151144.109375 148344.484375 146076.046875 145290.015625 147068.59375 142924.453125 131696.109375 119161.1953125 102439.5625 93129.7734375 89026.25 89783.6328125 96718.8515625 116454.234375 129947.7734375 126989.46875 121458.6328125 117276.2109375 114857.6796875 110843.3203125 104653.8046875 88482.6953125 81394.9921875 76996.015625 73435.96875 67754.9375 62760.37890625 57736.97265625 54013.2265625 52295.40625 52802.62890625
151836.46875 150088.046875 147853.984375 149081.46875 153088.53125 153571.359375 151305.203125 148933.59375 146740.875 146143.421875 146533.078125 147527.484375 148732.3125 151444.421875 154860.65625 157665.90625 157969.3125 158745.015625 159852.953125 159465.671875 158586.203125 157617.078125 156437.328125 153913.875 150765.53125 145423.1875 135734.34375 121884.09375 104817.328125 95989.671875 92004.2734375 95536.6015625 107899.7578125 125759 140668.953125 138350.03125 132437.265625 130015.375 128969.5546875 125202.640625 116852.5859375 99839.8828125 87356.921875 79592.546875 73009.203125 64557.8046875 56789.96484375 50926 49891.05078125 50559.1953125 51576.61328125
151107.015625 150355.140625 150217.828125 149922.75 153697.015625 154551.75 152755.203125 151696.65625 151289.328125 152774.625 154510.1875 153324.671875 152736.125 153391.25 155419.984375 157514.828125 159000.171875 160293.03125 161738.078125 162071.546875 162948.1875 162498.515625 161687.390625 159039.96875 154691.953125 147692.59375 136874.890625 124982.5234375 108549.765625 99283.375 95189.546875 99803.46875 113752.265625 131570.28125 151351.125 150370.484375 144119.125 140427.4375 138530.15625 134071.625 124343.4609375 107282.9609375 93646.34375 82909.21875 71589.28125 60893.87109375 52385.73046875 48697.41796875 48867.62109375 49835.14453125 51039.15234375
150988.40625 151359.4375 151749.34375 150403.28125 151660.359375 153241.890625 154078.859375 155356.8125 157874.34375 160461.328125 162156.296875 159234.25 157055.578125 156270.25 156754.71875 157828.015625 158887.921875 159764.90625 160968.4375 161852.921875 162978.171875 163198.859375 163246.25 161962.21875 158478.71875 152662.25 140777.328125 131091.4375 115705.0625 105503.1640625 100307.9296875 104196.3125 117379.328125 131237.625 154329.34375 158354.0625 153284.875 146662.984375 142913.84375 137503.140625 128178.71875 111238.46875 97581.515625 85246.3828125 69686.9921875 57707.5703125 51636.2109375 51171.78125 52305.85546875 52605.234375 53154.44921875
151596.875 152019.6875 152150.078125 151140.015625 150801.6875 151760.703125 154057.8125 157195.5625 160997.40625 164513.84375 165689.953125 163027.625 160756.15625 159552.46875 159012.453125 159048.046875 159468.78125 159986 160620.328125 161256.84375 162067.859375 162447.078125 162990.46875 163051.859375 161506.890625 158411.9375 150204.6875 140349.421875 126341.9921875 112780.9296875 104942.0859375 107659.5625 119607.2890625 131538.9375 152043.765625 162523.625 160465.84375 152946.046875 147403.125 141998.3125 131519.203125 113347.8828125 99216.1953125 84657.9609375 67710.3984375 57495.40234375 56351.12109375 58725.44921875 60477.5 59982.796875 56931.9921875
152872.234375 152647.578125 152448.53125 151696.328125 150668.265625 150008.875 152080.40625 155789.171875 159888.328125 163636.46875 165376.421875 164284.765625 162434.734375 161397.5 161002.390625 160613.765625 160393.71875 160605.09375 160763.5625 161065.609375 161606.703125 161977.765625 162435.921875 163020.75 163590.8125 162677.734375 158689.609375 150494.28125 137881.65625 122821.7890625 112655.40625 111746.3515625 121102.0703125 131941.796875 147960.609375 163372.234375 165935.203125 159880.015625 152859.171875 145596.234375 133075.46875 114990.1953125 99747.6015625 81105.7890625 67442.109375 62968.58203125 65357.90625 69307.7890625 68792.9140625 65114.08984375 61072.73828125
153548.734375 152796.875 152346.90625 151349.71875 149973.34375 148585.4375 149172.421875 152394.421875 156501.0625 159828.078125 162150.859375 162312.390625 161086.109375 160769.375 161332.8125 161208.109375 160831.671875 160845.21875 160930.234375 161108.953125 161409.765625 161925.921875 162305.8125 162922.140625 165016.828125 166074.1875 164042.703125 158593.828125 148814.09375 135552.09375 123172.796875 117479.28125 122911.8984375 132190.203125 145018.09375 161160.171875 169299.265625 165749.203125 157930.21875 148529.96875 134669.75 115290.578125 96723.640625 80278.140625 74742.015625 76748.8125 80000.8671875 80873.21875 76600.625 69772.796875 65270.50390625
152006.109375 151220.125 150671.84375 150142.21875 149305.375 148744.71875 147606.453125 149491.90625 152892.296875 156010.640625 157419.234375 158019.046875 157587.0625 158286.515625 160035.46875 160570.640625 160548.15625 160664.109375 160890.484375 160913.984375 160931.71875 161504.4375 162199.21875 163110.140625 165580.953125 168836.65625 167419.125 163518.90625 157720.71875 148469.84375 135841.765625 126650.53125 126203.4375 132748.671875 143065.484375 156549.28125 167864.03125 165927 158535.65625 147527.484375 132401.265625 112674.484375 95581.203125 89346.625 93547.71875 98656.3046875 99530.34375 94191.5625 84154.1953125 74652.359375 68432
