Dropbox/GRP Data/GRP mammal paper/NN_analysis/DATA/2014 input files/yo_c_bio12Apr2014.asc
NCOLS 224 
NROWS 139 
XLLCORNER -69800.8126435 
YLLCORNER -76370.3008923 
CELLSIZE 821.1860311 
NODATA_value -3.4e+38 
[rows 92 to 114 of 139, columns 153 to 203 of 224]
112027.3046875 110539.1015625 113554.796875 116791.3671875 125320.65625 131291.203125 130139.78125 129141.8828125 126095.2109375 122072.7265625 116600.96875 110955.2109375 101634.4375 98966.6875 97573.703125 100079.4140625 102587.203125 102519.1953125 100573.7109375 98172.859375 90832.4921875 86180.3671875 84240.078125 82509.828125 80948.2421875 79029.6328125 76288.1484375 72715.125 69058.4453125 67587.125 67179.7421875 69859.3515625 73908.8125 75515.1640625 76830.1484375 75539.6875 71818.390625 69836.1484375 68475.2265625 67149.9921875 66139.84375 64601.53515625 62328.39453125 59719.51171875 56978.7578125 54631.4765625 -3.4e+38 -3.4e+38 -3.4e+38 -3.4e+38 -3.4e+38
118211.03125 117175.9296875 121107.2109375 124068.296875 131230.296875 135970.578125 133585.03125 132472.734375 130128.0234375 126039.9609375 120410.7734375 113721.15625 104053.140625 102003.21875 99685.515625 101354.3359375 105067.1328125 103814.28125 102423.4453125 101884.484375 100266.2421875 93002.5859375 86764.6875 82895.03125 80448.65625 78388.6953125 75748.9296875 72455.6015625 68847.671875 66047.828125 65268.80078125 67454.796875 72012.6015625 75326.7578125 77388.7734375 77570.53125 74126.9296875 71861.65625 69713.0625 67339.6875 65468.76171875 63318.67578125 60723.85546875 58685.33203125 -3.4e+38 -3.4e+38 -3.4e+38 -3.4e+38 -3.4e+38 -3.4e+38 -3.4e+38
126885.3203125 126530.5859375 131495.28125 133230.53125 137332.453125 140444.40625 138048.453125 137042.59375 134709.125 129622.4375 124204.9140625 117212.796875 107912.5859375 104982.25 102486.734375 103402.8203125 106850.703125 106437.4765625 105821.2109375 105126.6015625 106126.03125 99278.625 89815.4375 84341.3828125 80764.5546875 78023.3515625 74751.2109375 71497.9296875 68150.390625 64409.33203125 63705.453125 65423.0390625 69926.6328125 74284.5078125 76710.6171875 78001.2734375 77253.765625 75348.203125 70381.0390625 66376.546875 63279.16796875 60770.8359375 58559.28515625 -3.4e+38 -3.4e+38 -3.4e+38 -3.4e+38 -3.4e+38 -3.4e+38 -3.4e+38 -3.4e+38
139712.484375 140164.234375 145328.875 144032.140625 141217.125 144352 142602.1875 142039.6875 139173.578125 133606.78125 127180.3671875 121013.0234375 113125.5859375 106677.890625 104022.65625 105533.515625 106682.78125 108812 110471.359375 108414.3125 107043.546875 103536.921875 94696.890625 88260.34375 83493.53125 80215.4609375 75871.4140625 71370.78125 66953.5703125 62966.4765625 62173.609375 64106.76953125 69123.125 74413.4609375 77642.8828125 78750.578125 79365.2109375 77388.390625 70224.46875 64774.296875 60827.02734375 58300.6171875 -3.4e+38 -3.4e+38 -3.4e+38 -3.4e+38 -3.4e+38 -3.4e+38 -3.4e+38 -3.4e+38 -3.4e+38
147730.296875 150421.765625 151494.53125 149289.09375 144504.609375 146720.125 145606.53125 145864.9375 143977.734375 139012.9375 131638.0625 122927.8515625 117402.3984375 109207.3984375 105534.3125 106941.296875 107549.3984375 110712.59375 112764.4140625 111920.28125 108959.3359375 106383.9375 99274.1875 92933.28125 87812.1015625 84706.8515625 79491.9453125 72029.890625 66485.3203125 62068.9140625 60794.6796875 63478.37890625 69674.8984375 77365.7109375 83034.390625 84799.109375 83128.1015625 78183.3828125 69708.9765625 63507.33984375 59340.03125 -3.4e+38 -3.4e+38 -3.4e+38 -3.4e+38 -3.4e+38 -3.4e+38 -3.4e+38 -3.4e+38 -3.4e+38 -3.4e+38
151720.140625 153268.328125 156345.828125 153464.359375 148037.1875 149264.8125 148242.703125 147145.25 145504.984375 142279.609375 135786.046875 126695.21875 118111.1484375 114153.3828125 105326.28125 104436.890625 109733.125 113652.7265625 115375.2734375 116320.640625 112806.4765625 110996.859375 103476.796875 97897.6640625 92064.375 86582.796875 80096.1484375 72719.3125 66161.4296875 61790.4140625 60306.5703125 63335.77734375 71214.6015625 82593.5625 91696.1015625 96546.0390625 92363.390625 81880.140625 69903.1484375 63281.546875 -3.4e+38 -3.4e+38 -3.4e+38 -3.4e+38 -3.4e+38 -3.4e+38 -3.4e+38 -3.4e+38 -3.4e+38 -3.4e+38 -3.4e+38
151004.171875 152185.109375 156545.484375 157192.46875 150359 150820.921875 147258.578125 143263.28125 140624.953125 139354.515625 136611.90625 132107.046875 119911.046875 112553.1484375 99523.0234375 99291.109375 107365.7265625 116881.53125 119749.8125 120753.671875 118744.09375 115788.640625 108273.84375 102280.734375 97446.5078125 88890.53125 80134.5546875 71786.9375 65220.97265625 61002.1640625 60545.984375 62997.1171875 71706.0390625 85427.625 94980.7109375 99348.046875 95137.1484375 83593.0703125 71739.2734375 -3.4e+38 -3.4e+38 -3.4e+38 -3.4e+38 -3.4e+38 -3.4e+38 -3.4e+38 -3.4e+38 -3.4e+38 -3.4e+38 -3.4e+38 -3.4e+38
151055.4375 153138.1875 155964.03125 155960.90625 151722.921875 150815.578125 145713.578125 139584.171875 135002.3125 134597.8125 133769.734375 129764.609375 118276.0625 111151.7265625 99856.2578125 98309.7890625 104628.75 117024.4609375 122197.2265625 122712.6796875 125164.1640625 120670.515625 114711.0390625 109156.0078125 103114.9296875 93251.1171875 79816.265625 68892.3046875 62273.9609375 59235.1953125 59065.94140625 62219.18359375 71771 87645.921875 100284.71875 103967.1171875 98618.703125 -3.4e+38 -3.4e+38 -3.4e+38 -3.4e+38 -3.4e+38 -3.4e+38 -3.4e+38 -3.4e+38 -3.4e+38 -3.4e+38 -3.4e+38 -3.4e+38 -3.4e+38 -3.4e+38
150057.125 151625.125 151444.046875 150802.34375 150270.828125 148454.53125 142454.015625 136696.1875 130998.1875 129204.6328125 128017.6875 123756.125 116858.390625 106256.21875 96709.2890625 96494.65625 104807.296875 118486.6875 125862.1328125 126054.828125 126385.875 125134.203125 122751.859375 116100.015625 108182.046875 99081.03125 83007.8046875 69518.765625 62904.6171875 60123.0234375 59632.859375 61896.26171875 71143.6171875 85978.4609375 100495.7109375 -3.4e+38 -3.4e+38 -3.4e+38 -3.4e+38 -3.4e+38 -3.4e+38 -3.4e+38 -3.4e+38 -3.4e+38 -3.4e+38 -3.4e+38 -3.4e+38 -3.4e+38 -3.4e+38 -3.4e+38 -3.4e+38
148449.796875 147176.140625 144643.875 143861.40625 145106.203125 143319.1875 139412.0625 134726.015625 128656.40625 124643.9609375 121974.2421875 118962.0546875 113311.9765625 98751.2421875 93182.921875 95388.796875 104392.15625 117702.25 127995.5078125 130685.328125 130130.2734375 127941.9140625 126451.4296875 120452.359375 113948.7421875 104194.03125 86255.546875 71172.6796875 64266.40234375 61628.890625 60589.171875 61904.29296875 70681.21875 85277.828125 -3.4e+38 -3.4e+38 -3.4e+38 -3.4e+38 -3.4e+38 -3.4e+38 -3.4e+38 -3.4e+38 -3.4e+38 -3.4e+38 -3.4e+38 -3.4e+38 -3.4e+38 -3.4e+38 -3.4e+38 -3.4e+38 -3.4e+38
146075.015625 141793.1875 137592.546875 134901.65625 136172.296875 137206.953125 136941.078125 133339.984375 127265.96875 121626.046875 118439.8203125 116084.09375 107666.2890625 94826.5625 91659.7265625 94634.2421875 103451.71875 114760.8359375 124184.328125 130351.8671875 132091.3125 129417.6328125 127708.421875 123513.4921875 116512.1484375 105731.4296875 89165.0390625 73943.8984375 66225.8671875 63369.76171875 61835.64453125 62353.2421875 -3.4e+38 -3.4e+38 -3.4e+38 -3.4e+38 -3.4e+38 -3.4e+38 -3.4e+38 -3.4e+38 -3.4e+38 -3.4e+38 -3.4e+38 -3.4e+38 -3.4e+38 -3.4e+38 -3.4e+38 -3.4e+38 -3.4e+38 -3.4e+38 -3.4e+38
140873.625 136627.15625 130631.4609375 125481.0625 126332.9375 130920.796875 133318.0625 131398.015625 125793.71875 119931.2421875 117472.953125 114153.25 104192.453125 96950.859375 92198.828125 93803.4609375 101317.375 110645.6796875 116692.078125 122756.1015625 125652.6796875 124734.1171875 123712.78125 120326.2421875 113259.859375 104660.6875 92067.953125 77007.9765625 68364.28125 65186.79296875 -3.4e+38 -3.4e+38 -3.4e+38 -3.4e+38 -3.4e+38 -3.4e+38 -3.4e+38 -3.4e+38 -3.4e+38 -3.4e+38 -3.4e+38 -3.4e+38 -3.4e+38 -3.4e+38 -3.4e+38 -3.4e+38 -3.4e+38 -3.4e+38 -3.4e+38 -3.4e+38 -3.4e+38
133125.671875 131755.578125 125340.9140625 122445.2109375 121803.21875 122653.4296875 127713.4375 127308.5234375 123031.0625 119053.9375 116616.3046875 113316.875 106136.6875 100438.7734375 94466.828125 94418.25 97354.671875 105009.3203125 110618.4609375 112893.03125 113451.6171875 113560.4921875 113510.703125 110227.46875 106833.71875 102836.46875 93988.203125 79348.2265625 -3.4e+38 -3.4e+38 -3.4e+38 -3.4e+38 -3.4e+38 -3.4e+38 -3.4e+38 -3.4e+38 -3.4e+38 -3.4e+38 -3.4e+38 -3.4e+38 -3.4e+38 -3.4e+38 -3.4e+38 -3.4e+38 -3.4e+38 -3.4e+38 -3.4e+38 -3.4e+38 -3.4e+38 -3.4e+38 -3.4e+38
129382.2578125 126003.671875 123982.7421875 121384.6328125 121062.5703125 120567.375 120477.3125 120310.609375 119179.4296875 118709.6484375 115950.15625 113019.1328125 108421.40625 102919.140625 97449.2890625 96786.8671875 97059.7421875 99842.90625 104358.4453125 106623.59375 106401.25 107753.7578125 106498.5390625 104768.9609375 102218.7265625 -3.4e+38 -3.4e+38 -3.4e+38 -3.4e+38 -3.4e+38 -3.4e+38 -3.4e+38 -3.4e+38 -3.4e+38 -3.4e+38 -3.4e+38 -3.4e+38 -3.4e+38 -3.4e+38 -3.4e+38 -3.4e+38 -3.4e+38 -3.4e+38 -3.4e+38 -3.4e+38 -3.4e+38 -3.4e+38 -3.4e+38 -3.4e+38 -3.4e+38 -3.4e+38
129191.0078125 125119.2578125 123314.75 121414.6796875 120288.484375 119647.7578125 119344.78125 118836.8515625 117802.953125 116405.3671875 113340.34375 111539.9609375 111272.7109375 105414.875 100355.203125 97177 97244.296875 99771.078125 102437.78125 104383.65625 104332.9765625 102032.65625 100039.109375 -3.4e+38 -3.4e+38 -3.4e+38 -3.4e+38 -3.4e+38 -3.4e+38 -3.4e+38 -3.4e+38 -3.4e+38 -3.4e+38 -3.4e+38 -3.4e+38 -3.4e+38 -3.4e+38 -3.4e+38 -3.4e+38 -3.4e+38 -3.4e+38 -3.4e+38 -3.4e+38 -3.4e+38 -3.4e+38 -3.4e+38 -3.4e+38 -3.4e+38 -3.4e+38 -3.4e+38 -3.4e+38
128655.609375 124984.265625 122933.734375 120883.2890625 119329.1484375 116917.9609375 115629.9140625 114341.8203125 113429.8828125 112391.2890625 110774.5 109820.6640625 109848.9765625 107646.8046875 103234.078125 99809.3984375 99635.8515625 101829.7734375 103171.34375 102424.4921875 -3.4e+38 -3.4e+38 -3.4e+38 -3.4e+38 -3.4e+38 -3.4e+38 -3.4e+38 -3.4e+38 -3.4e+38 -3.4e+38 -3.4e+38 -3.4e+38 -3.4e+38 -3.4e+38 -3.4e+38 -3.4e+38 -3.4e+38 -3.4e+38 -3.4e+38 -3.4e+38 -3.4e+38 -3.4e+38 -3.4e+38 -3.4e+38 -3.4e+38 -3.4e+38 -3.4e+38 -3.4e+38 -3.4e+38 -3.4e+38 -3.4e+38
127554.5859375 123850.2421875 122052.25 120038.3125 118787.546875 115747.7890625 113314.09375 111593.8125 110671.8671875 109950 109240.3828125 108420.734375 108422.2578125 108062.640625 105378.078125 103204.4921875 102271.1015625 102915.734375 -3.4e+38 -3.4e+38 -3.4e+38 -3.4e+38 -3.4e+38 -3.4e+38 -3.4e+38 -3.4e+38 -3.4e+38 -3.4e+38 -3.4e+38 -3.4e+38 -3.4e+38 -3.4e+38 -3.4e+38 -3.4e+38 -3.4e+38 -3.4e+38 -3.4e+38 -3.4e+38 -3.4e+38 -3.4e+38 -3.4e+38 -3.4e+38 -3.4e+38 -3.4e+38 -3.4e+38 -3.4e+38 -3.4e+38 -3.4e+38 -3.4e+38 -3.4e+38 -3.4e+38
127405.4765625 123715.59375 121631.1953125 119981 119113.8359375 115080.390625 112518.1015625 110663.3671875 109343.3671875 108809.15625 108634.2109375 107979.734375 107811.2734375 107885.484375 107134.859375 -3.4e+38 -3.4e+38 -3.4e+38 -3.4e+38 -3.4e+38 -3.4e+38 -3.4e+38 -3.4e+38 -3.4e+38 -3.4e+38 -3.4e+38 -3.4e+38 -3.4e+38 -3.4e+38 -3.4e+38 -3.4e+38 -3.4e+38 -3.4e+38 -3.4e+38 -3.4e+38 -3.4e+38 -3.4e+38 -3.4e+38 -3.4e+38 -3.4e+38 -3.4e+38 -3.4e+38 -3.4e+38 -3.4e+38 -3.4e+38 -3.4e+38 -3.4e+38 -3.4e+38 -3.4e+38 -3.4e+38 -3.4e+38
128083.796875 124446.40625 122071.1640625 120223.5546875 119328.953125 114790.5 112774.8671875 110847.984375 109288.3046875 108857.640625 108768.0546875 108189.515625 107741.0859375 -3.4e+38 -3.4e+38 -3.4e+38 -3.4e+38 -3.4e+38 -3.4e+38 -3.4e+38 -3.4e+38 -3.4e+38 -3.4e+38 -3.4e+38 -3.4e+38 -3.4e+38 -3.4e+38 -3.4e+38 -3.4e+38 -3.4e+38 -3.4e+38 -3.4e+38 -3.4e+38 -3.4e+38 -3.4e+38 -3.4e+38 -3.4e+38 -3.4e+38 -3.4e+38 -3.4e+38 -3.4e+38 -3.4e+38 -3.4e+38 -3.4e+38 -3.4e+38 -3.4e+38 -3.4e+38 -3.4e+38 -3.4e+38 -3.4e+38 -3.4e+38
128527.3125 125062.953125 122671.578125 120422 118265.84375 114756.1640625 113049.03125 111266.609375 109720.0078125 109418.3671875 -3.4e+38 -3.4e+38 -3.4e+38 -3.4e+38 -3.4e+38 -3.4e+38 -3.4e+38 -3.4e+38 -3.4e+38 -3.4e+38 -3.4e+38 -3.4e+38 -3.4e+38 -3.4e+38 -3.4e+38 -3.4e+38 -3.4e+38 -3.4e+38 -3.4e+38 -3.4e+38 -3.4e+38 -3.4e+38 -3.4e+38 -3.4e+38 -3.4e+38 -3.4e+38 -3.4e+38 -3.4e+38 -3.4e+38 -3.4e+38 -3.4e+38 -3.4e+38 -3.4e+38 -3.4e+38 -3.4e+38 -3.4e+38 -3.4e+38 -3.4e+38 -3.4e+38 -3.4e+38 -3.4e+38
128356.2421875 125426.3828125 122701.6328125 120432.4609375 116437.4375 114428.5390625 112444.8828125 111226.8984375 -3.4e+38 -3.4e+38 -3.4e+38 -3.4e+38 -3.4e+38 -3.4e+38 -3.4e+38 -3.4e+38 -3.4e+38 -3.4e+38 -3.4e+38 -3.4e+38 -3.4e+38 -3.4e+38 -3.4e+38 -3.4e+38 -3.4e+38 -3.4e+38 -3.4e+38 -3.4e+38 -3.4e+38 -3.4e+38 -3.4e+38 -3.4e+38 -3.4e+38 -3.4e+38 -3.4e+38 -3.4e+38 -3.4e+38 -3.4e+38 -3.4e+38 -3.4e+38 -3.4e+38 -3.4e+38 -3.4e+38 -3.4e+38 -3.4e+38 -3.4e+38 -3.4e+38 -3.4e+38 -3.4e+38 -3.4e+38 -3.4e+38
127844.3359375 125092.8125 122517.359375 118898.65625 115950.296875 -3.4e+38 -3.4e+38 -3.4e+38 -3.4e+38 -3.4e+38 -3.4e+38 -3.4e+38 -3.4e+38 -3.4e+38 -3.4e+38 -3.4e+38 -3.4e+38 -3.4e+38 -3.4e+38 -3.4e+38 -3.4e+38 -3.4e+38 -3.4e+38 -3.4e+38 -3.4e+38 -3.4e+38 -3.4e+38 -3.4e+38 -3.4e+38 -3.4e+38 -3.4e+38 -3.4e+38 -3.4e+38 -3.4e+38 -3.4e+38 -3.4e+38 -3.4e+38 -3.4e+38 -3.4e+38 -3.4e+38 -3.4e+38 -3.4e+38 -3.4e+38 -3.4e+38 -3.4e+38 -3.4e+38 -3.4e+38 -3.4e+38 -3.4e+38 -3.4e+38 -3.4e+38
124630.9375 122755.4375 121556.0078125 -3.4e+38 -3.4e+38 -3.4e+38 -3.4e+38 -3.4e+38 -3.4e+38 -3.4e+38 -3.4e+38 -3.4e+38 -3.4e+38 -3.4e+38 -3.4e+38 -3.4e+38 -3.4e+38 -3.4e+38 -3.4e+38 -3.4e+38 -3.4e+38 -3.4e+38 -3.4e+38 -3.4e+38 -3.4e+38 -3.4e+38 -3.4e+38 -3.4e+38 -3.4e+38 -3.4e+38 -3.4e+38 -3.4e+38 -3.4e+38 -3.4e+38 -3.4e+38 -3.4e+38 -3.4e+38 -3.4e+38 -3.4e+38 -3.4e+38 -3.4e+38 -3.4e+38 -3.4e+38 -3.4e+38 -3.4e+38 -3.4e+38 -3.4e+38 -3.4e+38 -3.4e+38 -3.4e+38 -3.4e+38
