Dropbox/GRP Data/GRP mammal paper/NN_analysis/DATA/2014 input files/yo_c_bio12Apr2014.asc
NCOLS 224 
NROWS 139 
XLLCORNER -69800.8126435 
YLLCORNER -76370.3008923 
CELLSIZE 821.1860311 
NODATA_value -3.4e+38 
[rows 69 to 91 of 139, columns 102 to 152 of 224]
102295.84375 102969.8125 104846.3984375 108696.0234375 113382.578125 118991.609375 121775.8671875 122799.0078125 123359.03125 123744.3515625 124633.625 128854.9765625 132018.65625 134409.46875 136560.875 137882.0625 139466.03125 140604.140625 141605.671875 143250.734375 144098.5625 142123.15625 139090.65625 135959.125 132641.1875 130537.3828125 129211.046875 128599.7578125 129578.7265625 132988.078125 137213.234375 142847.28125 147189.90625 152154.90625 155022.40625 158869.25 160941.28125 151101.0625 133835.265625 122977.1796875 119386.28125 117761.140625 118757.8984375 123466.1875 128763.640625 124908.953125 121642.15625 118647.859375 114457.96875 111319.1796875 109968.015625
103651.4375 104118.6484375 105571.1015625 108843.8671875 112825.5234375 117780.1953125 119708.296875 120802.484375 121483.3984375 122120.5703125 123683.765625 127844.1171875 131476.640625 134196.1875 135873.0625 137408.984375 139193.546875 141773.609375 144654.59375 147885.5625 147410.9375 143032.25 139478.328125 134622 131516.90625 129332.7890625 128308.6875 128572.6484375 131605.375 135379.640625 138843.375 144078.859375 148474.28125 150079.609375 151834.1875 152326.09375 153700.421875 144481.453125 130358.4375 122514.1171875 121113.1328125 120500.734375 124371.3359375 129672.703125 133690.640625 130627.1953125 126677.9765625 123203.6171875 118546.3359375 114741.6484375 113299.234375
105846.9140625 106349.6015625 107689.6640625 110250.0078125 113150.875 116515.796875 117801.53125 118258.5859375 118405.6328125 119402.34375 121793.109375 125962.453125 129796.8828125 132378.359375 134678.03125 136533.859375 138754.265625 141815.921875 146111.40625 149203.328125 148560.5625 142664.28125 138081.640625 134477 130904.6015625 129113.515625 128393.9453125 129073.6640625 133299.203125 136544.828125 139749.65625 143627.15625 146939.515625 147889.5 147355.875 147025.8125 145965.578125 139296.625 128714.328125 123488.109375 123026.640625 124422.8359375 129810.359375 135585.65625 134374.359375 130401.875 127269.90625 124501.0625 119706.5703125 116118.4296875 115252.53125
108571.515625 108639.265625 109035.7109375 110681.8046875 112842.28125 115037.7578125 115870.484375 115466.96875 115191.71875 116405.140625 119564.1171875 124074.3359375 127741.0625 129968.78125 132688.40625 135317.296875 138070.0625 141674.5625 145964.40625 147823.984375 147729.859375 143111.46875 138086.375 134094.65625 130261.5703125 128771.8671875 128564.5390625 129599.78125 133888.921875 136540.875 138921.359375 140867.125 142617.078125 142977.6875 142231.078125 141154.765625 139194.109375 134218.546875 127787.5859375 124780.28125 124996.140625 127346.2109375 132626.34375 137875.65625 136197.703125 131394.28125 127732.5859375 124531.4453125 120411.09375 117185.578125 115902.28125
109715.65625 109215.4921875 108866.71875 109596.28125 111024.1875 112192.8515625 112640.9453125 112045.671875 111974.1953125 113592.390625 117306.3828125 121789.546875 125435.40625 127917.2890625 130806.09375 133860.625 136873.796875 140182.53125 143808.75 145055.03125 145444.3125 141722.390625 137608.546875 132536.0625 129897.921875 128692.8984375 128949.0703125 130285.5703125 133785.71875 135826.703125 136574.15625 137351.46875 137596.40625 137303.765625 136986.71875 136547.328125 135113.375 131861.96875 127702.9453125 126006.984375 126781.28125 129373.859375 133997.59375 137233.59375 135210.9375 130067.2421875 125688.3671875 121806.203125 117522.03125 114593.890625 113936.6875
108656.9609375 107802.71875 107280.1875 107322.65625 107866.7734375 108069.828125 108389.0703125 108490.5546875 109195.609375 111426.7890625 115260.359375 119451.6640625 123012.3984375 126450.96875 129622.0546875 132520.84375 135232.953125 137657.90625 140976.859375 142656.5 142989.15625 139570.828125 135318.421875 130739.4296875 129482.3828125 128886.8046875 129513.0625 131290.421875 133846.171875 134710.1875 133645.609375 133365.53125 132841.5625 132692.28125 133008.359375 133566.65625 132805.484375 131166.890625 128476.0625 127478.515625 128908.9453125 131605.109375 135182.59375 136048.625 132813.203125 127205.0078125 122559.8671875 118336.1328125 114484.5625 111451.2265625 111436.015625
107336.453125 106039.0078125 105055.015625 104865.1328125 104892.34375 104882.6328125 105430.4765625 106389.328125 107892.3828125 110365.9609375 113812.515625 117947.4453125 121185.2265625 125430.703125 128623.8359375 131391.515625 133518.59375 135666.03125 139071.609375 141458.390625 141255.625 138806.921875 132410.8125 128890.6953125 127744.765625 128603.53125 129899 131810.84375 133835.6875 133361.484375 131458.578125 129504.84375 128780.6171875 129350.5546875 130212.4609375 131024.9140625 130229.0078125 129756.1640625 129303.1953125 129118.5546875 130905.4765625 133292.90625 136251.609375 135658.421875 130241.359375 124214.4609375 120269.90625 116217.234375 112592.109375 109601.7421875 109910.90625
107063.5625 105243.0390625 104407.2265625 104674.8203125 104480.015625 104591.90625 105280.953125 106446.96875 108093.1875 110167.484375 113164.7890625 116752.3359375 120627.21875 124843.5 127251.59375 130094.0234375 132071.8125 134232.328125 137407.78125 140568.65625 139853.6875 137015.90625 130585.9921875 125547.234375 124248.7890625 127065.9609375 129641.6875 130673.6640625 132387.953125 131754.34375 130436.1484375 127325.4609375 125952.1953125 126507.7421875 127101.9453125 127907.8359375 127089.3046875 127653.5390625 129216.5625 130501.359375 132074.125 133486.234375 136199.203125 135020 127187.7578125 121914.671875 119100.578125 115526.03125 111192.0078125 108516.1875 108946.2578125
108726.3828125 106618.1171875 105551.6171875 104907.1953125 104437.578125 105170.546875 106221.015625 106933.8828125 108324.296875 110316.84375 113019.8828125 116244.2265625 119586.4296875 123754.9375 126504.1328125 129334.1875 131457.90625 133705.828125 136738.8125 140952.96875 139415.25 136314.5 130398.1640625 124665.59375 122256.28125 123993.6015625 127481.28125 128933.453125 129689.8359375 129339.328125 128367.15625 125666.28125 123388.390625 123361.2265625 124268.828125 124558.921875 125606.4609375 127074.5859375 128791.0546875 131695.421875 133434.96875 134012.03125 134193.09375 132111.578125 124809.34375 121449.9296875 118137.109375 114620.9453125 110988.078125 107725.78125 107532.65625
111278.65625 108363.4140625 107107.328125 106688.4921875 106354.7109375 107065.4921875 107169.53125 107874.5546875 108830.046875 110338.4375 112728.03125 115299.25 119699.671875 122681.9609375 125181.015625 127668.46875 130167.71875 133097.078125 136404.734375 140969.3125 139837.21875 135693.1875 131049.578125 125191.1796875 121458.796875 120509.453125 121321.53125 123970.4375 126721.828125 127374.1953125 126768.234375 123104.4140625 119533.09375 119020.2734375 121213.8203125 122469.625 124230.8359375 127569.7578125 131545.109375 131629.140625 132857.375 132170.609375 131061.75 128998.75 123372.359375 119629.546875 115570.9453125 112106.2890625 108958.484375 105520.1796875 105929.8984375
110536.859375 108736.2734375 107792.6328125 107048.671875 106662.7890625 107464.8515625 108005.3125 108200.59375 109000.8125 110092.8828125 111820.5390625 113845.3515625 117795.4609375 121581.609375 123337.6796875 125924.6796875 128476.5625 131877.203125 135565.53125 139587.78125 138908.15625 135756.234375 131978.3125 126575.8046875 120982.796875 117521.3125 116248.546875 116857.1171875 118085.1171875 118659.828125 116466.1328125 112260.0625 107387.5859375 106341.5078125 110622.03125 120820.7578125 123717.34375 128294.84375 131233.796875 130931.28125 128884.40625 128048.3046875 127110.0078125 125370.015625 122514.546875 119696.7421875 115974.3515625 111731.921875 107786.171875 105295.1015625 104843.515625
110212.6171875 109247.890625 107869.546875 107290.203125 107119.34375 107689.4609375 108515.8125 108226.4921875 108284.8125 108755.0390625 110058.578125 111963.0390625 115308.8515625 118938.5078125 121879.515625 124230.7265625 126581.84375 129785.4375 133708.265625 136688.671875 135759.421875 133647.703125 131107.359375 125117.7890625 117855.203125 111542.9921875 106278.359375 104646.484375 106321.1875 108195.890625 107241.09375 104350.9140625 103629.3515625 105155.9921875 109998.0546875 121684.0703125 125981.3828125 127739.453125 128134.28125 126890.3828125 125112.3671875 123710.078125 122937.2109375 122368.7890625 121290.796875 119629.875 115549.9375 111589.15625 108662.6328125 104678.2578125 102614.8671875
109628.3515625 108828.84375 107715.7265625 107195.796875 107080.96875 107369.6015625 108223.671875 107659.859375 107195.1015625 107275.578125 108349.0078125 110269.640625 112577.375 115361.6796875 119064.5859375 121534.71875 124341.171875 127484.5390625 131382.25 133484.140625 131150.828125 130049.140625 127070.1640625 120299.8671875 111162.1875 103770.28125 99678.859375 98230.6015625 99726.8828125 100227.59375 100807.3125 100565.2421875 103058.375 107181.7890625 112627.15625 121553.2421875 124875.71875 125512.4765625 124848.53125 123038.4375 121566.7421875 120312.96875 119491.1875 119954.21875 120211.0078125 118686.640625 115175.3203125 111428.8828125 108570.9765625 105155.3046875 101610.6015625
108779.2421875 107643.171875 107457.4453125 107080.203125 106841.375 106847.4375 107260.28125 106357.8125 105680.828125 105757.375 106612.921875 107986.2734375 108816.8515625 110174.859375 113431.0078125 116500.046875 120095.8671875 123964.109375 127420.09375 128469.375 125473.921875 123883.234375 119751.328125 112842.7265625 103957.71875 98428.4609375 96784.296875 96147.015625 96406.78125 96005.546875 97285.0390625 99498.0234375 103769.2109375 109407.734375 114234.4296875 118727.90625 120399.9765625 123087.8046875 122549.703125 121022.8515625 118920.6328125 118201.9296875 117377.4296875 117610.5234375 118357.0234375 116950.4609375 114346.4296875 110864.4296875 107645.640625 104769.9453125 100980.7734375
108327.765625 106957.609375 106842.9765625 106920.3515625 106693.375 105925.0234375 105461.1328125 104363.5546875 103614.703125 103914.5546875 104538.84375 104914.859375 104370.875 104600.9609375 106845.1484375 110281.9140625 114175.8203125 118886.421875 121620.84375 121462.125 117921.078125 115638.2890625 111027.8359375 105005.2109375 99008.1328125 96618.1171875 96209.2734375 96064.203125 95560.7890625 95200.53125 96317.8984375 99531.359375 104719.9296875 110752.8828125 114575.28125 116097.0546875 116970.0390625 119715.3984375 121896.1796875 121651.4140625 119133.0703125 118484.3984375 117980.796875 117914.734375 118095.65625 116475.3359375 114109.234375 110825.671875 107552.1953125 104520.6484375 101373.1328125
108254.25 107188.421875 105942.578125 105849.109375 105760.296875 103872.8203125 102918.609375 101985.9375 101297.09375 101881.46875 102372.46875 102047.171875 100785.3125 101025.9453125 102467.8203125 105553.71875 108827.75 112838.8828125 114380.9453125 113061.1953125 108476.9140625 106865.90625 102714.3125 98859.59375 96689.828125 96665.03125 97846.5234375 98896.71875 98329.109375 97041.5234375 97426.1171875 100553.9609375 105659.453125 111687.6484375 115338.953125 115986.9375 116820.734375 117838.6171875 122310.703125 123518.5390625 121921.1953125 121255.3359375 121728.9453125 122126.625 121329.7265625 118400.3515625 114821.203125 111110.8359375 107857 104498.296875 101623.6015625
108464.7421875 107106.265625 106042.5078125 104074.953125 103631.6796875 102373.28125 102057.8671875 100105.1171875 99057.7265625 99862.4921875 100368.9609375 99623.9296875 98744.6484375 98367.640625 99892.859375 102614.6953125 104500.5078125 105637.1484375 104842.3359375 102149.5390625 100199.78125 98026.546875 95304.8828125 94947.6328125 96501.0625 98989.78125 102314.546875 105525.46875 103783.6015625 100957.6171875 100377.7578125 103741.078125 108194.4453125 114344.3359375 117682.03125 117802.234375 118805.1171875 121550.140625 123102.2734375 124720.8046875 124910.34375 125086.4375 126736.1328125 127314.90625 126090.2734375 121264.5859375 115098.546875 110898.859375 107150.5390625 103583.9765625 100613.9296875
107931.0859375 106973.234375 105436.3125 104941.75 104334.7890625 103287.546875 102187.734375 99225.3125 97676.609375 97772.84375 98061.515625 98454.828125 101175.09375 99996.921875 100776.8359375 101476.4921875 101566.625 100325.125 98677.5078125 97090.4375 96348.5078125 96505.234375 95212.59375 96684.0625 100937.40625 106923.3359375 114746.640625 118433.6015625 115044.7578125 107192.734375 105825.9296875 108304.3125 113893.4296875 118007.6640625 121086.8203125 123472.1796875 125014.2109375 123633.28125 126112.59375 127359.2109375 128276.7890625 128906.921875 129997.21875 129399.578125 128431.3828125 123602.6484375 114535.015625 110930.1796875 106162.3671875 102192.015625 99894.328125
107904.3359375 106179.8359375 104256.796875 102828.734375 102603.359375 101570.28125 100940.0703125 99173.328125 98559.9609375 98571.7578125 98876.4765625 99841.2890625 100821.640625 101503.453125 102172.8828125 103231.40625 104090.40625 103719.015625 102414.765625 101733.734375 100972 99961.2890625 100004.8203125 101954.203125 106598.921875 112882.4765625 120292.1640625 123672.7734375 118930.875 112063.015625 110057.7421875 111137.9453125 114878.4921875 120192.625 124306.2578125 124700.15625 125644.984375 125523.3125 126722.90625 128910.59375 129945.8046875 130668.6171875 132833.625 132430.125 132172.203125 133150.140625 120967.0390625 111069.7109375 105450.1953125 101679.296875 98585.390625
105471.3828125 103607.1953125 101974.609375 100764.6171875 100879.578125 99867.0390625 99197.7109375 98398.8125 98541.7890625 99351.7890625 99743.2734375 100159.5390625 99676.484375 101271.6796875 103439.171875 105721.4375 107682.3671875 107337.265625 106157.8984375 105210.21875 104327.421875 103151.8515625 103224.7265625 104725.4453125 109081.9296875 114972.578125 121112.96875 123511.84375 120304.0078125 113399.9921875 111449.625 111637.296875 115367.1953125 121112.2421875 123975.328125 124370.1875 125012.1796875 124822.7578125 125796.4765625 127682.359375 129685.2890625 130655.4375 132404.53125 133059.59375 135522.46875 135361.203125 124604.6171875 111939.7109375 110676.7421875 104749.9140625 99692.4375
101571.3125 101080.9765625 100293.3984375 99501.75 99756.96875 99246.578125 98699.6484375 98069.8515625 97986.78125 98956.9765625 99224.234375 98676.8203125 99005.5 101751.5234375 104965.0859375 107545.3515625 109661.859375 109775.8671875 109304.5078125 108286.65625 106918.9140625 105526.2734375 104974.03125 106188.125 110012.3515625 114885.1796875 119950.8515625 121750.1953125 118862.8984375 113264.53125 111237.328125 110781.234375 112921.71875 116255.421875 118822.6484375 120098.1796875 120833.9453125 121325.3828125 122458.4921875 124958.2890625 127775.7109375 130031.84375 132507.984375 133328.84375 135460.28125 138389.984375 130453.859375 118509.2578125 115052.4375 107913.3828125 102133.796875
97248.5546875 97231.890625 96637.6015625 96125.515625 96262.921875 96268.859375 96104.6796875 95987.4609375 96466.984375 97498.71875 98042.1640625 97791.078125 99329.640625 102938.1875 106631.109375 109134.7421875 110930.265625 111337.25 111200.78125 110496.703125 108402.5078125 106852.328125 105520.640625 106636.9453125 109710.9609375 113206.1171875 116422.109375 117440.6796875 115473.328125 112820.2890625 110580.0859375 110202.109375 110962.609375 112156.46875 113693.7109375 115565.2578125 117015.3359375 117909.984375 119653.8359375 121906.5078125 125447.171875 129324.1953125 131970.875 133486.78125 134323 138243.65625 135423.25 125575.421875 120408.609375 112152.9296875 105693.8203125
91976.125 91406.75 90792.4453125 90607.8828125 90955.8671875 91403.7734375 92240.015625 93479.734375 94993.78125 96465.34375 97407.421875 98032.015625 100875.09375 104596.34375 108016.4765625 110412.4375 111717.78125 111937.859375 111727.890625 111434.6171875 109595.265625 107364.0390625 105790.0859375 106482.859375 108682.375 110746.28125 111963.0859375 112629.6953125 112765.2265625 112382.0859375 110506.21875 110539.71875 110938.09375 110721.109375 110831.90625 111847.140625 113392.5546875 114605.6875 117024.546875 119372.3203125 123570.453125 128474.7109375 131951.0625 133970.5625 134342.734375 137903.96875 138469.71875 132076.046875 126621.859375 116974.609375 110116.2421875
