Dropbox/GRP Data/GRP mammal paper/NN_analysis/DATA/2014 input files/yo_c_bio06Apr2014.asc
NCOLS 224 
NROWS 139 
XLLCORNER -69800.8126435 
YLLCORNER -76370.3008923 
CELLSIZE 821.1860311 
NODATA_value -3.4e+38 
[rows 20 to 39 of 139, columns 138 to 183 of 224]
-1129.76477050781 -1002.89819335938 -1082.00854492188 -1131.90539550781 -1116.939453125 -1087.33837890625 -1045.57421875 -998.284423828125 -1064.96740722656 -1097.26391601562 -1005.07281494141 -1005.70129394531 -997.687194824219 -951.770812988281 -959.729553222656 -951.435241699219 -945.879272460938 -909.085876464844 -967.782958984375 -1032.21032714844 -1020.45855712891 -1043.14208984375 -1077.79296875 -1085.82971191406 -1095.54809570312 -1101.57727050781 -1109.58276367188 -1111.07824707031 -1110.43359375 -1064.71691894531 -1028.18359375 -1036.57897949219 -1051.08447265625 -1067.96789550781 -1087.89379882812 -1097.49658203125 -1102.19482421875 -1139.76672363281 -1152.96130371094 -1165.74621582031 -1181.31530761719 -1200.42211914062 -1207.94775390625 -1210.11462402344 -1226.37805175781 -1213.03515625
-1169.37194824219 -1090.6611328125 -1129.65515136719 -1123.89526367188 -1101.99719238281 -1027.58337402344 -1045.10693359375 -1039.33984375 -1075.44421386719 -1036.009765625 -1018.75158691406 -1057.84765625 -1028.29553222656 -955.724243164062 -952.297119140625 -982.6708984375 -935.250183105469 -924.253051757812 -1000.83935546875 -1047.49426269531 -1032.85131835938 -1038.75451660156 -1038.42553710938 -1078.26477050781 -1089.41271972656 -1083.94128417969 -1081.79956054688 -1080.87573242188 -1074.63793945312 -1048.42211914062 -1006.87298583984 -1021.31311035156 -1039.63635253906 -1043.8232421875 -1076.69470214844 -1090.93359375 -1092.99194335938 -1117.39428710938 -1142.40783691406 -1165.640625 -1180.38537597656 -1193.41516113281 -1201.6103515625 -1214.2255859375 -1242.9365234375 -1263.6796875
-1150.33752441406 -1181.67724609375 -1174.76293945312 -1096.88220214844 -1035.4306640625 -1062.23474121094 -1111.17834472656 -1043.89099121094 -1033.1865234375 -1047.80627441406 -1111.11059570312 -1100.71130371094 -1029.64013671875 -954.931091308594 -974.765625 -1016.67065429688 -926.964477539062 -932.60693359375 -1027.82946777344 -1054.05322265625 -1018.49456787109 -1033.99328613281 -1016.27331542969 -1059.49597167969 -1051.1494140625 -1040.23315429688 -1038.92175292969 -1044.72326660156 -1034.20739746094 -1020.78344726562 -1001.55212402344 -1010.22186279297 -1014.47003173828 -1020.84674072266 -1049.16784667969 -1072.28515625 -1083.44775390625 -1098.76098632812 -1135.18530273438 -1159.62536621094 -1177.35510253906 -1189.81091308594 -1192.38659667969 -1202.08947753906 -1228.51086425781 -1259.79833984375
-1056.85681152344 -1157.18151855469 -1172.14538574219 -1103.34399414062 -1054.65344238281 -1103.92419433594 -1079.38623046875 -1008.83990478516 -1066.95385742188 -1164.14794921875 -1200.65649414062 -1123.51525878906 -1025.44995117188 -975.281311035156 -1040.34228515625 -1039.57995605469 -921.250427246094 -933.851867675781 -1042.30029296875 -1039.03881835938 -957.532470703125 -1009.31091308594 -1029.50402832031 -1028.32421875 -1001.38098144531 -1009.19152832031 -1004.68206787109 -1015.50854492188 -1012.52093505859 -1016.38403320312 -1006.97418212891 -1007.41156005859 -995.158996582031 -1003.01220703125 -1017.20751953125 -1036.90087890625 -1069.23876953125 -1094.33947753906 -1128.07739257812 -1147.93090820312 -1167.13916015625 -1180.91845703125 -1183.64331054688 -1193.69665527344 -1219.85925292969 -1245.10009765625
-1024.04992675781 -1029.25830078125 -1040.0888671875 -1068.1806640625 -1129.85729980469 -1037.76049804688 -1009.33959960938 -1052.8271484375 -1217.43420410156 -1240.75964355469 -1208.53784179688 -1118.32336425781 -1055.50744628906 -1039.28857421875 -1062.23803710938 -1028.21789550781 -926.871643066406 -950.111267089844 -1046.5146484375 -1003.58001708984 -906.886047363281 -968.030151367188 -1029.16833496094 -1000.17712402344 -964.597900390625 -1000.12921142578 -995.96533203125 -999.813049316406 -1014.14385986328 -1023.36181640625 -1017.14343261719 -1007.408203125 -993.02685546875 -990.018920898438 -997.738586425781 -1006.07061767578 -1053.294921875 -1083.39025878906 -1118.74206542969 -1128.96472167969 -1145.62963867188 -1171.53137207031 -1174.19213867188 -1187.14465332031 -1215.31677246094 -1239.17602539062
-1036.00158691406 -1012.89331054688 -1093.46948242188 -1106.95007324219 -1003.24975585938 -1090.29467773438 -1111.13842773438 -1158.93469238281 -1245.8251953125 -1192.80944824219 -1144.22265625 -1121.94860839844 -1113.40185546875 -1079.89331054688 -969.5478515625 -949.802551269531 -953.682373046875 -995.8046875 -1035.77099609375 -968.69189453125 -941.365478515625 -955.000915527344 -1000.21697998047 -991.556335449219 -896.069580078125 -930.209655761719 -991.265441894531 -994.349975585938 -1020.38916015625 -1024.7783203125 -1026.984375 -1010.67663574219 -997.960510253906 -995.768981933594 -999.196716308594 -1004.67010498047 -1042.78686523438 -1061.51818847656 -1102.59606933594 -1103.98120117188 -1122.9365234375 -1156.83020019531 -1163.34558105469 -1172.63842773438 -1195.68041992188 -1221.59765625
-1033.55554199219 -1041.70788574219 -1075.33166503906 -1066.74133300781 -1041.75158691406 -1187.10595703125 -1227.556640625 -1176.93786621094 -1133.60339355469 -1063.92126464844 -976.766662597656 -966.119323730469 -961.098388671875 -965.228881835938 -997.088256835938 -1000.07098388672 -1027.91076660156 -1011.76257324219 -975.024841308594 -915.452209472656 -947.22802734375 -977.940063476562 -989.111206054688 -998.757995605469 -881.45166015625 -901.858764648438 -996.889099121094 -1018.09265136719 -1041.19018554688 -1017.5771484375 -1014.12628173828 -1016.93518066406 -1006.41564941406 -998.337036132812 -1002.10919189453 -1025.6484375 -1043.40368652344 -1065 -1082.20861816406 -1092.55627441406 -1126.87231445312 -1122.77307128906 -1142.57482910156 -1144.97839355469 -1153.34777832031 -1166.55810546875
-1030.71142578125 -1026.69116210938 -1026.99389648438 -1058.65075683594 -1038.00158691406 -1182.2939453125 -1042.57019042969 -1073.35546875 -1061.25183105469 -1072.49255371094 -1026.87438964844 -1021.50817871094 -1037.66271972656 -1031.64599609375 -1021.12249755859 -1018.43975830078 -1034.53332519531 -984.253540039062 -920.156555175781 -929.910095214844 -902.67626953125 -858.0146484375 -912.193359375 -956.915222167969 -1007.60485839844 -1004.77221679688 -1012.75726318359 -979.833374023438 -965.572021484375 -940.286071777344 -956.875549316406 -1008.05401611328 -997.561645507812 -1002.33905029297 -1013.50982666016 -1047.76000976562 -1061.32177734375 -1088.72058105469 -1107.24658203125 -1117.35522460938 -1106.15222167969 -1098.38671875 -1095.46936035156 -1098.98120117188 -1107.92797851562 -1115.33605957031
-1061.939453125 -1108.15185546875 -1077.03479003906 -1067.34680175781 -1053.72045898438 -1066.89428710938 -1043.45056152344 -1081.99633789062 -1078.37060546875 -1097.90344238281 -1057.81530761719 -1050.60485839844 -1056.240234375 -1050.24230957031 -1044.97631835938 -992.120361328125 -944.360290527344 -953.738220214844 -937.394409179688 -941.159729003906 -934.109313964844 -928.876281738281 -920.809326171875 -878.181457519531 -906.494567871094 -967.412231445312 -947.629211425781 -897.809875488281 -881.068725585938 -922.344116210938 -955.297973632812 -1013.80487060547 -995.702026367188 -1005.44055175781 -1029.28173828125 -1049.46044921875 -1063.64440917969 -1056.71740722656 -1048.3203125 -1088.70532226562 -1097.30334472656 -1090.88806152344 -1088.49877929688 -1067.96337890625 -1095.72473144531 -1124.28149414062
-1068.61242675781 -1106.28369140625 -1100.814453125 -1088.853515625 -1042.91015625 -1011.47509765625 -1105.05236816406 -1091.61767578125 -1074.1376953125 -1081.51940917969 -1030.63391113281 -1002.32946777344 -1014.1962890625 -987.757507324219 -999.513916015625 -976.992248535156 -953.306518554688 -967.554809570312 -962.845031738281 -965.489624023438 -949.353515625 -972.294799804688 -938.199768066406 -938.073547363281 -913.738159179688 -914.425109863281 -913.770935058594 -901.885314941406 -893.833862304688 -931.34423828125 -990.234252929688 -1026.12829589844 -1001.90020751953 -1019.47845458984 -1027.22509765625 -1032.24438476562 -1052.46520996094 -1034.8515625 -1028.09387207031 -1043.54296875 -1066.33679199219 -1085.15466308594 -1095.07238769531 -1094.83618164062 -1115.72778320312 -1127.01965332031
-1072.22229003906 -1079.89135742188 -1123.10314941406 -1094.51538085938 -1072.64660644531 -1044.11450195312 -1094.24353027344 -1039.02673339844 -1024.34301757812 -1054.25952148438 -1040.16882324219 -972.652770996094 -1012.58508300781 -984.013000488281 -966.191101074219 -1023.27355957031 -978.563049316406 -1001.26062011719 -982.483154296875 -981.960693359375 -974.7021484375 -987.085632324219 -935.420166015625 -973.525390625 -942.81396484375 -919.349792480469 -916.797912597656 -959.443664550781 -935.563537597656 -939.914855957031 -984.636779785156 -1032.36376953125 -1014.2197265625 -1030.39245605469 -1016.24853515625 -1006.49053955078 -1018.08514404297 -1016.23040771484 -1014.94848632812 -1035.08679199219 -1038.8232421875 -1044.42907714844 -1053.09301757812 -1055.69421386719 -1061.16772460938 -1097.64599609375
-1072.3369140625 -1099.00366210938 -1173.82824707031 -1114.984375 -1113.71301269531 -1096.38732910156 -1080.37487792969 -993.626037597656 -999.788330078125 -1073.59716796875 -1094.31262207031 -997.837463378906 -1018.72326660156 -1020.96282958984 -978.703796386719 -1033.52770996094 -991.770629882812 -1005.59875488281 -998.207763671875 -975.396179199219 -997.737182617188 -1004.18658447266 -933.66650390625 -950.00048828125 -952.486938476562 -992.568176269531 -990.734375 -987.129516601562 -938.953125 -938.750915527344 -971.010986328125 -990.445739746094 -1002.61389160156 -1024.76330566406 -1006.66790771484 -987.999267578125 -996.506042480469 -1001.00317382812 -1002.24914550781 -1022.05206298828 -1029.14721679688 -1026.00329589844 -1028.35766601562 -1022.54266357422 -1005.92797851562 -1039.99560546875
-1038.82946777344 -1100.48645019531 -1194.61169433594 -1171.38146972656 -1105.37976074219 -1106.15539550781 -1124.53833007812 -1028.38110351562 -1036.44604492188 -1111.27978515625 -1101.01782226562 -1026.91931152344 -995.914245605469 -1011.10717773438 -1003.68249511719 -982.495788574219 -995.812255859375 -982.879699707031 -1005.23486328125 -965.141418457031 -1000.28790283203 -1005.08673095703 -948.65869140625 -979.651489257812 -999.156311035156 -1015.314453125 -1020.07080078125 -961.037414550781 -917.288757324219 -926.912719726562 -953.531066894531 -937.9521484375 -981.163940429688 -999.746398925781 -991.898132324219 -973.607666015625 -979.415161132812 -992.318481445312 -995.022644042969 -1000.89581298828 -1013.27960205078 -1016.30157470703 -1017.96270751953 -998.981750488281 -979.031188964844 -990.085388183594
-1066.48767089844 -1110.75 -1188.75366210938 -1135.30444335938 -1177.39660644531 -1088.609375 -1066.15637207031 -1068.29321289062 -1053.14587402344 -1050.6484375 -1034.97216796875 -1024.49743652344 -1037.68322753906 -997.205078125 -1014.36309814453 -1013.15191650391 -960.7490234375 -988.976745605469 -1010.24108886719 -987.263549804688 -997.20703125 -966.694885253906 -972.116149902344 -1068.84777832031 -1054.90307617188 -933.935668945312 -930.158752441406 -925.523254394531 -915.137512207031 -913.516235351562 -923.365051269531 -922.192504882812 -962.169250488281 -974.688781738281 -972.03271484375 -957.512634277344 -958.778991699219 -980.836486816406 -977.8857421875 -983.217163085938 -987.483703613281 -996.781677246094 -997.953002929688 -980.860778808594 -979.405639648438 -964.157287597656
-1136.13195800781 -1185.1923828125 -1130.4228515625 -1062.44384765625 -1104.34240722656 -1160.09191894531 -1180.87084960938 -1038.14196777344 -1043.28784179688 -1039.7216796875 -1033.30017089844 -1038.41259765625 -1036.41589355469 -1000.46374511719 -980.78759765625 -1007.88195800781 -1009.91552734375 -1029.74206542969 -1047.41845703125 -1040.14379882812 -989.513671875 -947.624816894531 -998.720703125 -981.12744140625 -929.95361328125 -943.397766113281 -931.434020996094 -931.666625976562 -918.681396484375 -912.744506835938 -915.399780273438 -916.907531738281 -924.082641601562 -963.027770996094 -953.750854492188 -938.380676269531 -952.869323730469 -966.539672851562 -946.232543945312 -968.912536621094 -968.979553222656 -982.594299316406 -976.203002929688 -971.349853515625 -980.924499511719 -953.182495117188
-1168.39074707031 -1187.52062988281 -1147.70385742188 -1080.08447265625 -1111.16015625 -1208.76330566406 -1208.75317382812 -1196.26574707031 -1060.89831542969 -1064.10522460938 -1069.42065429688 -1043.09680175781 -1054.07836914062 -1037.15563964844 -1003.96343994141 -1005.06170654297 -1014.57611083984 -1013.25067138672 -999.833557128906 -987.933776855469 -974.326477050781 -972.060729980469 -971.926147460938 -973.235534667969 -978.729675292969 -945.172973632812 -937.839904785156 -918.931213378906 -911.89990234375 -908.646911621094 -918.479370117188 -915.893737792969 -913.587158203125 -915.044006347656 -910.501953125 -906.482116699219 -956.687561035156 -981.175109863281 -954.19921875 -958.665588378906 -949.982666015625 -983.141357421875 -975.472717285156 -955.782348632812 -947.12841796875 -940.403686523438
-1148.4326171875 -1083.71215820312 -1067.75305175781 -1049.09606933594 -1098.53833007812 -1155.78295898438 -1131.78466796875 -1212.39575195312 -1066.9443359375 -1070.52368164062 -1043.90979003906 -1046.83288574219 -1044.80480957031 -1018.81817626953 -1011.00836181641 -1075.00708007812 -1084.4072265625 -1014.16955566406 -999.928039550781 -984.232482910156 -952.357116699219 -959.568542480469 -945.86279296875 -984.308654785156 -999.229187011719 -968.067260742188 -960.238708496094 -935.316955566406 -914.998840332031 -918.765441894531 -924.270324707031 -914.598022460938 -952.374389648438 -922.638854980469 -905.355895996094 -937.336181640625 -947.905334472656 -948.973022460938 -954.247680664062 -935.682556152344 -933.317016601562 -943.053405761719 -937.570495605469 -928.449035644531 -914.485412597656 -911.151184082031
-1118.97875976562 -1070.8203125 -1033.70751953125 -1031.2744140625 -1062.41857910156 -1079.65417480469 -1143.36706542969 -1159.9365234375 -1081.22875976562 -1055.53796386719 -1045.81115722656 -1043.91149902344 -1042.09655761719 -1038.10424804688 -1051.84118652344 -1119.31286621094 -1067.04235839844 -1014.64398193359 -979.643005371094 -962.445922851562 -956.511413574219 -951.443908691406 -943.096435546875 -976.62890625 -1003.96716308594 -979.269775390625 -957.157897949219 -942.338928222656 -923.133422851562 -910.017761230469 -911.467041015625 -906.560607910156 -917.707275390625 -928.457336425781 -899.440185546875 -912.839111328125 -918.406921386719 -908.723510742188 -905.93017578125 -920.440551757812 -918.781311035156 -918.689331054688 -907.858947753906 -904.118713378906 -901.619323730469 -911.281677246094
-1116.951171875 -1053.70361328125 -1029.1455078125 -1035.21179199219 -1048.42810058594 -1055.92541503906 -1164.43139648438 -1086.59362792969 -1069.72888183594 -1069.16027832031 -1101.51062011719 -1053.8154296875 -1052.55432128906 -1063.78674316406 -1048.42858886719 -1089.48181152344 -1056.0087890625 -1011.24340820312 -1002.27374267578 -995.423217773438 -994.179016113281 -955.930725097656 -944.55126953125 -978.005493164062 -1040.9931640625 -1025.11413574219 -982.903198242188 -952.344482421875 -924.8505859375 -905.488159179688 -906.468444824219 -907.124816894531 -910.033630371094 -911.800170898438 -904.349426269531 -906.157165527344 -887.145568847656 -877.632446289062 -877.526184082031 -875.90625 -879.283752441406 -872.649841308594 -887.362487792969 -901.766906738281 -902.150817871094 -902.578491210938
-1094.17517089844 -1023.24743652344 -1027.44287109375 -1039.50866699219 -1053.82189941406 -1100.9130859375 -1123.703125 -1056.26257324219 -1066.7490234375 -1102.392578125 -1118.23132324219 -1067.90295410156 -1096.29345703125 -1082.53686523438 -1047.33520507812 -1044.2568359375 -1060.66857910156 -1024.00512695312 -1017.10424804688 -1025.96032714844 -1013.78112792969 -954.668151855469 -945.839660644531 -991.260559082031 -1046.79809570312 -1031.3662109375 -967.050903320312 -933.367004394531 -915.916870117188 -911.947937011719 -909.364379882812 -907.734069824219 -933.301574707031 -915.136169433594 -923.763854980469 -891.015441894531 -873.25439453125 -863.267272949219 -863.276428222656 -859.023803710938 -860.876892089844 -863.339294433594 -885.772399902344 -894.684692382812 -893.658752441406 -893.249450683594
