Dropbox/GRP Data/GRP mammal paper/NN_analysis/DATA/2014 input files/yo_c_bio06Apr2014.asc
NCOLS 224 
NROWS 139 
XLLCORNER -69800.8126435 
YLLCORNER -76370.3008923 
CELLSIZE 821.1860311 
NODATA_value -3.4e+38 
[rows 100 to 119 of 139, columns 92 to 137 of 224]
78.4530792236328 73.4329605102539 58.8992958068848 50.7931365966797 13.2726278305054 -26.8025074005127 -13.0169906616211 3.35727071762085 66.1684799194336 128.430068969727 145.438201904297 160.457641601562 175.238677978516 187.044540405273 148.746856689453 158.929244995117 125.156265258789 82.826171875 33.587890625 59.3385963439941 44.3834457397461 54.4160652160645 4.24196624755859 -32.8770751953125 -62.8219985961914 -67.3396148681641 -106.416244506836 -188.324722290039 -247.887802124023 -210.022109985352 -204.293167114258 -244.384872436523 -288.157623291016 -359.372406005859 -497.258697509766 -580.0654296875 -625.004455566406 -646.677551269531 -660.145263671875 -668.743347167969 -724.895080566406 -806.45263671875 -845.795104980469 -813.615905761719 -743.290405273438 -727.398681640625
58.2832984924316 52.1372489929199 48.2981414794922 26.7665309906006 15.6756725311279 -26.7771606445312 -12.9077987670898 -14.8197927474976 -8.31401252746582 8.30956363677979 62.3703460693359 140.845016479492 161.038314819336 154.915634155273 123.692901611328 124.580627441406 125.605094909668 124.552337646484 127.084815979004 114.944869995117 53.8790397644043 25.3476638793945 37.5735664367676 12.0628147125244 -67.9599075317383 -125.974937438965 -115.923110961914 -185.064224243164 -252.541152954102 -203.583297729492 -210.334854125977 -242.645919799805 -296.945281982422 -404.312805175781 -519.719482421875 -600.874633789062 -652.244812011719 -661.291931152344 -650.339416503906 -621.190185546875 -639.864562988281 -721.612365722656 -784.364562988281 -807.791687011719 -808.112243652344 -806.78076171875
53.6120491027832 27.6257667541504 34.1626815795898 22.2128295898438 14.7927217483521 -21.4438037872314 -28.596809387207 -44.5530014038086 -48.5529975891113 -33.6062545776367 15.5254688262939 114.982238769531 159.185653686523 78.1952819824219 46.3525619506836 69.089714050293 56.6358642578125 84.6410064697266 131.633377075195 46.2343215942383 -24.6190891265869 -73.6851654052734 -88.2478103637695 23.4080123901367 -20.0320987701416 -134.985565185547 -116.300758361816 -163.262512207031 -209.662902832031 -178.477890014648 -226.449096679688 -289.301605224609 -393.355346679688 -512.096618652344 -565.18701171875 -591.657592773438 -618.303344726562 -631.249450683594 -619.782958984375 -585.893310546875 -602.3173828125 -664.136657714844 -732.539123535156 -798.478820800781 -853.788940429688 -869.837890625
30.2717094421387 -5.92284154891968 -0.877410292625427 5.25292158126831 2.58708715438843 -3.67405247688293 -17.4003772735596 -12.6112871170044 -20.4237442016602 -20.5797576904297 7.16208505630493 28.6349678039551 139.95539855957 183.539474487305 -39.7099189758301 60.3597450256348 39.1700744628906 60.5071334838867 -19.786865234375 -22.1207389831543 54.0078163146973 -23.5425758361816 -88.7275161743164 -40.2188415527344 -18.8220825195312 -135.575057983398 -112.566741943359 -123.117736816406 -139.270706176758 -160.458114624023 -241.005355834961 -387.799896240234 -527.429016113281 -579.916198730469 -587.511413574219 -601.497680664062 -564.860412597656 -564.593078613281 -566.353515625 -547.12060546875 -582.321533203125 -669.408020019531 -736.555725097656 -807.690612792969 -868.616943359375 -873.977905273438
22.8514232635498 -16.2194900512695 -4.8454213142395 -5.44734477996826 -12.4126033782959 -0.148237079381943 -18.6398391723633 -24.2602138519287 -15.9669828414917 67.6617431640625 91.3257522583008 33.457218170166 146.612991333008 181.243133544922 29.3695030212402 -46.174976348877 -20.364236831665 50.1903762817383 84.2247543334961 30.5734462738037 64.8276443481445 -48.3049850463867 54.104061126709 -41.4919395446777 1.66158664226532 -84.1672744750977 -164.074264526367 -176.753952026367 -133.157211303711 -183.246643066406 -309.549926757812 -408.091491699219 -513.317138671875 -527.947570800781 -524.871154785156 -562.929992675781 -542.809814453125 -530.6455078125 -565.61328125 -609.472961425781 -612.565002441406 -658.970336914062 -740.27490234375 -771.579956054688 -784.711730957031 -802.219421386719
31.436014175415 9.69313335418701 29.2915382385254 2.44017624855042 -8.79352569580078 -21.988712310791 37.5899925231934 39.9837226867676 24.0734176635742 36.5230751037598 59.0637626647949 27.5882339477539 132.884155273438 161.182998657227 120.770797729492 34.989128112793 28.3870296478271 -39.8312759399414 6.6089916229248 -57.0769309997559 -39.1789169311523 -133.669738769531 13.3220624923706 -31.9861068725586 -52.9554138183594 -50.3779754638672 -159.115631103516 -181.253784179688 -151.294021606445 -209.171356201172 -324.434936523438 -411.366821289062 -498.695220947266 -469.050140380859 -465.070404052734 -486.491790771484 -486.728393554688 -537.011291503906 -586.077758789062 -642.049987792969 -657.374328613281 -703.375305175781 -747.262512207031 -768.034240722656 -770.954467773438 -783.737915039062
41.3815422058105 38.3217620849609 25.5224266052246 2.06368780136108 -34.7754821777344 40.2960548400879 75.6332092285156 73.6990432739258 42.5158767700195 42.6736335754395 28.4290790557861 16.4480781555176 33.7539978027344 142.984176635742 58.2549743652344 120.791450500488 49.2675361633301 -84.1730194091797 -100.492164611816 -144.334396362305 -122.118057250977 -118.356468200684 1.69216001033783 -15.8232793807983 -108.000366210938 -70.4329833984375 -158.387481689453 -139.985366821289 -146.459411621094 -212.656951904297 -240.683090209961 -333.049896240234 -343.712677001953 -326.054779052734 -363.615753173828 -414.237487792969 -487.431549072266 -549.384643554688 -614.061706542969 -666.718566894531 -682.743225097656 -723.037353515625 -738.266235351562 -744.0517578125 -727.987365722656 -739.1845703125
68.1377182006836 58.7928924560547 34.4195175170898 20.811107635498 -13.8827495574951 78.6516494750977 103.111343383789 52.1938323974609 43.5286865234375 34.2503509521484 2.96025681495667 1.29605066776276 -2.91745471954346 135.085052490234 62.6807975769043 78.9611663818359 52.9117622375488 -94.7982025146484 -183.480911254883 -231.408065795898 -165.237976074219 -113.780334472656 -15.9860649108887 3.86271166801453 -88.1021041870117 -78.720344543457 -142.189483642578 -146.899765014648 -134.757339477539 -205.791763305664 -184.06037902832 -293.685821533203 -279.904052734375 -273.945831298828 -324.735565185547 -421.923248291016 -489.432006835938 -539.095336914062 -588.155029296875 -622.391784667969 -667.036499023438 -675.470642089844 -669.083679199219 -695.449768066406 -701.202453613281 -739.664489746094
84.8129196166992 66.3469467163086 40.1470527648926 30.2363758087158 16.5230026245117 69.7394714355469 72.9470825195312 26.1756992340088 33.5864334106445 25.8253383636475 -2.54098343849182 49.1714096069336 43.2368965148926 61.5098266601562 109.752235412598 16.2730236053467 31.2135429382324 -55.211483001709 -156.446655273438 -251.105239868164 -227.436752319336 -143.772430419922 -39.2777214050293 7.2268328666687 -64.0509262084961 -91.4198608398438 -97.4809417724609 -129.367874145508 -156.09440612793 -170.596878051758 -118.708068847656 -174.156707763672 -203.078323364258 -267.324279785156 -315.40380859375 -357.328460693359 -400.360534667969 -446.043304443359 -458.024597167969 -474.058471679688 -517.759155273438 -510.630249023438 -510.796539306641 -557.520324707031 -591.226623535156 -661.5283203125
73.4943008422852 65.1118545532227 42.4785804748535 30.2806987762451 30.4379062652588 52.7201461791992 17.4392013549805 27.0460338592529 19.1259288787842 22.1804962158203 14.6994314193726 108.058685302734 96.5820388793945 -22.5614242553711 72.3611373901367 15.7453708648682 10.1563138961792 24.5452709197998 -26.0539302825928 -169.818389892578 -278.743804931641 -191.296875 -100.709487915039 -36.1307373046875 -81.0657577514648 -111.974555969238 -78.3365325927734 -82.3317337036133 -137.036422729492 -109.811515808105 -67.2447357177734 -73.6822280883789 -123.506492614746 -212.390808105469 -263.932098388672 -287.402160644531 -327.588165283203 -368.345581054688 -375.875671386719 -383.089263916016 -400.873413085938 -401.207916259766 -420.713104248047 -464.136077880859 -501.456604003906 -574.128356933594
57.9601211547852 65.2738723754883 63.8587760925293 47.3021965026855 52.3462066650391 51.2373199462891 13.9646224975586 32.1801681518555 17.2858810424805 7.87265920639038 23.3648109436035 67.7655029296875 107.836563110352 15.1060781478882 2.38480710983276 49.4857978820801 5.00159454345703 59.0903167724609 79.905876159668 -52.9453506469727 -267.159637451172 -239.949829101562 -185.482757568359 -102.523590087891 -82.378059387207 -129.060791015625 -112.287368774414 -76.9481811523438 -71.0432968139648 -64.6648101806641 -64.7983169555664 -85.5472869873047 -113.456260681152 -138.225555419922 -183.931137084961 -266.162811279297 -304.244293212891 -331.145080566406 -366.982147216797 -383.178436279297 -392.227264404297 -413.118804931641 -441.628021240234 -465.901824951172 -492.383758544922 -548.531555175781
67.935905456543 70.3447494506836 63.089599609375 50.1014251708984 56.3100814819336 49.1851005554199 23.9602088928223 30.313985824585 50.3694915771484 18.6168785095215 -6.24525833129883 -15.2168846130371 100.037559509277 123.559692382812 105.77783203125 75.8444366455078 -35.3610725402832 -21.0711135864258 52.8901634216309 -4.00739908218384 -244.201217651367 -269.719696044922 -181.764266967773 -109.183135986328 -13.1673879623413 -146.137023925781 -137.737731933594 -124.023727416992 -105.858329772949 -85.2930908203125 -77.7412872314453 -76.3257446289062 -124.177772521973 -152.291885375977 -179.472198486328 -219.937194824219 -238.101348876953 -258.143249511719 -300.743286132812 -343.706756591797 -358.529754638672 -406.619689941406 -435.217224121094 -452.616821289062 -496.521240234375 -557.034729003906
67.6360092163086 67.8186187744141 64.2832489013672 75.7366180419922 29.4605655670166 26.9178047180176 93.3700332641602 137.274429321289 99.0899124145508 21.023832321167 -13.2228012084961 -16.3086471557617 -13.9752502441406 68.3755493164062 26.459659576416 -31.7863845825195 -9.42323589324951 42.2411575317383 57.2409973144531 2.67321395874023 -178.964706420898 -260.909240722656 -190.002380371094 -105.23518371582 -43.9569549560547 -109.789291381836 -154.149505615234 -157.448318481445 -155.559448242188 -159.016952514648 -152.195083618164 -115.067237854004 -127.855728149414 -189.288223266602 -263.867492675781 -336.168701171875 -328.445678710938 -315.380096435547 -342.738403320312 -380.989593505859 -341.397338867188 -383.634185791016 -399.592254638672 -415.574188232422 -508.815704345703 -593.950439453125
64.9895324707031 65.8854141235352 82.5189819335938 79.5004196166992 55.2565155029297 66.5362091064453 30.4670162200928 31.1126728057861 57.5387077331543 3.3449981212616 -7.97427797317505 -17.992130279541 -12.9222984313965 70.1624755859375 54.063892364502 -22.4468421936035 -17.7609786987305 19.459981918335 86.9865341186523 42.5654182434082 -101.039848327637 -217.626876831055 -203.505065917969 -157.94221496582 -100.46363067627 -55.1730995178223 -125.526321411133 -217.963928222656 -201.356155395508 -254.32502746582 -281.772277832031 -213.745132446289 -227.013854980469 -302.937225341797 -317.402221679688 -246.422943115234 -293.52587890625 -326.466339111328 -369.815795898438 -454.689453125 -525.869201660156 -596.100524902344 -567.996704101562 -459.974670410156 -491.701171875 -675.755615234375
74.4763107299805 73.3477249145508 72.4316711425781 73.0458068847656 78.5625610351562 84.0419616699219 53.6060371398926 54.7431259155273 66.7882385253906 30.9269027709961 -4.06680011749268 -18.2695903778076 -17.9336166381836 4.64327907562256 42.8646392822266 67.2551422119141 48.4415321350098 -2.13014650344849 -21.0335865020752 -65.49658203125 -140.483352661133 -185.41667175293 -64.2662124633789 -32.7004776000977 -77.2583923339844 -90.0993576049805 -96.23779296875 -175.515670776367 -247.302108764648 -273.656829833984 -340.031341552734 -289.328430175781 -321.871490478516 -337.166259765625 -212.83610534668 -197.563705444336 -241.956619262695 -267.562652587891 -384.012908935547 -504.941619873047 -561.409973144531 -561.392578125 -578.781311035156 -581.194274902344 -503.567840576172 -593.572387695312
76.9714584350586 79.2289657592773 79.6112442016602 95.8076629638672 99.9022674560547 104.27360534668 91.4933853149414 98.5046691894531 80.7495956420898 39.2723197937012 5.19966554641724 -7.57938480377197 -11.3867416381836 -15.3935165405273 0.248463854193687 107.56575012207 132.478591918945 78.4832916259766 14.2308101654053 -10.97678565979 -62.6320953369141 -79.2446670532227 32.1894874572754 -17.1093597412109 -21.0626163482666 -115.133361816406 -111.313079833984 -126.734107971191 -157.128616333008 -255.07536315918 -314.908264160156 -296.152130126953 -316.173553466797 -361.815887451172 -285.040557861328 -224.567184448242 -224.023941040039 -247.809982299805 -316.016387939453 -419.395172119141 -531.159423828125 -595.941711425781 -574.366577148438 -614.285583496094 -548.156616210938 -575.674743652344
84.2458953857422 83.2864761352539 95.3270645141602 114.542625427246 115.475555419922 117.364952087402 109.619422912598 110.915000915527 85.4457015991211 46.8794174194336 13.284948348999 5.14717197418213 6.213791847229 -2.47089648246765 -0.87001621723175 50.6779136657715 133.209259033203 149.754425048828 99.6944808959961 69.5007247924805 21.2688159942627 45.8742752075195 28.819766998291 -18.1619300842285 13.8063917160034 -98.4169082641602 -132.814758300781 -134.203338623047 -152.518753051758 -199.092208862305 -205.642639160156 -266.425933837891 -301.386108398438 -346.51171875 -302.005554199219 -222.370895385742 -213.426498413086 -234.465408325195 -270.068359375 -338.797332763672 -490.937255859375 -585.234191894531 -604.023742675781 -602.667785644531 -591.038146972656 -627.96728515625
89.4992904663086 86.2972030639648 100.691062927246 115.643348693848 118.625381469727 121.459297180176 125.388168334961 109.360038757324 96.457160949707 65.6195297241211 23.5696773529053 19.4644756317139 27.2771492004395 23.3967952728271 25.5334014892578 4.47030115127563 57.8965225219727 129.882629394531 163.985061645508 110.605834960938 57.4228706359863 77.7961654663086 13.6175117492676 -0.807867467403412 5.79765224456787 -85.1037979125977 -141.090362548828 -147.108581542969 -180.312240600586 -181.667510986328 -127.383895874023 -247.372619628906 -276.302276611328 -315.734680175781 -295.873077392578 -243.687377929688 -209.121368408203 -212.941818237305 -243.639724731445 -294.152587890625 -401.414306640625 -527.054504394531 -620.628784179688 -618.421997070312 -634.004699707031 -665.862731933594
83.6895446777344 88.5769271850586 96.69189453125 110.891075134277 114.111236572266 124.680374145508 139.939376831055 112.642791748047 110.233924865723 88.1689376831055 50.4487953186035 36.4695930480957 42.9075622558594 48.0143089294434 48.9646492004395 13.038122177124 3.47018432617188 72.0414581298828 162.340682983398 116.077438354492 65.6601028442383 44.0728378295898 25.5821323394775 14.2202777862549 -11.3773956298828 -88.6781997680664 -139.143341064453 -134.469940185547 -157.125778198242 -166.279678344727 -107.497543334961 -245.571319580078 -248.695495605469 -287.793182373047 -295.213592529297 -266.255249023438 -208.20735168457 -187.531112670898 -218.713470458984 -266.136871337891 -322.810668945312 -441.715118408203 -567.742431640625 -596.324035644531 -644.09619140625 -668.397399902344
82.6684036254883 91.3453521728516 97.9121322631836 111.217300415039 116.693458557129 132.378509521484 134.227066040039 112.33561706543 107.10188293457 103.597877502441 85.3414688110352 50.2750396728516 50.1532249450684 59.0450401306152 71.447151184082 25.7325286865234 30.5297317504883 72.4199523925781 104.543899536133 102.82585144043 76.5739517211914 55.000804901123 32.9102935791016 23.332763671875 20.639440536499 -62.6928100585938 -118.040512084961 -106.569801330566 -108.035575866699 -107.71834564209 -89.9969329833984 -218.727874755859 -224.870742797852 -254.636093139648 -259.581237792969 -222.484237670898 -201.198181152344 -178.106109619141 -203.998825073242 -251.762283325195 -308.5908203125 -368.114532470703 -469.097106933594 -532.923767089844 -621.411437988281 -646.330688476562
