Dropbox/GRP Data/GRP mammal paper/NN_analysis/DATA/2014 input files/yo_c_bio05Apr2014.asc
NCOLS 224 
NROWS 139 
XLLCORNER -69800.8126435 
YLLCORNER -76370.3008923 
CELLSIZE 821.1860311 
NODATA_value -3.4e+38 
[rows 21 to 41 of 139, columns 94 to 140 of 224]
2294.02221679688 2208.08520507812 2155.2958984375 2123.32495117188 2076.86791992188 2037.24572753906 2037.90563964844 2043.98120117188 2017.75903320312 2028.03332519531 2031.97058105469 2026.70642089844 2014.85168457031 2036.81274414062 2016.52233886719 1974.74743652344 1936.24328613281 1915.17590332031 1864.46215820312 1846.03271484375 1837.16174316406 1807.88818359375 1820.90856933594 1799.26599121094 1828.74731445312 1810.80603027344 1763.46423339844 1806.05883789062 1845.07788085938 1826.88195800781 1815.06286621094 1817.72937011719 1816.9052734375 1831.55493164062 1836.47814941406 1909.01696777344 1960.7255859375 2000.9169921875 2072.47900390625 2105.853515625 2064.18872070312 1925.46032714844 1885.67321777344 1753.26574707031 1684.80688476562 1774.18029785156 1743.59777832031
2255.93896484375 2225.73706054688 2213.93505859375 2171.79052734375 2126.27880859375 2057.26171875 2068.583984375 2072.50146484375 2052.15844726562 2055.51147460938 2061.080078125 2050.12622070312 2012.22143554688 2045.28564453125 2016.12231445312 1993.716796875 1977.18395996094 1946.49426269531 1912.18859863281 1883.69067382812 1903.92565917969 1888.11694335938 1869.58544921875 1810.09436035156 1836.17431640625 1838.56213378906 1780.86584472656 1789.36218261719 1831.91760253906 1821.39001464844 1818.56481933594 1796.80334472656 1787.47509765625 1776.02197265625 1774.45080566406 1852.14721679688 1933.09741210938 1941.30310058594 1949.16577148438 2031.73669433594 2105.75390625 1981.68969726562 1813.66345214844 1777.0068359375 1703.04467773438 1690.98974609375 1704.41967773438
2375.32543945312 2352.52758789062 2288.98852539062 2174.1640625 2112.51147460938 2119.083984375 2151.65063476562 2133.380859375 2091.1923828125 2079.11108398438 2089.28002929688 2024.95690917969 2016.74658203125 2061.77270507812 2014.32214355469 1997.36865234375 1970.65563964844 1953.68115234375 1917.87829589844 1901.39685058594 1956.25854492188 1926.04431152344 1838.88586425781 1814.03137207031 1856.8828125 1868.50842285156 1826.64953613281 1839.30786132812 1829.07495117188 1833.66479492188 1840.07177734375 1817.44604492188 1793.50463867188 1761.19104003906 1792.30578613281 1861.69555664062 1906.61584472656 1899.78540039062 1874.77124023438 1930.41735839844 2075.96240234375 2030.59912109375 1819.42736816406 1798.09643554688 1823.77905273438 1762.17858886719 1751.24328613281
2465.439453125 2394.76684570312 2306.26025390625 2221.73974609375 2214.49145507812 2248.259765625 2182.26928710938 2110.83447265625 2121.74145507812 2133.02416992188 2063.68896484375 1996.59887695312 2061.73828125 2069.880859375 2000.96899414062 1990.74353027344 1990.77331542969 1973.43054199219 1903.65002441406 1948.9697265625 1990.94750976562 1919.97021484375 1900.38439941406 1905.85034179688 1887.1103515625 1871.02270507812 1821.73657226562 1865.39196777344 1892.10571289062 1860.94360351562 1825.70739746094 1808.15307617188 1800.29028320312 1808.80041503906 1900.53698730469 1882.54162597656 1866.43212890625 1862.349609375 1847.45654296875 1887.97351074219 2008.7490234375 2016.26354980469 1897.61572265625 1778.47253417969 1902.41540527344 2000.46789550781 2043.02172851562
2483.66625976562 2350.09301757812 2261.86865234375 2253.11450195312 2294.1728515625 2208.34716796875 2116.11279296875 2123.54833984375 2184.1806640625 2150.74389648438 2055.046875 2076.46850585938 2140.06494140625 2060.4658203125 2026.09985351562 2030.53894042969 2014.88232421875 1962.40185546875 1991.3955078125 2001.17504882812 1950.259765625 1918.49609375 1893.23059082031 1863.35388183594 1860.7646484375 1868.69592285156 1866.15795898438 1905.99035644531 1821.30493164062 1776.1513671875 1759.67138671875 1732.17102050781 1793.77062988281 1845.17114257812 1796.17553710938 1822.47973632812 1816.14831542969 1805.49792480469 1807.22338867188 1915.77600097656 1972.39111328125 1943.02465820312 1957.986328125 1873.76745605469 1889.04553222656 1894.17321777344 2026.32116699219
2521.51831054688 2439.86694335938 2396.19970703125 2385.826171875 2344.3134765625 2235.09619140625 2190.42358398438 2212.21069335938 2253.24853515625 2193.95825195312 2167.06909179688 2178.5400390625 2140.93505859375 2097.29248046875 2059.28637695312 2039.33874511719 2029.42822265625 1997.92712402344 2033.37060546875 1986.93127441406 1959.25512695312 1942.6337890625 1904.71655273438 1875.40087890625 1857.10070800781 1888.98486328125 1895.55871582031 1889.96228027344 1823.49645996094 1784.50830078125 1730.40319824219 1728.14489746094 1830.5693359375 1847.79211425781 1732.29138183594 1669.13269042969 1675.30847167969 1713.36669921875 1809.76647949219 1873.64489746094 1901.65966796875 1923.75915527344 1851.25170898438 1772.62133789062 1773.54907226562 1864.60327148438 2012.80749511719
2465.05419921875 2479.72436523438 2449.34106445312 2416.72900390625 2389.31274414062 2335.56103515625 2293.94458007812 2277.96337890625 2255.46655273438 2211.54711914062 2252.39306640625 2182.142578125 2131.81201171875 2102.5361328125 2071.57592773438 2058.71752929688 2053.61474609375 2039.9482421875 2062.95434570312 2072.9052734375 2034.2568359375 1994.89953613281 1950.39404296875 1903.52270507812 1893.02038574219 1894.66772460938 1942.40698242188 1886.55493164062 1828.16638183594 1781.44921875 1728.78955078125 1759.89978027344 1863.19946289062 1856.71789550781 1788.90588378906 1723.93090820312 1683.17407226562 1688.38891601562 1737.44421386719 1721.12268066406 1798.09582519531 1870.46630859375 1841.68334960938 1728.35974121094 1749.59509277344 1848.74963378906 1917.94018554688
2441.36206054688 2478.43994140625 2438.40087890625 2374.15991210938 2361.1787109375 2338.884765625 2311.02807617188 2290.25805664062 2265.19189453125 2251.48388671875 2230.04833984375 2168.64916992188 2111.4765625 2085.69799804688 2071.21484375 2069.3017578125 2065.92065429688 2060.50170898438 2104.1142578125 2120.32861328125 2044.30895996094 2003.5146484375 1994.04187011719 1989.15026855469 1967.34423828125 1917.55700683594 1927.33935546875 1876.04443359375 1826.45825195312 1779.11706542969 1747.14477539062 1816.76232910156 1884.71411132812 1839.27819824219 1773.0966796875 1755.22790527344 1707.86840820312 1754.61267089844 1692.39184570312 1639.24377441406 1741.04187011719 1772.51159667969 1740.93518066406 1763.30554199219 1764.2763671875 1750.64331054688 1800.25793457031
2470.01806640625 2438.94067382812 2380.56665039062 2310.66430664062 2304.46728515625 2288.78369140625 2304.58984375 2302.52465820312 2270.08715820312 2244.95849609375 2186.49560546875 2173.64794921875 2115.83349609375 2089.0068359375 2081.73315429688 2101.82568359375 2102.56201171875 2106.85888671875 2101.94506835938 2082.82690429688 2025.58801269531 2023.71032714844 2047.59875488281 2018.80004882812 1968.49096679688 1928.34411621094 1894.07641601562 1865.58312988281 1838.49768066406 1778.4384765625 1777.37573242188 1866.54638671875 1873.98315429688 1800.10925292969 1735.74438476562 1789.12182617188 1768.4453125 1803.5283203125 1711.833984375 1715.93884277344 1738.48120117188 1714.28588867188 1652.16577148438 1738.72229003906 1789.044921875 1755.87133789062 1816.0419921875
2445.49633789062 2367.80859375 2309.17602539062 2275.7578125 2281.5556640625 2299.6396484375 2337.654296875 2317.78393554688 2264.83276367188 2211.78784179688 2202.90747070312 2191.88012695312 2160.65795898438 2134.3173828125 2123.99243164062 2156.25659179688 2159.75122070312 2138.86791992188 2058.009765625 2044.38342285156 2050.91772460938 2074.06860351562 2065.87280273438 1974.79357910156 1913.63293457031 1893.56127929688 1851.69421386719 1814.95666503906 1832.70361328125 1774.06567382812 1813.8955078125 1897.09838867188 1849.64990234375 1788.08459472656 1777.12670898438 1850.08825683594 1835.6318359375 1791.38623046875 1757.08386230469 1821.09118652344 1753.45617675781 1711.58032226562 1697.14587402344 1745.13757324219 1817.66662597656 1822.27075195312 1877.275390625
2335.3447265625 2319.79711914062 2295.6201171875 2298.41772460938 2305.2724609375 2374.42626953125 2366.43823242188 2296.5244140625 2294.03198242188 2264.78051757812 2262.45239257812 2215.40673828125 2205.75927734375 2190.04711914062 2186.68701171875 2193.15673828125 2179.08227539062 2096.01513671875 2047.1357421875 2073.91577148438 2102.08471679688 2084.58325195312 2017.69567871094 1960.2275390625 1913.38415527344 1855.33703613281 1810.00866699219 1726.63488769531 1779.90625 1771.66369628906 1851.92358398438 1921.88061523438 1856.94567871094 1824.14868164062 1876.66931152344 1880.58166503906 1835.23657226562 1772.98620605469 1813.47180175781 1838.55981445312 1748.46496582031 1727.23681640625 1823.3056640625 1827.13366699219 1820.05700683594 1849.79479980469 1892.8896484375
2332.51928710938 2345.36279296875 2335.68334960938 2330.92651367188 2418.908203125 2452.93627929688 2378.3115234375 2332.22045898438 2337.37133789062 2320.66137695312 2330.75537109375 2221.55932617188 2211.1982421875 2196.08081054688 2217.82397460938 2220.61181640625 2155.61279296875 2108.85766601562 2092.19897460938 2100.42944335938 2098.572265625 2030.74060058594 2019.42785644531 1989.05285644531 1932.04541015625 1889.48571777344 1854.75012207031 1723.8251953125 1742.48205566406 1790.54650878906 1890.46252441406 1949.87243652344 1899.93981933594 1864.09729003906 1912.80419921875 1837.96362304688 1776.7646484375 1813.66174316406 1897.861328125 1822.697265625 1730.41479492188 1759.61486816406 1877.18432617188 1832.96069335938 1785.53942871094 1852.01989746094 1900.42309570312
2349.67309570312 2364.48974609375 2421.3759765625 2532.884765625 2510.4287109375 2419.04809570312 2420.83374023438 2483.2109375 2449.51220703125 2425.85766601562 2287.17626953125 2269.9248046875 2199.1298828125 2227.85961914062 2269.896484375 2198.56176757812 2140.24145507812 2160.57055664062 2137.83813476562 2118.57470703125 2024.83923339844 2057.08081054688 2029.9443359375 1949.56640625 1839.44763183594 1820.19946289062 1793.67028808594 1735.81762695312 1775.02404785156 1849.58386230469 1944.95825195312 1959.03149414062 1892.19470214844 1897.71813964844 1882.07312011719 1784.05456542969 1786.38330078125 1897.72802734375 1906.41711425781 1808.81884765625 1757.87280273438 1869.48669433594 1866.64184570312 1741.18176269531 1829.28295898438 1854.13903808594 1896.48193359375
2410.65600585938 2447.01953125 2529.28051757812 2506.51904296875 2356.52319335938 2408.81762695312 2458.28588867188 2438.10131835938 2320.11352539062 2312.57495117188 2352.74755859375 2369.4873046875 2330.03564453125 2318.52954101562 2316.61669921875 2254.02490234375 2218.55078125 2162.68212890625 2105.03588867188 2020.15100097656 2045.79272460938 2065.79296875 1964.78601074219 1930.78088378906 1891.33666992188 1824.21264648438 1835.39538574219 1864.90185546875 1844.36682128906 1908.98254394531 1970.97766113281 1935.03588867188 1912.5078125 1898.98706054688 1857.50219726562 1856.28515625 1874.42712402344 1959.52722167969 1883.65393066406 1834.97827148438 1852.21801757812 1898.82153320312 1756.58386230469 1752.67700195312 1888.78967285156 1913.97534179688 1880.07995605469
2493.47973632812 2552.13110351562 2540.90551757812 2394.31616210938 2498.53369140625 2559.76416015625 2520.17333984375 2381.16943359375 2254.61645507812 2244.77783203125 2270.35522460938 2285.3154296875 2306.69653320312 2267.81860351562 2207.21704101562 2161.857421875 2148.30932617188 2129.17333984375 2041.02062988281 2050.13623046875 2124.16845703125 2060.20581054688 1936.70251464844 1890.482421875 1848.45666503906 1796.92504882812 1868.26818847656 1912.06945800781 1899.2861328125 1963.84765625 2005.13659667969 1950.68322753906 1922.01574707031 1899.068359375 1879.06628417969 1864.33764648438 1903.52856445312 1983.55529785156 1907.03479003906 1895.09521484375 1923.935546875 1925.46228027344 1834.58349609375 1835.79223632812 1928.0595703125 1916.34460449219 1881.70373535156
2537.88134765625 2609.84399414062 2477.27807617188 2460.5400390625 2609.13134765625 2606.74609375 2482.02270507812 2295.6162109375 2234.89672851562 2240.00390625 2257.34912109375 2279.3125 2265.15869140625 2244.236328125 2196.76245117188 2142.43627929688 2124.07641601562 2129.59594726562 2139.2744140625 2179.49658203125 2149.85034179688 1998.44714355469 1897.7763671875 1846.59521484375 1846.85949707031 1860.57299804688 1905.88415527344 1922.70776367188 1940.75891113281 2008.96533203125 2024.73559570312 1956.38623046875 1936.08850097656 1891.14953613281 1883.72766113281 1930.92993164062 1989.76806640625 1976.48168945312 1961.55969238281 1952.39685058594 1968.2041015625 1941.88977050781 1864.89416503906 1900.08410644531 1922.10583496094 1844.10815429688 1802.72888183594
2568.01098632812 2632.73046875 2498.29907226562 2640.595703125 2681.66186523438 2593.3994140625 2398.87109375 2272.38623046875 2277.1142578125 2273.76904296875 2289.2529296875 2276.60034179688 2248.58764648438 2258.64404296875 2233.98486328125 2184.0205078125 2133.34033203125 2134.890625 2271.62866210938 2304.27416992188 2175.71533203125 1985.46594238281 1904.89025878906 1843.83483886719 1888.58642578125 1951.31677246094 1968.31127929688 1936.31506347656 1995.26818847656 2044.33520507812 2010.68884277344 1955.84924316406 1937.59460449219 1861.63354492188 1914.79431152344 2015.36999511719 2023.77404785156 1973.16650390625 1984.90454101562 1950.06518554688 1914.4228515625 1886.34765625 1901.93518066406 1940.43078613281 1905.16198730469 1855.1083984375 1807.72155761719
2617.79223632812 2630.2841796875 2633.84497070312 2780.94946289062 2673.00366210938 2511.07080078125 2366.00341796875 2339.267578125 2345.15478515625 2341.34985351562 2331.18969726562 2268.4306640625 2274.11889648438 2278.08911132812 2263.4228515625 2224.74877929688 2140.7470703125 2163.48876953125 2360.50219726562 2348.33349609375 2165.1943359375 1992.86657714844 1970.40563964844 1948.23913574219 2000.21740722656 2027.79016113281 2016.04125976562 1978.77209472656 2048.03564453125 2061.34350585938 2008.82836914062 1973.45971679688 1926.83801269531 1877.66979980469 1957.83898925781 2068.44409179688 2019.6904296875 1963.46997070312 1958.99084472656 1930.837890625 1873.79064941406 1860.34362792969 1940.25439453125 1964.89599609375 1910.66003417969 1862.8974609375 1830.85852050781
2675.31689453125 2668.37963867188 2783.19116210938 2787.8544921875 2557.439453125 2400.9541015625 2412.49145507812 2443.873046875 2417.69091796875 2415.91186523438 2359.53686523438 2301.93017578125 2323.97485351562 2309.53198242188 2295.11791992188 2238.15356445312 2209.89599609375 2296.71997070312 2423.81176757812 2317.57373046875 2125.95141601562 2034.875 2059.4931640625 2072.25610351562 2075.32153320312 2044.52758789062 2024.01684570312 2041.32434082031 2077.67724609375 2054.19677734375 2027.09240722656 1992.67077636719 1945.69140625 1972.44128417969 2035.89050292969 2082.55102539062 2000.0771484375 1956.62170410156 1929.72534179688 1912.32055664062 1867.43737792969 1895.42211914062 1964.93798828125 1963.47790527344 1921.6484375 1857.44079589844 1842.96264648438
2713.60083007812 2814.86206054688 2825.525390625 2656.00463867188 2452.19677734375 2420.0556640625 2485.8330078125 2512.15478515625 2476.59448242188 2416.02514648438 2340.98657226562 2353.64306640625 2355.2353515625 2369.67553710938 2329.49609375 2262.58032226562 2396.97485351562 2495.4970703125 2429.84887695312 2260.43359375 2140.01220703125 2138.56640625 2107.44165039062 2068.48779296875 2013.09912109375 2014.630859375 2034.66455078125 2092.2265625 2081.96484375 2039.14953613281 2033.24890136719 1997.10083007812 2023.51013183594 2085.48974609375 2111.55688476562 2064.89794921875 1977.76867675781 1967.40161132812 1940.51257324219 1914.07800292969 1888.55969238281 1955.00158691406 1980.83752441406 1951.17102050781 1929.38916015625 1888.47595214844 1868.59533691406
2790.7666015625 2860.60131835938 2674.66650390625 2453.80932617188 2441.55346679688 2486.35131835938 2523.49096679688 2485.1708984375 2350.89672851562 2280.03271484375 2312.17626953125 2370.40771484375 2378.05297851562 2387.916015625 2321.27172851562 2398.8701171875 2515.23510742188 2426.8544921875 2229.453125 2189.3876953125 2171.4140625 2093.3017578125 2049.44506835938 2036.24243164062 2035.7216796875 2091.5390625 2107.3408203125 2112.60791015625 2069.93579101562 2048.1728515625 2038.93981933594 2044.49658203125 2116.49731445312 2120.10595703125 2047.9326171875 2026.62145996094 2003.50048828125 1986.27880859375 1976.43127441406 1981.40832519531 1986.81616210938 2015.01940917969 1996.30432128906 1970.64855957031 1964.654296875 1941.26086425781 1920.22448730469
