Dropbox/GRP Data/GRP mammal paper/NN_analysis/DATA/2014 input files/yo_c_bio12Apr2014.asc
NCOLS 224 
NROWS 139 
XLLCORNER -69800.8126435 
YLLCORNER -76370.3008923 
CELLSIZE 821.1860311 
NODATA_value -3.4e+38 
[rows 46 to 68 of 139, columns 51 to 101 of 224]
-3.4e+38 -3.4e+38 -3.4e+38 -3.4e+38 -3.4e+38 102635.8046875 103760.8203125 104650.7421875 105108.3671875 105679.1484375 106401.5625 107037.203125 106870.5078125 105933.171875 105211.3125 104975 105431.125 106171.71875 107329.734375 108174.328125 109670.2578125 111102.5390625 112094.59375 112449.96875 111610.53125 110756.3984375 109746.09375 109285.5078125 109210.734375 109416.4609375 109865.078125 110800.7578125 111939.390625 113526.546875 115644.6875 118290.2421875 121187.484375 123663.515625 125165.34375 127183.3828125 126319.625 123815.8046875 121654.5390625 119333.140625 118350.4296875 118528.921875 119383.1484375 122151.921875 123695.3984375 123246.84375 123934.84375
-3.4e+38 -3.4e+38 -3.4e+38 99971.28125 101109.140625 102057.7109375 103000.25 104066.6015625 104392.515625 104861.8125 105507.8671875 106099.8515625 105798.4375 105023.2890625 104308.3984375 103810.3828125 103586.5546875 104411.3984375 106043.09375 107141.640625 108571.0546875 110591.40625 111584.234375 111882.65625 111337.109375 110403.671875 109372.96875 108978.0859375 108930.9296875 109178.140625 109726.140625 110736.0234375 111944.3359375 113520.5234375 115749.8359375 118468.015625 121418.6328125 124081.6640625 125733.2421875 127570.5546875 126517 124111.28125 121815.7265625 119567.2890625 118463.296875 118311.046875 118607.0546875 118506.0859375 120176.78125 119066.828125 117983.6875
-3.4e+38 -3.4e+38 98738.125 99818.5546875 100709.484375 101598.734375 102372.7265625 102967.6328125 103828.703125 104275.7890625 104711.6015625 105051.2265625 104798.71875 104424.046875 103796.6953125 103685.921875 103267.828125 104125.5859375 105560.7734375 107353.6640625 108537.7109375 110491.5390625 111397.078125 111466.0859375 110909.375 110102.9921875 109047.5078125 108512.84375 108549.40625 108873.8359375 109646.1953125 110574 111971.7578125 113498.75 115645.0546875 118351.5234375 121236.9296875 124071.8125 125835.765625 127467.703125 126875.75 124823.8671875 122336.2421875 120040.1796875 118545.5703125 118122.9375 117691.7734375 116695.2578125 115153.5234375 113346.1015625 111260.859375
95638.0703125 96880.359375 98225.4140625 99432.4375 100312.9375 101085.6171875 101490.015625 101784.328125 102587.671875 103479.5703125 104126.9140625 104606.7265625 104713.578125 104097.765625 103768.9140625 104113.09375 104369.015625 105420.375 106794.7109375 107903.78125 109456.921875 110930.2109375 111382.296875 111312.1015625 110805.734375 109809.1875 108654.3828125 108079.5859375 108349.46875 108667.78125 109739.9375 110293.5703125 111982.71875 113483.984375 115372.2265625 117948.59375 120756.1328125 123733.3203125 125849.9609375 127424.703125 127120.9453125 125360.4765625 123168.78125 120652.6953125 118643.4921875 117507.4453125 116300.5859375 115203.3984375 113332.71875 111416.4765625 109316.828125
94748.796875 96253.2578125 97393.609375 98519.4140625 99464.8984375 100227.59375 100309.4609375 100462.734375 100461.609375 100774.9453125 101102.0390625 101857.171875 102998.921875 103227.9765625 103748.3984375 104384.7890625 105334.890625 106746.59375 107874.765625 109229.390625 110662.2734375 111496.1953125 111620.859375 111216.65625 110703.2890625 109719.4296875 108768.953125 108184.53125 108299.4296875 108667.5625 109344.3046875 110082.9375 111305.6171875 113067.9453125 115259.65625 117835.9453125 120393.8203125 123347.515625 125430.796875 127053.4609375 127088.375 125300.4765625 123212.3671875 120850.1875 118788.75 117056.0390625 115156.078125 113811.4921875 111947.828125 110402.53125 108356.359375
93759.984375 94982.671875 96270.109375 97496.390625 98615.875 99153.1953125 99087.5234375 98671.953125 98193.1875 98068.140625 98557.5703125 99799.359375 102115.3828125 103123.8828125 103868.375 104959.578125 106109.1875 107438.9921875 108823.75 110421.0625 111723.5703125 112865.71875 112388.90625 111700.3828125 111307.3046875 110475.7265625 109098.0625 108138.21875 107654.046875 107931.5234375 108677.296875 109429.4765625 110659.8203125 112036.8828125 114205.7421875 116934.6953125 119748.2109375 123044.0703125 124888.25 126482.6796875 126289.921875 124781.96875 122545.453125 120608.4609375 117752.4375 115484.09375 113576.0390625 112586.828125 111386.6875 109721.6953125 108074.4609375
92639.0546875 93851.75 95275.453125 96685.1640625 97654.15625 98273.3984375 97916.71875 97165.8671875 96203.375 95643.25 96334.0390625 98338.8359375 101010.84375 103142.5703125 103595.21875 104615.9375 105842.3046875 107516.296875 109143.25 110684.4453125 111960.6875 112738.90625 112522.5234375 111766.8125 111511.5859375 111116.59375 109568.1328125 108189.0078125 107174 107102.921875 107909.953125 109022.0625 110002.609375 111168.75 113154.4609375 116002.1328125 119186.1796875 122670.4765625 124798.1171875 126173.4765625 125231.3046875 123680 121402.078125 119048.9921875 116525.1796875 113947.828125 112390.4453125 111576 110778.921875 109452.1015625 107605.1875
91837.1328125 93060.109375 94546.9921875 95975.453125 97101.078125 97379.75 96770.0390625 95753.8984375 94822.59375 94211.1640625 94966.234375 97389.53125 100617.9296875 103246.40625 103280.765625 104350.8046875 105603.7578125 107182.859375 108530.3828125 109913.5625 110923.4921875 111565.4375 111550.9375 111174.609375 111234.984375 111194.5078125 109589.6796875 108042.9921875 106983.8828125 106845.328125 107595.234375 108588.5 109537.375 110698.765625 112297.9375 115035.75 118416.0625 122148.34375 124530.1796875 124840.484375 123647.9296875 121741 118997.6484375 116181.1015625 113939.40625 111994.2890625 110895.71875 110293.875 110003.953125 108859.7421875 107306.015625
91136.8125 92505.6171875 94085.5078125 95499.375 96383.6640625 96301.0234375 95439.59375 94476.71875 93587.6171875 93074.2890625 94077.7734375 96899.515625 100660.765625 103628.0625 103029.9375 104125.421875 105289.078125 106525.0703125 107453.4296875 108516.1875 109404.0546875 110206.6875 110574.0703125 110604.984375 110551.578125 110484.8359375 109180.578125 107555.2421875 106701.6953125 106680.921875 107320.4921875 108086.640625 108919.3515625 109931.265625 111162.1171875 113465.0390625 116741.5859375 120251.03125 122747.921875 122789.5 121556.53125 119489.9375 116606.7265625 113474.671875 111014.8125 109478.640625 108943.78125 108999.03125 109263.234375 108698.6328125 107230.203125
90235.6171875 91728.7109375 93327.109375 94616.203125 95038.6484375 94671.15625 93724.2421875 92842.671875 92009.3671875 91669.203125 92978.375 96337.734375 100575.890625 103875.3359375 103089.2265625 103685.171875 104678.2734375 105684.3515625 106423.671875 107352.71875 108095.125 108970.0625 109673.9921875 109967.2734375 110033.5390625 109587.2421875 108532.671875 107073.7109375 106545.4296875 106537.8515625 106924.203125 107557.265625 108128.2578125 108829.15625 109725.5625 111149.65625 113818.640625 116804.890625 119024.6171875 119626.9140625 118847.625 117020.015625 114232.578125 110908.21875 108155.4765625 106809.2890625 106897.4140625 107845.9296875 108442.578125 108290.859375 106820.703125
88773.6015625 90334.5234375 91922.46875 92952.078125 92923.875 92265.4921875 91410.34375 90545.8671875 89870.984375 89886.6171875 91537.6640625 95323.8828125 99663.515625 103075.671875 103341.9921875 103529.0859375 103871.6953125 104839.2578125 105601.1796875 106500.3984375 107244.8046875 108008.9765625 108842.7890625 109291.3515625 109540.171875 108827.1640625 107854.6953125 106808.3203125 106531.765625 106393.2265625 106522.1328125 106952.921875 107272.3671875 107488.3984375 107868.8984375 108521.7578125 110231.5234375 112539.765625 114266.3203125 115445.5 115486.8984375 114183.1640625 111482.96875 108165.78125 105083.71875 104366.4921875 105155.7109375 106892.0625 107701.203125 107367.3046875 105592.171875
86807.296875 88330.9453125 89870.09375 90624.640625 90305.859375 89228.5625 88427.859375 87702.71875 87462.859375 88081.1328125 90201.34375 94029.1171875 97933.2109375 101057.859375 102945.3046875 103634.6953125 103288.8984375 104295.015625 104974.515625 105583.15625 106624.40625 107301.2890625 108213.484375 108841.84375 108672.7734375 108096.5 107283.4921875 106620.8125 106419.25 106130.109375 106227.15625 106299.21875 106442.640625 106120.75 105855.65625 106113.234375 106906.578125 108257.796875 109626.9609375 110971.3828125 111470.0078125 110608.46875 108039.125 104977.546875 101674.734375 102194.125 104143.8046875 105445.65625 106720.515625 105729.8203125 103250.390625
84879.03125 86170.609375 87434.9453125 87929.9921875 87573.3515625 86048.7734375 85116.2421875 84703.5703125 85291.359375 86668.59375 89287.2578125 92858.796875 96332.546875 98957.7890625 101004.3984375 102589.3984375 103250.4609375 104276.96875 104712.0234375 104889.09375 105774.8671875 106505.3359375 107584.7109375 108556.6640625 107991.015625 107474.5234375 106812.6796875 106356.5078125 106288.984375 105832.2578125 105943.8515625 105831.6640625 105756.3671875 105338.0546875 104867.328125 104192.3984375 104118.46875 104342.9921875 105285.6953125 106516.8671875 106711.3515625 105812.734375 103592.828125 100797.640625 98530.9140625 100253.578125 103979.03125 102439.9140625 103716.65625 101948.0078125 99563.25
83134.078125 84388.9453125 85323.078125 85200.78125 84494.1015625 83277.390625 82344.796875 82106.96875 82930.3125 85194.6640625 88204.875 91322.859375 94523.8828125 96839.6328125 98854.46875 101284.296875 103216.8359375 103851.0390625 104891.125 104773.375 104725.6328125 105972.1640625 107232.34375 108596.2265625 107750.625 106913.625 106226.5859375 106081.8828125 106045.96875 105721.6015625 105448.140625 105260.84375 105192.71875 104847.921875 104308.8359375 103653.4296875 102063.2421875 101487.0703125 101703.2734375 102058.75 101629.0625 100648.21875 99324.4296875 96685.3671875 96231.53125 99066.890625 102229.1484375 100693.640625 97060.1875 95710.078125 95158.1484375
81184.34375 82389.9296875 83251.5078125 83008.2734375 81856.0859375 80775.0859375 79770.7734375 79539.1953125 80258.234375 82011.2578125 84888.4765625 88151.953125 90987.890625 93227.984375 94657.265625 96804.7421875 99695.1171875 101989.4609375 102910.140625 103669.484375 104205.8515625 104652.84375 107445.6875 107660.640625 107099.3125 106281.21875 105817.1640625 105730.4296875 105725.8046875 105308.1953125 105097.828125 105105.1171875 104654.2421875 104228.03125 103899.140625 103088.4140625 102182.328125 102924.5625 101613.078125 100092.90625 97739.09375 95721.046875 93628.9375 92869.171875 94328 98768.859375 99028.9921875 94986.53125 92515.375 91193.7890625 91632.3828125
79309.6171875 80542.234375 81211.8671875 80734.8671875 79404.890625 78374.0625 77283.5859375 77024.6875 77344.53125 78461.765625 80532.1328125 83444.4609375 86459.28125 88763.3359375 89586.6640625 90917.015625 93540.2578125 96563.65625 99187.9296875 101785.875 103341.1015625 103842.5859375 106844.5625 107715.3828125 106354.2734375 106100.375 105708.78125 105547.921875 105474.453125 105324.8203125 104837.109375 104682.1171875 103805.9609375 103284.921875 102837.8828125 102097.203125 101403.34375 101403.5390625 99586.984375 96607.1953125 94053.0703125 91974.0546875 90545.4453125 91238.3125 94282.421875 95883.4140625 94381.9921875 90343.75 89065.7109375 88902.15625 91079.5390625
77098.015625 78221.453125 78767.8125 78443.5859375 77606.3046875 77107.09375 77306.875 77542.4140625 77208.09375 77494.8671875 78852.703125 81201.0703125 83763.6640625 86303.46875 86654.984375 87031.703125 88250.7578125 90517.25 93568.1484375 97454.9453125 101616.6953125 103632.734375 106153.8515625 106818 106415.1015625 105461.1171875 105081.1953125 105056.21875 105229.6328125 105215.8828125 104563.7265625 104220.9296875 103287.6015625 102717.765625 102000.90625 100988.8671875 99081.3984375 96505.8984375 95499.578125 93731.7265625 91580.0859375 90159.140625 89042.796875 90265.4453125 91843.578125 91454.0390625 89732.53125 87783.828125 87571.359375 88371.8359375 91892.2578125
74710.3828125 75657.0390625 76278.34375 76663.984375 77268.7265625 78328.1328125 79612.1484375 80085.40625 79638.421875 79563.1953125 80569.2890625 82680.7265625 84823.8984375 86494.4609375 86754.8984375 86594.984375 86150.7578125 86742.140625 89038.875 92919.9296875 98541.734375 103133.8203125 106382.2421875 106784.3125 105588.703125 103673.2265625 103635.6015625 104572.203125 105536.34375 105518.9921875 104726.703125 103303.1328125 101607.8203125 100068.765625 99097.59375 97722.5234375 95373.6328125 93274.515625 92652.421875 92088.671875 91211.2109375 89882.7109375 88835.390625 89701.4140625 89664.3828125 88540.734375 87296.375 87052.234375 87352.234375 89048.4765625 93572.5390625
73153.3984375 74013.9609375 74906.7578125 76183.015625 78195.375 80570.0703125 82570.46875 83242.0859375 83136.984375 83165.0546875 84217.109375 86081.53125 87975.6484375 88880.3046875 89006.75 88362.21875 87023.2109375 86492.703125 87259.1875 89913.34375 94848.0234375 99966.03125 103875.953125 104598.7265625 102899.6953125 101160.4296875 101413.46875 103118.359375 105210.0234375 106022.2734375 104227.5234375 101702.078125 98696.7109375 97072.875 96305.7890625 95655 94043.90625 92960.7734375 92364.4453125 92456.4296875 92024.4140625 90665.5625 90002.1875 90069.0234375 89376.3203125 88116.4296875 87278.6640625 87327.8984375 88110.546875 90569.609375 95513.0859375
72883.375 74102.1796875 75434.1484375 77367.5078125 79954.203125 82689.453125 84893.3046875 85884.6328125 86199.859375 86471.828125 87553.1328125 89091.1640625 90663.7890625 91535.875 91462.53125 90642.0703125 89374.9375 88705.7265625 88281.6640625 89044.9453125 91659.90625 94731.953125 97893.078125 99153.5625 98659.1953125 98087.4453125 98438.734375 100279.34375 102861.015625 104636.5546875 102172.3984375 98920.90625 95877.171875 95653.6171875 95736.4609375 96241.0078125 95518.96875 94384.3203125 93834.96875 93975.5 93031.6640625 92133.9375 91899.9140625 91530.28125 90915.609375 89852.0625 89122.90625 88969.96875 90070.2265625 92828.6640625 97344.859375
73296.2265625 75434.90625 77460.9375 79816.84375 82357.265625 84793.1484375 86602.8046875 87748.2109375 88359.8203125 88792.34375 89539.53125 90690.8984375 91754.203125 92575.4296875 92676.0078125 92542.859375 91841.7890625 91322.9453125 90834.2890625 90113.8671875 90050.4140625 90758.4921875 92381.578125 93788.7109375 94185.3515625 94461.015625 95014.3203125 96933.703125 98912.9140625 100092.015625 98507.6484375 95047.7890625 94485.8125 95437.0234375 96411.5703125 96824.9921875 96497.71875 96271.5859375 95654.390625 95137.328125 94344.546875 93957.4765625 93720.8984375 93760.9765625 93739.96875 93209.0234375 92490.1953125 92517.2109375 93196.453125 95494.2421875 98969.9921875
73349.3046875 76585.0546875 79704.25 82611.1484375 85242.34375 87038.265625 88591.8828125 89610.0859375 90373.8203125 90876.859375 91210.2421875 91297.015625 91774.3125 92430.1015625 92982.0234375 93585 93733.015625 93486.390625 92892.1171875 92243.4765625 90796.6796875 89061.6875 89522.8203125 90712.046875 91164.671875 91539.78125 92155.5703125 93730.5 95472.9609375 95370.703125 93112.3515625 92128.1953125 94606.5 96100.03125 96978.390625 97097.2578125 97138.5625 97268.890625 96973.453125 96886.1875 96326.5 95858.1015625 96015.40625 96686.8515625 97413.328125 97403.515625 96793.25 96318.46875 96513.6640625 97624.4453125 100142.78125
72768.8359375 77189.4140625 81523.9453125 85124.7734375 87929.8828125 89649.4375 90682.8125 91715.1796875 92744.484375 93256.2578125 92844.9375 92178.4375 91878.6015625 92486.015625 93104.6484375 93741.578125 94672.234375 95468.6953125 95293.96875 93903.484375 91296.75 88655.9765625 89022.5703125 89199.8828125 89572.8984375 89733.9921875 89809.6796875 90728.5390625 91264.6171875 89691.3671875 88895.5625 90520.2578125 94582.7421875 96116.1484375 97220.6796875 97176.5078125 97245 97619.546875 98048.6171875 98106.640625 97957.859375 97911.8828125 98550.21875 99820.0234375 101181.8671875 101818.8046875 100977.5 99856.375 98980.828125 99006.9765625 100843.921875
