Dropbox/GRP Data/GRP mammal paper/NN_analysis/DATA/2014 input files/yo_c_bio06Apr2014.asc
NCOLS 224 
NROWS 139 
XLLCORNER -69800.8126435 
YLLCORNER -76370.3008923 
CELLSIZE 821.1860311 
NODATA_value -3.4e+38 
[rows 80 to 99 of 139, columns 46 to 91 of 224]
248.692596435547 247.467758178711 235.011428833008 216.80583190918 201.168167114258 141.366500854492 120.201705932617 106.834175109863 110.571487426758 119.374847412109 155.300811767578 137.494918823242 108.822807312012 95.9701919555664 81.2472076416016 73.5881042480469 72.3693923950195 -6.72020149230957 -68.8053970336914 -96.3347854614258 -111.337493896484 -137.684829711914 -135.839920043945 -132.504058837891 -119.694732666016 -90.937858581543 -115.134178161621 -116.932052612305 -125.415672302246 -117.49779510498 -111.466506958008 -99.9822158813477 -67.625732421875 -44.9734535217285 -22.1386775970459 -39.9389152526855 -34.5748291015625 -34.3400268554688 -50.8801612854004 -44.0428314208984 -33.7736663818359 -59.3890762329102 -119.88013458252 -101.760704040527 -49.1648750305176 25.6451778411865
253.790756225586 251.224700927734 233.270248413086 231.837036132812 210.871673583984 160.072067260742 152.566528320312 127.841499328613 113.620628356934 148.625289916992 116.915397644043 111.884490966797 98.9940490722656 99.2797241210938 85.7099685668945 77.4834747314453 87.7310333251953 62.1254844665527 7.60049343109131 -8.60020446777344 -78.2945404052734 -135.030944824219 -141.309051513672 -135.566009521484 -130.155670166016 -107.280990600586 -109.172645568848 -109.171661376953 -106.790809631348 -91.3932189941406 -86.0865325927734 -89.3239974975586 -57.6731185913086 -33.9991683959961 -7.36280870437622 0.937200129032135 11.323616027832 -1.42742812633514 -40.5104141235352 -35.6051368713379 -49.9436874389648 -65.0204010009766 -95.6896667480469 -118.13680267334 -118.908721923828 -19.9772701263428
259.335510253906 252.324661254883 237.670669555664 234.258682250977 217.32682800293 187.094863891602 158.964004516602 128.54753112793 98.6960144042969 127.474456787109 103.959320068359 100.280334472656 96.3859405517578 105.426788330078 104.631118774414 97.9069976806641 89.1086730957031 79.0414657592773 60.4784889221191 71.5591506958008 -24.2666397094727 -124.044776916504 -144.504440307617 -137.638031005859 -124.433448791504 -114.91731262207 -101.048652648926 -98.0515594482422 -89.7769088745117 -77.948974609375 -86.861198425293 -89.0845489501953 -56.4714012145996 -30.9456157684326 -3.94397330284119 29.6598339080811 32.4981346130371 12.566801071167 -24.9090023040771 -26.6764678955078 -50.1762847900391 -83.2257690429688 -76.2502822875977 -91.6668090820312 -122.076141357422 -89.8636016845703
269.281890869141 256.662231445312 247.07861328125 236.415832519531 222.149383544922 194.594741821289 145.927139282227 119.061698913574 84.5666961669922 121.177055358887 119.177604675293 99.8940811157227 105.703544616699 122.738464355469 140.666488647461 135.456939697266 89.1686096191406 77.348503112793 76.0967254638672 86.3566284179688 21.7182235717773 -97.7066879272461 -137.624984741211 -134.232437133789 -120.634895324707 -97.9232940673828 -86.3594741821289 -78.4565582275391 -66.5934600830078 -65.1868591308594 -82.2088241577148 -74.5658950805664 -40.852611541748 -24.3908195495605 8.33245086669922 22.0602874755859 13.724684715271 -6.21956825256348 -24.5947093963623 -26.0761833190918 -24.0504207611084 -72.2745971679688 -57.4846343994141 -66.8563003540039 -114.686874389648 -136.474594116211
277.738403320312 268.192016601562 254.390686035156 246.871704101562 223.972381591797 183.495391845703 149.757995605469 122.97876739502 112.001052856445 166.872192382812 111.571624755859 82.6587905883789 112.012382507324 121.244857788086 154.063888549805 155.158111572266 114.467979431152 110.993873596191 114.279327392578 107.808937072754 30.5889797210693 -43.8036308288574 -100.179870605469 -120.118034362793 -109.710029602051 -72.5683441162109 -55.3798065185547 -45.0954170227051 -45.0406608581543 -51.2502403259277 -56.0869369506836 -37.3208808898926 -16.0838108062744 4.92696332931519 54.5262985229492 7.80963182449341 6.03892183303833 -13.2569303512573 -21.3022003173828 -9.23516750335693 -9.35559272766113 -44.942985534668 -34.4466590881348 -24.3766136169434 -77.9797973632812 -104.750450134277
274.415435791016 272.109771728516 259.127105712891 246.167770385742 225.074264526367 198.092788696289 193.352279663086 172.880630493164 156.749145507812 158.029144287109 125.629547119141 137.091552734375 147.250686645508 115.317672729492 142.031631469727 169.525466918945 159.079116821289 130.942916870117 137.313400268555 128.427230834961 45.6993408203125 0.914355576038361 -27.2215099334717 -80.3611602783203 -78.2615432739258 -59.0258483886719 -46.8442802429199 -19.507833480835 -30.4883842468262 -34.5299072265625 -31.3686618804932 -22.6977138519287 -13.924391746521 -10.4817447662354 61.8965835571289 82.2249450683594 14.1328735351562 6.34638595581055 -12.7409286499023 -9.24699211120605 -8.54286193847656 -21.1599521636963 -24.9200038909912 -23.0267715454102 -14.1679544448853 -20.1805019378662
270.39599609375 267.790222167969 262.888092041016 254.940185546875 229.506378173828 200.951919555664 197.512878417969 196.843185424805 198.686889648438 194.949951171875 198.238174438477 199.768188476562 184.187118530273 142.815811157227 144.784393310547 173.442199707031 169.576370239258 159.53092956543 158.124771118164 150.412948608398 113.821632385254 74.4563522338867 69.9963226318359 9.36825275421143 -40.2581329345703 -36.4782409667969 -14.479362487793 -15.0937433242798 -21.3736438751221 -13.0220575332642 0.832719564437866 -9.16364192962646 4.15452337265015 7.78604745864868 82.9359664916992 94.0296936035156 24.2636337280273 19.8124656677246 5.71240282058716 -1.93246829509735 0.913464725017548 19.2385730743408 23.7403202056885 -16.7309017181396 6.58367729187012 2.63587474822998
280.455627441406 278.457305908203 272.430297851562 259.7802734375 243.054092407227 218.642333984375 207.792861938477 200.596527099609 202.751693725586 203.592041015625 238.916213989258 237.336242675781 235.399887084961 208.426712036133 189.324279785156 191.227981567383 186.296844482422 176.910614013672 168.794647216797 149.111923217773 121.628860473633 97.2146835327148 85.2257614135742 70.903190612793 21.4762687683105 -0.326291590929031 10.9336204528809 -4.95506000518799 -11.1253414154053 4.61691427230835 14.2085371017456 13.3898649215698 19.0516471862793 30.6196212768555 70.0903854370117 102.537971496582 77.38720703125 75.7800064086914 44.9858016967773 41.7325325012207 48.0032997131348 60.3334007263184 19.0705661773682 28.6619911193848 20.2624435424805 8.69068813323975
286.134155273438 289.390319824219 285.249603271484 272.487548828125 261.083068847656 242.5703125 222.741744995117 205.246948242188 210.879959106445 232.564895629883 254.294006347656 250.292297363281 244.309982299805 238.414855957031 225.472579956055 202.856201171875 191.416976928711 181.82958984375 177.184539794922 155.752166748047 144.468551635742 130.504486083984 124.63362121582 115.816276550293 96.7026596069336 68.9777603149414 26.1228466033936 21.3390140533447 26.2220287322998 41.3299140930176 57.6039695739746 71.8683166503906 62.807071685791 48.9945640563965 50.7427673339844 113.466400146484 109.278839111328 97.4526824951172 62.7425346374512 58.0149993896484 65.5053253173828 74.0134582519531 40.1581954956055 40.843807220459 28.9822864532471 -3.4270977973938
293.916198730469 291.248962402344 291.999786376953 285.606109619141 275.859283447266 254.706649780273 228.953735351562 213.565872192383 221.584609985352 242.238876342773 257.355102539062 258.486053466797 252.73307800293 243.781677246094 244.778381347656 204.844390869141 190.996124267578 187.763702392578 185.343658447266 154.16032409668 134.822418212891 123.748596191406 89.7454986572266 88.4732437133789 97.0134658813477 104.664794921875 42.4516754150391 59.2905387878418 62.4473304748535 76.5056838989258 86.5645446777344 98.8371734619141 100.534172058105 94.7199325561523 94.4079208374023 151.387405395508 83.5622863769531 100.428825378418 66.336669921875 62.2240905761719 78.4374465942383 83.6502685546875 63.454174041748 56.3574523925781 29.3382244110107 -7.98103046417236
302.082122802734 291.495239257812 295.990295410156 294.375671386719 287.810485839844 268.574035644531 237.300231933594 227.80615234375 224.881958007812 237.00846862793 257.410766601562 264.065460205078 266.877746582031 253.095489501953 254.882141113281 203.422378540039 175.635360717773 196.935363769531 195.674880981445 164.155670166016 121.847633361816 109.947311401367 60.2020530700684 63.9546051025391 77.3217849731445 103.633239746094 109.607231140137 115.16185760498 118.18115234375 102.097366333008 110.405700683594 123.185150146484 122.822257995605 113.580223083496 136.954925537109 190.751892089844 90.8484191894531 104.515815734863 73.5533828735352 73.5748672485352 83.1319122314453 88.3446731567383 79.5654373168945 67.6602935791016 31.4400520324707 15.6088247299194
307.548889160156 297.520782470703 294.602478027344 298.523712158203 291.871673583984 278.776916503906 259.268005371094 247.312164306641 228.954116821289 236.596420288086 254.496765136719 270.080261230469 275.516784667969 261.639068603516 256.964538574219 225.708557128906 178.736099243164 201.114959716797 200.073394775391 187.342010498047 141.916397094727 130.376770019531 89.6193161010742 73.149169921875 79.4965667724609 96.2159652709961 158.973831176758 162.422103881836 162.627487182617 144.665252685547 147.812316894531 158.171752929688 138.08479309082 121.855278015137 149.929504394531 184.514633178711 125.067672729492 117.241989135742 92.9834976196289 87.1392974853516 80.5756530761719 85.3989105224609 85.7910232543945 68.5961608886719 33.7651634216309 40.5029067993164
302.450317382812 300.271087646484 291.938995361328 301.944244384766 295.345397949219 285.106872558594 282.274444580078 270.564819335938 251.226501464844 254.726547241211 254.222763061523 277.525573730469 280.754455566406 265.260192871094 254.25520324707 259.212615966797 223.467895507812 203.001419067383 188.039123535156 205.705062866211 180.972427368164 167.769119262695 142.670501708984 94.4918746948242 96.1450119018555 98.7038269042969 133.869293212891 173.849716186523 176.596923828125 185.882934570312 179.228790283203 180.680389404297 156.340576171875 154.86930847168 165.474365234375 143.90950012207 131.807556152344 132.932205200195 115.55297088623 95.8710784912109 87.4583053588867 87.2461547851562 86.3502426147461 72.9286041259766 38.5441741943359 50.2226448059082
287.701263427734 290.719818115234 294.835357666016 306.413391113281 309.228973388672 299.968872070312 289.952178955078 294.773284912109 288.523223876953 285.125518798828 268.879821777344 282.943389892578 293.339508056641 279.587249755859 254.778442382812 250.871688842773 267.549163818359 222.618438720703 175.344497680664 211.733779907227 199.846176147461 174.562652587891 169.821166992188 132.12467956543 124.233772277832 107.995559692383 124.551300048828 165.937561035156 213.135589599609 174.58268737793 177.234405517578 181.003204345703 175.661773681641 172.788818359375 192.147598266602 149.218032836914 148.13899230957 145.518417358398 129.30387878418 114.450263977051 111.511657714844 103.909843444824 91.7368392944336 88.2706756591797 63.0758666992188 73.3740844726562
292.135955810547 289.742889404297 290.951995849609 303.971832275391 310.625762939453 309.643585205078 312.864135742188 310.082000732422 301.096557617188 298.121429443359 291.049255371094 289.895782470703 286.935150146484 280.99072265625 244.558334350586 236.591186523438 257.136169433594 261.454498291016 225.828811645508 221.583358764648 237.274627685547 200.560485839844 182.033645629883 202.995681762695 181.40771484375 158.739028930664 150.910736083984 160.945816040039 234.002548217773 287.251220703125 231.112930297852 172.296203613281 174.049453735352 209.94401550293 194.350799560547 185.032455444336 179.559509277344 173.968521118164 159.638946533203 144.376190185547 122.489471435547 94.2806701660156 87.6624526977539 84.415397644043 85.0857315063477 55.8874549865723
320.257507324219 291.197723388672 287.913696289062 292.823150634766 303.556121826172 307.799224853516 316.968627929688 314.016693115234 310.024383544922 305.993591308594 292.2216796875 285.739776611328 268.610809326172 225.341400146484 193.032135009766 223.771530151367 239.059326171875 266.667053222656 257.107482910156 248.21012878418 235.070037841797 219.239303588867 210.894836425781 229.228424072266 265.127777099609 225.651824951172 202.817230224609 224.683227539062 245.812652587891 270.708557128906 267.597839355469 247.068542480469 229.305679321289 226.008972167969 224.855606079102 203.131820678711 193.280654907227 193.007095336914 159.683639526367 147.879989624023 128.951309204102 109.622383117676 87.4395446777344 96.3950271606445 99.0784301757812 95.7662200927734
321.805328369141 313.605010986328 307.742431640625 295.103057861328 296.147003173828 309.967376708984 319.293090820312 323.432647705078 319.784362792969 315.589080810547 279.362548828125 259.040679931641 243.734252929688 221.889785766602 210.426544189453 240.802230834961 247.492614746094 203.100387573242 219.725601196289 252.373092651367 242.29426574707 239.685745239258 223.610015869141 231.04606628418 239.009643554688 270.255920410156 259.364562988281 225.498870849609 255.483871459961 290.849975585938 284.31982421875 280.015686035156 239.265777587891 253.131393432617 209.303192138672 220.163482666016 195.296875 192.384078979492 152.033081054688 138.726837158203 124.313018798828 116.054023742676 113.733222961426 116.554351806641 96.2569046020508 140.406173706055
311.898620605469 310.164489746094 322.024871826172 305.442932128906 293.084533691406 294.047821044922 319.354675292969 332.027709960938 330.667724609375 327.207946777344 291.780822753906 253.045043945312 237.074310302734 211.630493164062 202.879608154297 249.37516784668 242.689163208008 214.903274536133 214.335693359375 231.342910766602 242.76008605957 233.899719238281 225.182662963867 212.68424987793 223.84912109375 238.189376831055 196.094650268555 190.642517089844 227.66813659668 240.182693481445 253.453521728516 240.265975952148 217.096221923828 254.413757324219 242.540588378906 208.532608032227 174.54264831543 170.162078857422 153.666030883789 136.060729980469 125.856086730957 114.126014709473 107.538124084473 145.607650756836 151.368942260742 199.43766784668
315.392639160156 309.809631347656 329.003967285156 326.243225097656 308.581359863281 296.931823730469 297.069641113281 322.067504882812 340.706817626953 339.806427001953 318.674713134766 261.350036621094 247.393798828125 228.457962036133 220.592575073242 230.848281860352 241.041046142578 193.653457641602 194.790100097656 248.521514892578 228.583358764648 225.530456542969 250.095123291016 229.488677978516 220.362197875977 214.066986083984 188.927017211914 169.926116943359 194.354370117188 207.146286010742 240.259948730469 229.920028686523 240.053894042969 219.198989868164 263.069519042969 200.253341674805 198.160873413086 209.489730834961 152.932098388672 139.291320800781 131.669509887695 126.481369018555 111.182456970215 172.935516357422 207.006408691406 191.278656005859
314.635864257812 316.237487792969 331.799652099609 341.860382080078 331.667358398438 307.405151367188 289.455200195312 307.188171386719 349.718536376953 350.906616210938 341.663208007812 298.090026855469 267.739349365234 241.734008789062 235.303283691406 228.212600708008 229.247970581055 216.0009765625 179.000411987305 229.006805419922 205.0546875 215.885971069336 266.575988769531 279.059631347656 251.744552612305 229.591033935547 227.193939208984 205.061248779297 190.40998840332 205.305480957031 242.430526733398 234.41667175293 268.324371337891 240.846786499023 272.395446777344 237.205047607422 248.149688720703 247.788482666016 171.095550537109 161.723663330078 153.161392211914 150.545761108398 157.330383300781 215.105224609375 202.219604492188 130.962707519531
