Dropbox/GRP Data/GRP mammal paper/NN_analysis/DATA/2014 input files/yo_c_bio05Apr2014.asc
NCOLS 224 
NROWS 139 
XLLCORNER -69800.8126435 
YLLCORNER -76370.3008923 
CELLSIZE 821.1860311 
NODATA_value -3.4e+38 
[rows 105 to 125 of 139, columns 94 to 140 of 224]
3248.8466796875 3218.96630859375 3124.09594726562 3133.41064453125 3079.69921875 3096.669921875 3168.48779296875 3148.49682617188 3115.73071289062 3186.42724609375 3321.7880859375 3358.4375 3294.359375 3148.259765625 2868.24731445312 2727.61596679688 2782.826171875 2706.94116210938 2719.71826171875 2617.87036132812 2782.87744140625 2911.11547851562 3067.82348632812 3069.03271484375 2886.14624023438 2764.83618164062 2670.75024414062 2580.7080078125 2488.0556640625 2418.23876953125 2369.8955078125 2417.60375976562 2450.21997070312 2439.25732421875 2440.30786132812 2415.32934570312 2363.79833984375 2300.30590820312 2253.28393554688 2208.00024414062 2185.08715820312 2164.13159179688 2154.75561523438 2136.462890625 2061.88891601562 2027.38671875 2084.1875
3243.66088867188 3223.04248046875 3144.09375 3081.33178710938 3070.009765625 3124.72924804688 3161.5400390625 3172.49536132812 3198.9638671875 3250.56713867188 3294.23559570312 3340.482421875 3224.0693359375 3006.66577148438 2842.38427734375 2670.5478515625 2655.15625 2603.06225585938 2630.33911132812 2678.0224609375 2800.28686523438 2853.83642578125 2996.11767578125 3040.55615234375 2829.3193359375 2719.78930664062 2645.45336914062 2566.71264648438 2556.67724609375 2498.966796875 2506.6533203125 2544.14575195312 2538.294921875 2506.36474609375 2443.65185546875 2405.17407226562 2368.63916015625 2300.92626953125 2269.9931640625 2223.40258789062 2213.43701171875 2210.47119140625 2218.26171875 2199.92138671875 2109.12841796875 2120.34692382812 2121.57592773438
3250.85571289062 3246.50561523438 3216.97509765625 3102.07666015625 3101.19653320312 3159.05834960938 3177.9443359375 3201.88818359375 3210.58203125 3214.24951171875 3218.22143554688 3316.69946289062 3245.12377929688 2979.81689453125 2820.31127929688 2652.68115234375 2558.05297851562 2513.6103515625 2586.47094726562 2706.49487304688 2790.9619140625 2792.9306640625 2892.90869140625 3028.93969726562 2883.48999023438 2732.19897460938 2653.57299804688 2677.96923828125 2739.52612304688 2637.95825195312 2664.23583984375 2667.40014648438 2575.40942382812 2498.96069335938 2438.36108398438 2410.7138671875 2394.59228515625 2359.78881835938 2314.39916992188 2297.8232421875 2303.70776367188 2273.42919921875 2260.494140625 2201.77661132812 2144.12158203125 2224.42114257812 2258.92919921875
3272.95751953125 3278.33642578125 3274.28076171875 3185.15307617188 3151.90673828125 3184.33715820312 3188.47680664062 3219.78002929688 3192.15673828125 3126.38330078125 3141.31494140625 3280.01342773438 3311.36376953125 3099.37939453125 2904.9765625 2703.40014648438 2579.18212890625 2494.1943359375 2526.14575195312 2640.43090820312 2742.67358398438 2759.63159179688 2820.34326171875 2969.96118164062 2977.24243164062 2864.11938476562 2762.3369140625 2829.822265625 2909.90283203125 2857.55224609375 2829.06591796875 2740.9453125 2613.705078125 2555.498046875 2514.75610351562 2486.11108398438 2495.86157226562 2469.81665039062 2424.18115234375 2433.3466796875 2443.48681640625 2398.32885742188 2364.94116210938 2280.84350585938 2251.8759765625 2327.00244140625 2356.0146484375
3298.06616210938 3303.54345703125 3288.00927734375 3251.93994140625 3185.98876953125 3210.44213867188 3191.21411132812 3218.56005859375 3204.31982421875 3096.83911132812 3096.57885742188 3208.125 3284.220703125 3220.13940429688 3024.51489257812 2834.35571289062 2732.15869140625 2567.79296875 2468.82055664062 2547.18115234375 2644.89135742188 2735.33056640625 2810.34936523438 2895.921875 2992.3623046875 2991.83129882812 2915.76489257812 2942.98022460938 2994.63671875 3015.07397460938 2960.64965820312 2853.93017578125 2737.08251953125 2677.24926757812 2629.8564453125 2601.82202148438 2612.65209960938 2589.39965820312 2573.83813476562 2580.8232421875 2574.17553710938 2532.41845703125 2490.44555664062 2410.51147460938 2400.6240234375 2433.20727539062 2430.59643554688
3324.7685546875 3322.76440429688 3288.65234375 3267.19677734375 3189.5048828125 3221.92553710938 3217.21606445312 3224.7998046875 3238.52490234375 3142.01782226562 3080.29077148438 3112.53369140625 3142.359375 3220.88842773438 3081.33862304688 3003.92724609375 2907.5458984375 2677.82934570312 2470.81030273438 2493.24755859375 2532.49072265625 2669.89038085938 2811.65966796875 2869.82958984375 2936.177734375 2992.05224609375 2985.962890625 2994.34545898438 3008.00073242188 3015.71459960938 2990.29052734375 2969.12451171875 2882.92163085938 2790.1259765625 2738.66235351562 2723.18359375 2708.83715820312 2698.5615234375 2695.5810546875 2673.21459960938 2650.06591796875 2621.46997070312 2574.1611328125 2497.77221679688 2464.6572265625 2434.60400390625 2445.38696289062
3346.86645507812 3329.13598632812 3310.92919921875 3309.46362304688 3227.93017578125 3181.39477539062 3240.48461914062 3261.35498046875 3279.38696289062 3220.26171875 3090.1630859375 3037.52734375 3006.18872070312 3057.62255859375 3124.34155273438 3123.55981445312 2963.52661132812 2735.17333984375 2496.10668945312 2461.0263671875 2526.51538085938 2615.87817382812 2763.58154296875 2822.03149414062 2881.38500976562 2924.53881835938 2934.59350585938 2972.55224609375 2974.20239257812 2980.05419921875 2931.76049804688 2911.58544921875 2878.64233398438 2841.89794921875 2827.57250976562 2814.10473632812 2785.59912109375 2762.3193359375 2717.04174804688 2654.32885742188 2633.65991210938 2633.56958007812 2573.28442382812 2479.55981445312 2389.71850585938 2302.8486328125 2366.2451171875
3353.19653320312 3302.59155273438 3326.18481445312 3344.18701171875 3281.99658203125 3127.73364257812 3186.04614257812 3290.72924804688 3319.05346679688 3293.34252929688 3178.4560546875 3007.76220703125 2908.69213867188 2837.82153320312 2886.43408203125 3065.02197265625 2979.8388671875 2753.20239257812 2544.17993164062 2463.97509765625 2515.83349609375 2608.12036132812 2709.44287109375 2787.05102539062 2836.87158203125 2871.82763671875 2876.08740234375 2869.4619140625 2875.44116210938 2926.42553710938 2958.72436523438 2896.0908203125 2796.41455078125 2721.974609375 2718.7802734375 2715.3720703125 2688.5615234375 2645.87670898438 2575.00146484375 2491.66455078125 2473.09643554688 2512.03930664062 2436.138671875 2326.82250976562 2293.69970703125 2290.416015625 2344.50024414062
3347.73706054688 3305.61547851562 3341.17993164062 3351.33642578125 3335.34643554688 3296.90844726562 3293.52075195312 3335.689453125 3361.71337890625 3337.08129882812 3273.06591796875 3130.11547851562 2953.85009765625 2853.85913085938 2841.48706054688 2889.6376953125 2923.61157226562 2809.89575195312 2633.66235351562 2500.23876953125 2499.869140625 2534.34765625 2597.72729492188 2692.42114257812 2739.17749023438 2770.22607421875 2813.6796875 2739.32080078125 2712.10083007812 2815.01904296875 2849.34228515625 2793.57348632812 2703.02709960938 2645.03247070312 2602.46899414062 2558.19140625 2512.1376953125 2418.52319335938 2354.73486328125 2296.3720703125 2309.80053710938 2440.0947265625 2409.52294921875 2208.9453125 2175.7314453125 2274.67553710938 2301.21728515625
3347.93896484375 3346.98193359375 3364.55224609375 3367.46118164062 3357.173828125 3352.0302734375 3356.05346679688 3377.205078125 3371.23583984375 3364.1181640625 3341.162109375 3277.42138671875 3137.4794921875 3013.33813476562 2918.10766601562 2793.15185546875 2759.96899414062 2691.47607421875 2596.52978515625 2537.33520507812 2676.53076171875 2710.05908203125 2634.64794921875 2616.55493164062 2653.765625 2712.64428710938 2739.19750976562 2690.32373046875 2624.33862304688 2697.97338867188 2726.7822265625 2706.43383789062 2679.12451171875 2672.73071289062 2643.29736328125 2615.40649414062 2472.822265625 2357.75805664062 2320.0498046875 2241.36474609375 2248.89038085938 2343.20092773438 2381.97094726562 2288.69091796875 2190.74829101562 2227.21533203125 2240.99877929688
3364.03247070312 3372.58325195312 3373.09204101562 3372.07470703125 3369.35546875 3380.97412109375 3376.48999023438 3384.45190429688 3379.83203125 3381.16479492188 3380.7822265625 3359.75659179688 3295.177734375 3168.45922851562 3044.22875976562 2885.16040039062 2812.36450195312 2798.177734375 2733.787109375 2677.43725585938 2844.7080078125 2900.27001953125 2773.07153320312 2618.9052734375 2609.40551757812 2648.28076171875 2657.53051757812 2654.74780273438 2647.798828125 2667.67651367188 2688.76049804688 2676.39477539062 2686.10815429688 2694.09448242188 2688.13256835938 2651.19018554688 2558.44775390625 2446.17749023438 2338.18994140625 2263.17626953125 2233.33959960938 2313.68823242188 2336.21240234375 2295.35180664062 2237.26342773438 2191.18139648438 2194.7021484375
3376.65112304688 3385.4755859375 3383.83984375 3383.10424804688 3384.78247070312 3391.1103515625 3377.10302734375 3387.3427734375 3394.7978515625 3394.01000976562 3406.18505859375 3398.6669921875 3376.7451171875 3290.021484375 3148.54418945312 2986.21215820312 2939.6171875 2992.24169921875 2970.98754882812 2877.4599609375 2990.28637695312 3016.96606445312 2851.69555664062 2647.11352539062 2578.2001953125 2588.568359375 2579.50805664062 2588.70874023438 2621.83349609375 2676.681640625 2685.185546875 2681.22485351562 2689.02978515625 2694.880859375 2699.59619140625 2664.89208984375 2613.08837890625 2525.0908203125 2371.544921875 2303.49658203125 2271.80419921875 2265.48461914062 2265.58862304688 2236.48852539062 2207.27392578125 2150.08935546875 2181.52319335938
3384.60571289062 3395.32421875 3393.68530273438 3397.00341796875 3402.97412109375 3392.48876953125 3383.72680664062 3389.07958984375 3390.68725585938 3401.953125 3422.50146484375 3424.12036132812 3412.53198242188 3370.86450195312 3269.02172851562 3116.359375 3044.79565429688 3135.90942382812 3170.90942382812 3075.51293945312 3115.64013671875 3078.98681640625 2896.00463867188 2666.38525390625 2560.0361328125 2555.06494140625 2530.33374023438 2543.08544921875 2600.98779296875 2696.03735351562 2706.9951171875 2693.4267578125 2691.67163085938 2697.78588867188 2699.07885742188 2667.345703125 2631.32250976562 2566.84545898438 2454.5166015625 2346.9609375 2290.49096679688 2251.88012695312 2224.84106445312 2190.40844726562 2129.85864257812 2093.7255859375 2152.92553710938
3390.919921875 3401.87915039062 3398.60498046875 3406.76977539062 3414.74487304688 3397.87182617188 3397.87866210938 3390.2861328125 3386.01245117188 3412.07592773438 3432.27587890625 3445.42602539062 3442.53979492188 3413.26611328125 3385.57080078125 3271.92529296875 3144.51171875 3210.01098632812 3282.68579101562 3226.29150390625 3211.35302734375 3115.14208984375 2937.1943359375 2673.09692382812 2559.46313476562 2565.65893554688 2555.060546875 2569.61083984375 2622.787109375 2713.58740234375 2734.99047851562 2711.06787109375 2702.0634765625 2708.59130859375 2695.76684570312 2670.74145507812 2641.970703125 2586.37646484375 2524.01977539062 2403.06811523438 2305.17944335938 2284.25048828125 2219.88623046875 2190.89306640625 2135.26928710938 2082.2646484375 2127.09716796875
3392.38354492188 3402.5556640625 3407.27392578125 3417.5146484375 3417.43603515625 3407.25659179688 3403.76489257812 3400.52124023438 3419.9208984375 3431.16943359375 3439.70532226562 3457.8662109375 3476.01611328125 3441.80688476562 3433.31494140625 3362.28442382812 3276.31616210938 3272.03833007812 3342.11791992188 3320.09130859375 3267.73608398438 3121.62890625 2952.02124023438 2705.27099609375 2595.0908203125 2622.27294921875 2638.79077148438 2637.708984375 2655.22265625 2750.9169921875 2763.85009765625 2739.4462890625 2715.56958007812 2713.83813476562 2687.96630859375 2677.56665039062 2651.99853515625 2594.98486328125 2535.46606445312 2462.78125 2362.98217773438 2313.23266601562 2227.63989257812 2225.70166015625 2222.72412109375 2144.2041015625 2161.30200195312
3397.662109375 3405.34594726562 3416.9951171875 3426.5634765625 3425.95532226562 3414.49951171875 3407.39135742188 3406.72900390625 3439.18188476562 3440.05297851562 3445.72875976562 3461.67504882812 3502.123046875 3492.74975585938 3475.0576171875 3424.95629882812 3408.24755859375 3369.61206054688 3388.9794921875 3381.93701171875 3292.55200195312 3102.669921875 2962.85424804688 2820.5546875 2705.41259765625 2710.02807617188 2690.35791015625 2662.1689453125 2690.30517578125 2841.033203125 2826.6640625 2778.8583984375 2727.43823242188 2701.23217773438 2667.353515625 2657.9267578125 2643.52001953125 2601.4638671875 2548.76147460938 2502.53515625 2434.97045898438 2312.94140625 2252.94091796875 2269.8154296875 2265.3115234375 2219.5654296875 2253.52587890625
3408.10986328125 3416.10546875 3427.64526367188 3427.21118164062 3426.201171875 3416.1064453125 3415.89208984375 3416.12939453125 3415.2626953125 3432.2041015625 3464.07788085938 3487.94140625 3519.82958984375 3527.37670898438 3501.31176757812 3482.22900390625 3475.72973632812 3456.89233398438 3445.79248046875 3405.28784179688 3321.05493164062 3166.68432617188 3015.07006835938 2956.19921875 2834.33618164062 2828.87084960938 2793.1982421875 2698.72705078125 2714.73852539062 2881.14086914062 2879.875 2870.80981445312 2759.74951171875 2666.54223632812 2574.03881835938 2542.66137695312 2582.41528320312 2615.28442382812 2567.615234375 2544.65771484375 2441.30883789062 2357.9130859375 2334.02587890625 2306.43017578125 -3.4e+38 -3.4e+38 -3.4e+38
3417.01684570312 3417.50341796875 3435.78344726562 3428.62866210938 3418.14672851562 3418.11059570312 3424.98486328125 3424.98876953125 3419.1904296875 3416.197265625 3426.06616210938 3498.44604492188 3529.615234375 3580.68872070312 3540.85522460938 3504.08715820312 3527.72338867188 3518.68310546875 3498.12866210938 3425.421875 3348.33129882812 3178.86547851562 3027.08666992188 2971.12719726562 2871.912109375 2899.15673828125 2842.78540039062 2762.74609375 2820.56567382812 2909.06298828125 2903.47998046875 2890.16821289062 2797.40747070312 2668.57788085938 2544.17724609375 2477.7314453125 2491.41381835938 2530.33471679688 2561.58422851562 2589.74780273438 2550.33935546875 2482.80078125 -3.4e+38 -3.4e+38 -3.4e+38 -3.4e+38 -3.4e+38
3432.38159179688 3435.39477539062 3446.1875 3444.45068359375 3425.76123046875 3432.34301757812 3429.74731445312 3415.21801757812 3416.16064453125 3421.767578125 3428.24438476562 3494.87866210938 3546.41625976562 3596.03369140625 3554.02099609375 3553.82934570312 3609.65185546875 3602.7568359375 3542.697265625 3445.26293945312 3292.69848632812 3145.15551757812 3043.59252929688 2974.2294921875 2892.3828125 2933.7783203125 2930.19287109375 2860.4970703125 2895.83276367188 2935.12451171875 2957.439453125 2909.0439453125 2789.81005859375 2693.48950195312 2640.3349609375 2602.541015625 2638.11010742188 2634.21508789062 2622.98461914062 2639.16064453125 -3.4e+38 -3.4e+38 -3.4e+38 -3.4e+38 -3.4e+38 -3.4e+38 -3.4e+38
3432.5458984375 3450.81567382812 3462.19653320312 3463.21997070312 3448.0302734375 3443.708984375 3439.4462890625 3422.18627929688 3418.7236328125 3425.28735351562 3431.7197265625 3510.36474609375 3552.34008789062 3523.77319335938 3509.20458984375 3533.029296875 3608.74365234375 3601.3212890625 3540.05322265625 3488.40942382812 3371.09497070312 3176.26391601562 3046.94287109375 2965.63208007812 2909.23071289062 2926.53466796875 2987.416015625 2966.7197265625 2959.8349609375 2966.89599609375 2988.76391601562 2934.4111328125 2809.90698242188 2715.38012695312 2724.91577148438 2723.35766601562 2723.7119140625 -3.4e+38 -3.4e+38 -3.4e+38 -3.4e+38 -3.4e+38 -3.4e+38 -3.4e+38 -3.4e+38 -3.4e+38 -3.4e+38
3436.40209960938 3445.69921875 3459.01000976562 3480.57373046875 3470.75537109375 3458.58984375 3449.96923828125 3436.10522460938 3426.38037109375 3425.9697265625 3432.99462890625 3543.7763671875 3548.89526367188 3545.64990234375 3480.25927734375 3534.72973632812 3608.63745117188 3546.73315429688 3486.2919921875 3480.3115234375 3439.43041992188 3270.44287109375 3125.98657226562 3006.47900390625 2973.02172851562 2974.00561523438 3020.5390625 3059.421875 3035.02465820312 3006.26245117188 3034.89306640625 2978.28125 2836.53344726562 2756.28540039062 2797.96752929688 -3.4e+38 -3.4e+38 -3.4e+38 -3.4e+38 -3.4e+38 -3.4e+38 -3.4e+38 -3.4e+38 -3.4e+38 -3.4e+38 -3.4e+38 -3.4e+38
