Dropbox/GRP Data/GRP mammal paper/NN_analysis/DATA/2014 input files/yo_c_bio05Apr2014.asc
NCOLS 224 
NROWS 139 
XLLCORNER -69800.8126435 
YLLCORNER -76370.3008923 
CELLSIZE 821.1860311 
NODATA_value -3.4e+38 
[rows 42 to 62 of 139, columns 141 to 187 of 224]
2001.09399414062 1934.35302734375 1891.23010253906 1857.17736816406 1760.09545898438 1750.86376953125 1800.50842285156 1964.55871582031 1902.13024902344 1927 1810.76232910156 1676.87707519531 1801.52661132812 1927.64807128906 2032.69543457031 1992.19934082031 1866.01794433594 1760.92126464844 1757.00634765625 1796.326171875 1825.28295898438 1824.37927246094 1947.78674316406 1956.25073242188 1987.18505859375 2022.28845214844 2148.42846679688 2262.51733398438 2311.9296875 2320.88842773438 2403.37084960938 2664.42700195312 2804.70190429688 2844.73779296875 2879.81762695312 2903.30126953125 2925.205078125 2945.8662109375 2947.1015625 2931.41552734375 2945.0615234375 2978.93090820312 3005.5361328125 3019.14013671875 3020.03955078125 3021.18188476562 3031.14111328125
1978.49682617188 1910.18566894531 1857.89111328125 1839.22351074219 1787.18237304688 1806.92419433594 1858.34484863281 1997.48413085938 1956.88000488281 1941.73010253906 1851.88842773438 1750.27709960938 1880.962890625 2040.23474121094 2094.93774414062 2009.72485351562 1827.12841796875 1638.30578613281 1655.26025390625 1774.33972167969 1788.52917480469 1824.07434082031 1895.08837890625 2028.80224609375 2174.33666992188 2296.8203125 2367.40942382812 2487.47924804688 2554.0439453125 2579.6865234375 2590.58471679688 2659.27490234375 2776.51782226562 2851.48486328125 2892.56884765625 2914.90673828125 2935.33959960938 2949.59741210938 2935.45068359375 2881.25463867188 2890.8662109375 2960.72290039062 3003.01000976562 3018.14965820312 3019.80419921875 3021.8349609375 3039.0283203125
1883.11157226562 1861.7109375 1848.12280273438 1861.35498046875 1804.53076171875 1749.26135253906 1918.16540527344 2015.28820800781 1969.00244140625 1964.3310546875 1895.93310546875 1909.46118164062 2074.27172851562 2131.6201171875 2074.546875 1979.1640625 1876.09875488281 1644.38159179688 1602.21215820312 1733.71069335938 1848.04333496094 2072.84497070312 2239.84008789062 2360.48828125 2463.91723632812 2468.45532226562 2396.54638671875 2377.00366210938 2373.78759765625 2446.59423828125 2507.32177734375 2626.35595703125 2784.140625 2872.39501953125 2914.34399414062 2939.36328125 2952.63940429688 2944.54028320312 2933.57861328125 2883.84545898438 2889.32373046875 2958.783203125 2999.51708984375 3017.23315429688 3019.76928710938 3019.46997070312 3035.55590820312
1879.41906738281 1842.72985839844 1888.77124023438 1878.64807128906 1807.96789550781 1819.96948242188 2013.62097167969 2014.51147460938 1981.185546875 1974.36706542969 1968.61987304688 2089.25415039062 2140.49194335938 2081.00854492188 1930.82080078125 1832.33508300781 1838.25561523438 1693.78149414062 1577.599609375 1737.53845214844 1997.78869628906 2278.32739257812 2286.43969726562 2208.61059570312 2208.43627929688 2130.58227539062 2005.96435546875 2143.27954101562 2097.70458984375 2196.09838867188 2283.42700195312 2495.4443359375 2736.22631835938 2858.74853515625 2917.55126953125 2947.484375 2969.21557617188 2980.42260742188 2987.40014648438 2969.5595703125 2968.8603515625 2996.45288085938 3014.251953125 3019.64111328125 3019.21752929688 3011.2021484375 3027.36108398438
1903.19812011719 1836.72155761719 1860.48840332031 1942.89965820312 1891.46398925781 1991.880859375 2059.27001953125 1988.26257324219 2021.07580566406 2042.05725097656 2083.32641601562 2133.14135742188 2044.12707519531 2010.2529296875 1957.71618652344 1860.53503417969 1772.01257324219 1691.12854003906 1633.80126953125 1881.85144042969 2125.17309570312 2165.9716796875 1975.6669921875 1904.03845214844 2027.28442382812 1900.74438476562 1808.43188476562 1981.53930664062 1909.94519042969 2025.53857421875 2089.44604492188 2228.97778320312 2546.88647460938 2782.95043945312 2920.73657226562 2964.41650390625 2978.5048828125 2989.83227539062 2999.03002929688 2997.2900390625 2997.24536132812 3010.50561523438 3019.7685546875 3019.87768554688 3010.908203125 3018.1005859375 3006.71142578125
1896.73229980469 1849.32946777344 1849.44165039062 1923.15002441406 1999.751953125 2070.28686523438 2021.23303222656 1975.49133300781 2033.60852050781 2118.357421875 2142.61889648438 2094.44213867188 2015.23400878906 1990.408203125 1954.78137207031 1915.83874511719 1827.34924316406 1733.31042480469 1728.75793457031 1899.20080566406 1929.93383789062 1919.357421875 1790.82653808594 1803.98547363281 1966.95556640625 1770.95568847656 1717.29052734375 1795.81359863281 1789.00634765625 1867.32104492188 1971.02172851562 2111.623046875 2357.23876953125 2626.57421875 2879.75756835938 2971.64208984375 2987.30151367188 2999.3994140625 3014.66064453125 3008.63818359375 3011.94018554688 3018.66235351562 3020.4833984375 3013.72143554688 3002.39697265625 3018.35302734375 2995.61010742188
1851.12145996094 1882.41174316406 1877.201171875 1916.68310546875 2070.92456054688 2034.5703125 1984.7734375 2004.05517578125 2079.9560546875 2153.32470703125 2115.48095703125 2049.60424804688 2011.8955078125 1981.9873046875 1929.61901855469 1904.7646484375 1849.62805175781 1791.24755859375 1811.83044433594 1857.1669921875 1783.54821777344 1675.20751953125 1676.41882324219 1839.20385742188 1898.91552734375 1679.79345703125 1584.25378417969 1627.20886230469 1697.46508789062 1775.68408203125 1903.52954101562 2062.58227539062 2307.17993164062 2527.4501953125 2778.1689453125 2956.19360351562 2995.72924804688 3008.1328125 3025.60864257812 3015.70849609375 3012.51196289062 3017.76440429688 3016.08447265625 3005.38818359375 3000.2470703125 3005.05004882812 2994.02197265625
1817.18579101562 1920.99145507812 1921.16198730469 2006.37548828125 2071.90478515625 1990.93420410156 2010.24584960938 2076.07983398438 2155.52661132812 2134.83618164062 2060.4833984375 2030.81506347656 1979.83142089844 1928.08447265625 1854.69812011719 1826.65551757812 1769.10217285156 1791.24731445312 1847.39233398438 1848.23010253906 1810.84692382812 1635.31433105469 1633.185546875 1837.81579589844 1836.36633300781 1654.92321777344 1496.2412109375 1515.82373046875 1643.75170898438 1742.55139160156 1870.77014160156 2022.65222167969 2247.748046875 2451.55981445312 2657.71020507812 2899.58129882812 3000.92041015625 3016.095703125 3020.71533203125 3020.03881835938 3012.34741210938 3011.13134765625 3004.90673828125 2991.26708984375 2988.59130859375 2988.2763671875 2998.25244140625
1851.08349609375 1944.6328125 1987.97875976562 2076.67700195312 2022.02978515625 2028.77111816406 2079.7060546875 2150.68041992188 2161.75219726562 2091.87109375 2045.61853027344 2027.29919433594 1941.57641601562 1827.853515625 1745.42602539062 1775.04077148438 1699.56640625 1742.59045410156 1828.46459960938 1850.61169433594 1861.14221191406 1792.24914550781 1685.16003417969 1767.84387207031 1826.94616699219 1724.0078125 1546.59375 1487.81896972656 1611.99157714844 1680.36828613281 1829.92626953125 1974.22766113281 2124.68017578125 2321.02075195312 2492.837890625 2777.90502929688 2988.7001953125 3012.67260742188 3001.74145507812 3013.83422851562 3007.25146484375 3000.59106445312 2992.39453125 2982.41455078125 2976.66186523438 2980.34619140625 2999.98852539062
1900.32043457031 1960.50024414062 2057.41455078125 2092.68188476562 2048.36547851562 2147.16235351562 2193.31616210938 2135.27319335938 2114.44677734375 2081.71118164062 2057.00024414062 2020.40490722656 1884.37646484375 1753.03430175781 1812.31884765625 1852.65124511719 1717.15344238281 1717.19970703125 1771.11193847656 1801.33532714844 1837.57373046875 1879.47314453125 1750.31567382812 1724.0703125 1844.81994628906 1833.19567871094 1686.58166503906 1559.39184570312 1599.80822753906 1563.63537597656 1760.0087890625 1921.80786132812 2031.57629394531 2167.36889648438 2311.69482421875 2606.54809570312 2924.20678710938 2984.20727539062 2974.74145507812 2984.84326171875 2990.87280273438 2989.400390625 2985.59326171875 2979.162109375 2972.12182617188 2980.30297851562 2996.0068359375
1978.86315917969 2064.55541992188 2185.96923828125 2212.6796875 2183.51879882812 2076.15747070312 2057.06860351562 2091.6083984375 2105.67749023438 2083.68896484375 2080.25317382812 2008.85107421875 1920.95812988281 1899.04443359375 1891.70422363281 1825.74816894531 1648.86291503906 1615.30651855469 1685.77160644531 1753.19506835938 1748.95751953125 1866.70910644531 1827.97045898438 1698.59411621094 1861.45654296875 1913.89880371094 1829.78271484375 1715.54809570312 1673.92199707031 1548.20397949219 1730.66027832031 1889.74914550781 2001.26025390625 2120.96801757812 2261.63354492188 2454.74853515625 2776.7451171875 2929.73681640625 2942.17602539062 2933.74267578125 2961.94458007812 2978.39624023438 2984.83227539062 2972.85083007812 2966.87915039062 2975.65991210938 2985.90112304688
2061.42260742188 2113.0625 2199.72045898438 2153.30004882812 2070.15307617188 2022.30651855469 2021.60681152344 2104.880859375 2103.9130859375 2111.47680664062 2087.31469726562 1999.10998535156 1975.05444335938 1939.89575195312 1927.56286621094 1859.76196289062 1693.37683105469 1675.42333984375 1807.49719238281 1900.59826660156 1914.69714355469 1959.86096191406 1852.64440917969 1724.57495117188 1859.68884277344 2037.02416992188 1986.93676757812 1782.41052246094 1718.00793457031 1741.55517578125 1836.9521484375 1868.0146484375 1943.845703125 2177.74926757812 2339.27734375 2364.35424804688 2586.0849609375 2859.10766601562 2906.07983398438 2893.61206054688 2915.83178710938 2960.01782226562 2979.82104492188 2965.73193359375 2951.9208984375 2959.69287109375 2971.17309570312
2088.04174804688 2205.64135742188 2209.51196289062 2097.90502929688 1976.84509277344 1952.57067871094 2039.53332519531 2111.6474609375 2125.404296875 2132.75170898438 2090.81958007812 2053.44897460938 2058.18090820312 2018.99768066406 1965.3203125 1873.11242675781 1766.25122070312 1730.79382324219 1741.87268066406 1828.90344238281 1870.76281738281 1909.18798828125 1948.29907226562 1812.19030761719 1690.56030273438 1831.58605957031 2061.716796875 2137.20361328125 2173.16528320312 2219.08129882812 2198.54858398438 2070.74584960938 2031.63134765625 2156.03759765625 2371.97998046875 2435.06689453125 2507.79638671875 2689.30493164062 2865.4228515625 2876.29077148438 2894.73022460938 2937.08618164062 2961.76489257812 2954.26220703125 2942.884765625 2950.7138671875 2962.0361328125
2195.72973632812 2278.51318359375 2182.37548828125 2039.50317382812 1976.462890625 1959.3603515625 2058.45678710938 2117.13403320312 2140.34619140625 2144.06665039062 2120.9208984375 2105.07177734375 2070.43212890625 2040.10693359375 1993.96301269531 1916.36572265625 1827.74963378906 1723.17443847656 1705.68725585938 1723.63244628906 1789.07336425781 1861.61206054688 1935.53015136719 1917.65148925781 1848.55737304688 1890.97497558594 2104.4345703125 2295.5234375 2362.66967773438 2455.44409179688 2495.39013671875 2335.52124023438 2101.4287109375 2180.61474609375 2417.67700195312 2555.75561523438 2635.41333007812 2722.40209960938 2789.54174804688 2834.45068359375 2882.08032226562 2914.16162109375 2924.67724609375 2922.78295898438 2923.44189453125 2932.3349609375 2952.02905273438
2448.9267578125 2355.61059570312 2156.87524414062 2034.205078125 2012.65625 1996.54223632812 2078.96533203125 2128.48413085938 2145.52563476562 2151.35546875 2133.376953125 2082.291015625 2011.07080078125 1996.15710449219 1970.96374511719 1904.404296875 1842.07385253906 1786.02172851562 1755.76330566406 1661.7568359375 1685.31518554688 1761.73498535156 1856.59985351562 1941.76245117188 1957.37817382812 1956.95861816406 1949.74487304688 2018.92822265625 2055.82299804688 2232.02905273438 2461.61865234375 2516.2783203125 2366.880859375 2415.60546875 2564.09594726562 2651.9814453125 2664.56713867188 2694.18115234375 2761.56640625 2816.80224609375 2863.68920898438 2877.14721679688 2888.04663085938 2908.13720703125 2886.5546875 2881.85400390625 2887.78515625
2537.55126953125 2433.51611328125 2219.40844726562 2078.76000976562 2048.82885742188 2031.64147949219 2108.95483398438 2154.93408203125 2162.43725585938 2158.75732421875 2116.98657226562 2036.32470703125 1969.16320800781 1963.86633300781 1919.16650390625 1884.48767089844 1906.67443847656 1877.75134277344 1810.01733398438 1704.33935546875 1713.00378417969 1768.46716308594 1826.7275390625 1940.90954589844 1944.02856445312 1836.67211914062 1716.72058105469 1741.96154785156 1849.83862304688 2058.16918945312 2293.73657226562 2512.89282226562 2539.59204101562 2565.78076171875 2603.55712890625 2612.13110351562 2637.55346679688 2667.17578125 2699.90942382812 2769.30908203125 2844.83959960938 2855.9326171875 2871.27124023438 2888.67895507812 2851.33227539062 2841.63696289062 2855.90600585938
2322.759765625 2401.6025390625 2314.02490234375 2152.88623046875 2111.19555664062 2078.7705078125 2150.03540039062 2185.94677734375 2175.76293945312 2143.7802734375 2082.55004882812 2025.84594726562 1993.30432128906 1978.63061523438 1919.99145507812 1937.48352050781 2010.78857421875 1944.17993164062 1866.35314941406 1806.32971191406 1808.935546875 1851.5673828125 1842.21813964844 1942.35009765625 1897.4208984375 1718.59399414062 1599.71447753906 1597.03137207031 1739.89465332031 1962.47473144531 2118.8974609375 2339.70629882812 2456.35815429688 2482.31225585938 2501.64306640625 2530.2119140625 2577.89501953125 2594.62158203125 2583.693359375 2719.50561523438 2826.09008789062 2841.68579101562 2858.5146484375 2857.54711914062 2828.69750976562 2817.14526367188 2815.40356445312
2233.17993164062 2202.73706054688 2244.03271484375 2232.22998046875 2200.27197265625 2149.37915039062 2192.0888671875 2190.93310546875 2149.84130859375 2097.70727539062 2056.09057617188 2048.30224609375 2047.20288085938 2014.5283203125 2003.11315917969 2047.47692871094 2056.86645507812 1994.17614746094 1960.05432128906 1901.70556640625 1870.85144042969 1897.84191894531 1856.43383789062 1940.46716308594 1867.42504882812 1694.23657226562 1595.86584472656 1524.10302734375 1552.271484375 1740.060546875 1934.38818359375 2112.88916015625 2235.42163085938 2300.75317382812 2377.29370117188 2497.78979492188 2562.55981445312 2593.26147460938 2589.38793945312 2735.03198242188 2812.83276367188 2827.10717773438 2838.78759765625 2829.86572265625 2815.58447265625 2803.451171875 2776.83813476562
2217.15161132812 2191.724609375 2141.84643554688 2137.56689453125 2153.38623046875 2211.04028320312 2198.27270507812 2160.95922851562 2136.16186523438 2103.69067382812 2093.47509765625 2095.79028320312 2089.09619140625 2073.06103515625 2069.2421875 2094.7890625 2077.24243164062 2041.4326171875 2025.634765625 1995.11267089844 1984.18835449219 1943.71545410156 1885.91003417969 1952.69702148438 1838.05651855469 1606.66711425781 1521.86706542969 1488.79699707031 1406.59143066406 1500.83898925781 1791.04760742188 1988.95202636719 2095.544921875 2214.98291015625 2343.77221679688 2516.12158203125 2619.880859375 2700.64282226562 2735.09790039062 2791.39331054688 2806.04321289062 2815.2294921875 2819.18994140625 2814.23071289062 2808.29028320312 2797.07495117188 2753.01684570312
2089.87866210938 2159.39233398438 2192.84838867188 2214.02319335938 2169.13891601562 2148.66284179688 2165.73022460938 2153.2275390625 2141.66943359375 2129.00830078125 2110.0966796875 2096.4150390625 2094.50024414062 2116.02758789062 2119.93115234375 2132.05493164062 2103.84545898438 2083.07470703125 2062.80908203125 2030.34460449219 2004.75927734375 1945.42468261719 1906.37854003906 1981.02282714844 1872.72229003906 1634.07653808594 1425.703125 1398.57678222656 1437.96057128906 1650.86437988281 1847.4921875 2031.58776855469 2093.11840820312 2217.91918945312 2390.107421875 2543.9619140625 2651.52221679688 2718.36547851562 2766.01831054688 2786.94677734375 2797.98754882812 2808.0947265625 2808.16674804688 2805.37939453125 2803.896484375 2793.74438476562 2748.32983398438
2024.28112792969 2085.79248046875 2130.26538085938 2180.27978515625 2150.7666015625 2127.07934570312 2122.62475585938 2131.6904296875 2158.78491210938 2151.93041992188 2137.19140625 2121.83642578125 2120.10498046875 2133.03002929688 2153.69995117188 2164.0869140625 2150.15869140625 2109.59057617188 2084.50830078125 2072.580078125 2027.02026367188 1962.85473632812 1997.5400390625 2013.48266601562 1924.029296875 1764.38330078125 1611.02502441406 1492.83703613281 1518.52453613281 1579.08801269531 1619.1494140625 1914.52355957031 2154.787109375 2314.00048828125 2459.48657226562 2559.91333007812 2616.70434570312 2697.72314453125 2755.52758789062 2776.37231445312 2787.94213867188 2794.79296875 2794.90087890625 2800.40673828125 2795.4873046875 2782.759765625 2770.64868164062
