Dropbox/GRP Data/GRP mammal paper/NN_analysis/DATA/2014 input files/yo_demsrtm30.asc
ncols         185
nrows         115
xllcorner     -70092.730032835
yllcorner     -76811.53128703
cellsize      1000
NODATA_value  -9999
[rows 76 to 113 of 115, columns 0 to 85 of 185]
-9999 46 44 44 52 48 50 54 58 64 67 67 67 65 72 79 89 89 92 82 92 96 87 85 100 100 94 87 81 105 125 170 213 242 256 296 302 304 325 340 297 319 364 337 407 411 390 339 286 270 291 442 598 578 537 663 924 1025 1044 998 786 645 713 824 865 696 540 697 836 926 900 906 919 943 994 942 661 603 649 671 883 892 881 763 622 686
-9999 43 47 48 50 56 62 61 60 62 65 64 65 71 70 79 84 90 86 77 84 84 76 78 92 112 85 68 70 87 98 130 181 192 196 275 274 311 374 375 331 323 346 314 291 332 364 293 302 332 354 345 494 543 471 599 717 873 988 1066 944 737 639 632 729 616 602 721 812 871 844 882 909 924 968 946 634 674 614 725 682 603 602 574 718 836
43 45 49 50 55 58 61 62 58 58 60 64 67 66 71 76 75 78 78 70 76 79 76 80 93 103 79 91 91 101 128 137 142 155 165 215 255 274 326 376 356 337 342 313 268 317 325 346 393 478 523 419 342 373 386 498 589 729 792 894 874 821 727 624 558 526 699 816 803 838 871 864 875 899 943 973 788 623 705 552 626 861 801 771 957 1092
47 49 50 50 52 57 56 52 44 46 44 51 58 59 64 64 64 63 66 70 75 79 76 80 85 83 68 85 116 130 160 189 196 163 158 168 189 222 264 300 345 339 339 319 280 344 405 424 493 664 679 600 513 373 333 422 501 674 678 778 831 772 740 729 680 515 679 800 781 871 905 895 897 903 869 827 584 688 1002 795 576 857 850 728 1097 1301
47 46 46 46 48 49 51 39 40 49 42 42 42 40 42 46 48 50 53 56 65 69 73 64 72 61 69 87 106 128 170 213 218 216 175 171 180 196 224 256 322 345 381 336 285 277 369 458 542 623 653 715 615 466 372 333 510 632 667 605 668 710 675 677 630 531 677 762 715 778 863 895 923 843 714 547 597 674 963 1008 692 622 628 572 857 1285
39 38 47 53 54 54 55 50 55 65 63 59 59 51 48 52 63 73 67 64 65 64 66 63 65 80 87 99 111 119 136 154 184 208 200 174 172 184 184 225 276 349 422 403 315 271 325 457 488 526 539 670 733 653 483 343 412 530 598 553 541 590 604 677 515 548 642 613 527 716 822 872 923 717 528 612 813 931 864 1120 1066 1037 900 639 842 938
36 43 51 52 52 53 54 55 60 69 67 64 67 60 63 66 71 79 71 70 77 78 81 83 77 84 92 103 106 112 121 120 146 175 192 171 172 179 175 226 259 300 356 418 381 277 276 374 419 453 493 593 725 800 635 457 382 366 463 461 468 476 565 656 439 500 530 462 484 715 764 806 850 598 711 863 889 1012 973 1110 1169 1152 981 808 690 730
46 49 49 49 51 53 53 54 59 66 70 71 72 64 62 67 74 79 70 69 72 74 83 88 80 91 97 96 98 107 115 110 112 124 146 153 172 181 166 202 250 298 338 384 398 272 263 293 346 412 528 572 633 727 777 650 514 370 341 357 374 425 538 574 422 576 736 684 513 498 616 703 662 544 771 954 984 984 1036 1079 1171 1103 1049 1064 896 701
48 48 48 48 50 52 53 56 57 63 69 76 73 67 62 66 72 80 78 76 73 75 91 94 89 99 104 100 101 104 110 107 103 106 123 132 152 166 160 179 225 291 323 364 358 261 258 260 301 382 478 542 553 621 776 759 603 482 437 443 404 409 392 395 461 726 903 859 687 463 540 567 558 552 759 932 1044 1059 1034 1081 1166 1200 1195 1160 1007 795
-9999 47 47 48 50 52 54 61 59 65 71 79 76 70 65 64 71 77 83 83 82 79 91 97 94 97 103 105 107 99 101 103 98 102 113 117 127 140 148 157 205 277 315 332 283 235 258 262 291 365 397 466 483 559 653 738 709 566 539 680 690 656 550 412 466 663 780 811 715 532 541 552 703 575 703 912 1091 1144 1082 1113 1144 1239 1205 1188 1110 964
-9999 46 47 48 50 56 56 63 66 69 75 81 80 76 70 69 68 73 80 88 88 85 91 98 98 96 96 101 104 97 96 100 94 98 104 108 116 126 135 148 198 264 306 322 238 221 302 283 274 315 345 401 466 513 544 653 795 675 635 742 869 921 785 556 448 478 544 598 703 713 705 745 774 667 714 930 1085 1076 1085 1184 1180 1265 1195 1211 1262 1026
-9999 45 47 48 49 56 59 64 73 72 78 81 82 81 75 78 74 74 78 89 89 89 93 93 94 93 89 94 99 93 91 93 91 96 103 106 113 124 137 148 189 242 282 322 253 233 328 341 295 313 343 446 477 577 584 633 794 721 660 672 764 957 965 728 593 559 568 578 631 727 794 844 861 796 755 844 969 1009 1074 1225 1266 1298 1209 1183 1188 973
-9999 43 46 46 50 54 59 66 73 75 75 77 78 81 81 85 81 79 89 93 87 89 90 87 83 85 83 88 90 85 85 88 91 98 107 111 111 121 134 144 177 238 261 303 284 218 310 374 325 346 376 455 466 551 621 682 834 784 686 635 664 862 1098 1023 815 777 789 769 733 767 840 846 865 858 792 780 852 968 1062 1161 1279 1274 1187 1157 1106 1080
-9999 -9999 45 46 49 54 61 67 71 72 72 72 78 82 82 84 85 88 95 86 79 85 84 78 70 75 78 79 79 83 89 92 92 100 105 111 114 116 123 134 160 221 267 302 265 204 287 369 346 348 380 414 432 460 554 715 852 868 773 634 620 728 957 1137 1008 908 1039 894 831 847 943 939 908 950 976 819 807 919 1024 1058 1208 1229 1182 1120 1153 1236
-9999 -9999 42 45 49 54 61 66 68 68 69 72 78 77 77 78 83 86 87 81 80 79 82 75 77 86 89 91 88 91 99 95 94 99 109 114 120 119 122 131 149 198 235 282 279 189 275 337 342 331 354 376 401 428 507 656 747 791 842 670 602 624 749 1045 1105 956 1089 993 902 967 922 964 992 1019 1024 895 819 876 967 1012 1174 1170 1177 1136 1170 1297
-9999 -9999 -9999 45 49 55 61 64 64 66 70 74 78 74 73 79 83 85 79 73 72 74 72 66 74 84 89 94 95 96 103 104 101 114 125 129 137 124 125 134 147 157 197 239 252 200 258 328 323 309 320 349 385 474 477 581 694 670 749 697 602 583 667 956 1157 994 1110 1177 1011 998 996 955 984 987 993 952 875 867 970 1047 1117 1193 1134 1148 1111 1272
-9999 -9999 -9999 47 50 55 57 60 63 65 68 72 74 70 74 77 79 78 74 66 70 66 71 80 83 89 92 93 96 97 91 87 90 97 104 104 109 112 115 119 126 129 156 174 179 188 247 326 298 301 324 335 363 437 452 506 660 622 600 647 600 575 595 762 981 973 1083 1107 1040 861 957 981 946 934 933 938 913 893 947 992 1002 1210 1182 1094 1073 1167
-9999 -9999 -9999 -9999 53 55 56 62 66 67 65 68 69 68 72 76 76 73 66 65 62 72 81 83 85 86 88 85 86 85 80 82 87 88 91 94 98 104 105 108 110 122 128 135 156 210 262 312 284 307 323 340 352 380 411 462 569 580 576 642 584 575 568 619 718 777 899 855 869 800 805 901 887 869 887 917 913 935 1002 946 918 1092 1184 1043 1009 1068
-9999 -9999 -9999 -9999 -9999 59 60 64 66 65 63 65 66 68 73 77 74 66 62 68 73 77 77 73 71 69 72 72 75 77 79 83 90 92 94 96 103 110 105 108 117 140 141 152 181 239 295 308 286 326 334 349 357 366 393 433 483 499 541 596 576 546 597 626 638 673 697 702 738 789 741 782 807 790 871 937 960 953 923 862 868 918 932 931 1000 1025
-9999 -9999 -9999 -9999 -9999 -9999 59 60 60 59 59 60 63 66 70 72 67 60 67 75 73 67 62 61 62 65 68 71 72 79 83 88 93 97 101 105 116 128 120 119 125 132 147 183 190 249 284 294 274 284 318 330 349 357 373 383 413 430 467 516 519 538 602 624 661 681 664 658 685 743 745 690 720 745 808 903 934 873 841 819 830 830 846 923 1004 994
-9999 -9999 -9999 -9999 -9999 -9999 51 52 54 54 56 59 62 66 69 69 65 61 70 72 62 56 58 61 63 65 67 69 75 88 96 96 99 109 110 113 123 137 141 128 134 138 150 184 193 243 265 289 261 285 299 310 331 344 349 350 364 379 443 475 464 509 595 649 690 682 669 651 648 691 748 683 649 705 768 887 905 833 787 780 777 777 839 889 1000 974
-9999 -9999 -9999 -9999 -9999 -9999 -9999 50 51 53 56 59 62 67 69 68 61 64 67 62 54 54 56 59 62 64 65 73 85 90 95 99 107 121 130 137 147 163 166 147 156 151 152 167 177 205 242 278 262 317 325 311 324 328 324 318 346 366 430 445 454 519 579 667 698 661 644 645 645 657 707 717 677 642 717 874 896 816 765 751 730 758 800 841 929 948
-9999 -9999 -9999 -9999 -9999 -9999 -9999 -9999 51 54 58 61 63 62 65 66 58 58 55 52 52 54 56 58 60 63 71 82 87 85 89 97 106 120 138 160 183 198 194 165 174 161 159 166 161 174 212 235 283 336 355 343 329 309 308 295 334 364 411 404 406 460 546 691 751 693 630 611 649 646 691 692 724 647 638 770 848 812 755 730 702 733 768 803 856 934
-9999 -9999 -9999 -9999 -9999 -9999 -9999 -9999 50 53 57 59 58 60 63 57 48 48 49 51 53 60 63 67 69 74 80 84 82 88 98 102 115 133 150 178 205 209 194 169 169 163 160 165 154 155 181 229 291 324 341 368 340 294 294 284 342 368 376 387 400 473 560 656 769 725 670 589 596 617 644 636 663 638 588 661 768 788 739 705 681 711 757 747 839 938
-9999 -9999 -9999 -9999 -9999 -9999 -9999 -9999 -9999 52 53 56 57 58 58 51 45 49 54 62 63 68 71 74 74 76 81 83 85 95 113 118 136 160 178 190 207 197 171 161 157 159 154 152 149 142 163 215 264 301 326 361 345 286 291 281 389 431 363 379 404 484 537 579 733 736 642 552 531 548 558 567 580 599 558 601 658 733 730 679 680 721 727 714 808 910
-9999 -9999 -9999 -9999 -9999 -9999 -9999 -9999 -9999 -9999 54 55 51 45 43 43 44 59 62 66 69 73 72 72 79 83 92 102 104 113 132 139 150 170 175 179 192 186 154 143 145 152 148 139 139 137 146 188 244 276 311 335 324 279 269 278 452 547 407 397 408 451 480 520 663 786 683 618 512 500 499 507 531 586 553 582 652 698 701 646 696 711 694 731 822 867
-9999 -9999 -9999 -9999 -9999 -9999 -9999 -9999 -9999 -9999 -9999 44 40 40 41 43 51 60 64 69 71 69 70 70 75 78 88 99 114 126 131 133 149 164 151 160 180 170 145 130 136 145 141 139 131 130 143 172 217 255 307 330 314 295 252 276 427 554 492 424 426 430 444 480 580 749 771 694 548 482 481 480 488 504 512 579 676 685 629 604 618 646 661 737 843 838
-9999 -9999 -9999 -9999 -9999 -9999 -9999 -9999 -9999 -9999 -9999 42 47 50 47 54 60 62 67 69 68 67 68 68 70 78 83 94 109 112 114 133 150 136 135 146 159 150 134 127 130 132 132 131 127 124 134 138 168 230 294 328 313 281 235 247 328 467 507 416 402 404 419 450 549 724 765 724 653 497 476 465 460 482 502 552 633 685 646 577 548 584 607 672 766 803
-9999 -9999 -9999 -9999 -9999 -9999 -9999 -9999 -9999 -9999 -9999 -9999 55 56 58 60 61 63 65 69 69 77 75 71 74 84 88 89 89 91 107 129 125 117 127 143 151 131 122 117 123 126 123 121 116 118 118 123 161 228 242 290 319 299 239 235 292 367 411 385 374 375 398 428 510 685 764 729 618 530 484 464 445 479 539 585 656 641 656 625 551 534 555 617 709 715
-9999 -9999 -9999 -9999 -9999 -9999 -9999 -9999 -9999 -9999 -9999 -9999 -9999 56 57 59 62 63 64 66 69 70 71 73 74 76 74 74 78 79 90 102 101 110 130 145 148 121 109 109 114 116 117 111 109 117 126 121 143 179 206 254 284 288 239 235 292 324 340 350 358 367 380 404 510 574 640 714 610 464 460 473 480 548 648 714 648 627 611 580 582 553 537 615 665 638
-9999 -9999 -9999 -9999 -9999 -9999 -9999 -9999 -9999 -9999 -9999 -9999 -9999 -9999 56 58 60 62 62 62 66 66 62 65 67 69 68 68 72 74 79 86 96 113 124 141 133 116 102 109 114 106 111 104 103 101 105 116 142 162 185 197 216 221 265 252 257 301 311 325 376 393 395 410 463 480 549 564 552 438 520 580 553 531 641 695 593 604 616 549 532 520 582 610 593 626
-9999 -9999 -9999 -9999 -9999 -9999 -9999 -9999 -9999 -9999 -9999 -9999 -9999 -9999 -9999 56 58 60 59 60 60 60 59 61 63 65 66 64 66 69 77 86 89 97 113 125 115 103 98 102 106 101 100 98 95 97 105 114 141 168 188 163 164 219 247 232 248 274 297 295 340 385 388 382 420 421 415 473 478 434 600 668 571 568 657 615 549 588 560 532 515 532 539 578 535 647
-9999 -9999 -9999 -9999 -9999 -9999 -9999 -9999 -9999 -9999 -9999 -9999 -9999 -9999 -9999 -9999 -9999 58 57 57 57 58 58 60 61 61 61 59 61 66 76 81 81 89 101 110 103 93 95 101 108 100 95 94 94 93 99 106 142 168 182 159 175 200 211 210 229 255 267 289 350 387 375 343 346 363 359 405 468 501 608 672 590 623 688 607 521 548 532 539 521 485 473 584 509 615
-9999 -9999 -9999 -9999 -9999 -9999 -9999 -9999 -9999 -9999 -9999 -9999 -9999 -9999 -9999 -9999 -9999 -9999 -9999 56 56 57 57 59 59 58 59 58 59 64 71 76 80 83 92 94 91 88 94 99 107 100 92 92 93 90 94 104 123 143 152 148 174 194 191 205 224 239 263 303 332 348 355 321 301 369 430 479 538 561 575 635 625 634 653 572 497 513 513 502 510 462 429 555 499 562
-9999 -9999 -9999 -9999 -9999 -9999 -9999 -9999 -9999 -9999 -9999 -9999 -9999 -9999 -9999 -9999 -9999 -9999 -9999 -9999 -9999 55 55 56 56 56 56 57 57 62 66 72 73 77 86 84 79 82 89 93 102 98 88 88 85 89 98 105 115 127 136 146 158 165 174 211 226 227 252 289 291 292 295 284 309 433 472 491 483 507 526 570 592 620 622 529 477 491 488 463 491 479 416 454 452 468
-9999 -9999 -9999 -9999 -9999 -9999 -9999 -9999 -9999 -9999 -9999 -9999 -9999 -9999 -9999 -9999 -9999 -9999 -9999 -9999 -9999 -9999 -9999 54 54 55 55 56 56 61 65 67 66 72 78 79 73 78 81 86 97 92 83 83 86 94 101 101 103 121 136 144 142 151 170 197 201 224 230 268 253 244 253 264 306 391 416 432 429 436 473 511 574 583 598 531 468 457 453 432 445 465 426 -9999 -9999 -9999
-9999 -9999 -9999 -9999 -9999 -9999 -9999 -9999 -9999 -9999 -9999 -9999 -9999 -9999 -9999 -9999 -9999 -9999 -9999 -9999 -9999 -9999 -9999 -9999 -9999 -9999 54 55 55 60 61 63 62 65 70 71 68 75 75 79 89 85 78 83 89 90 94 97 100 110 121 128 137 152 171 179 197 234 216 234 219 222 257 290 309 339 364 393 417 420 426 471 544 545 581 526 482 440 -9999 -9999 -9999 -9999 -9999 -9999 -9999 -9999
-9999 -9999 -9999 -9999 -9999 -9999 -9999 -9999 -9999 -9999 -9999 -9999 -9999 -9999 -9999 -9999 -9999 -9999 -9999 -9999 -9999 -9999 -9999 -9999 -9999 -9999 -9999 -9999 -9999 -9999 59 60 60 62 63 65 65 69 76 79 85 80 76 80 85 88 92 95 97 100 112 123 145 158 161 160 199 223 209 194 210 235 260 292 306 311 328 366 408 412 398 438 467 500 -9999 -9999 -9999 -9999 -9999 -9999 -9999 -9999 -9999 -9999 -9999 -9999
