Dropbox/GRP Data/GRP mammal paper/NN_analysis/DATA/2014 input files/yo_demsrtm30.asc
ncols         185
nrows         115
xllcorner     -70092.730032835
yllcorner     -76811.53128703
cellsize      1000
NODATA_value  -9999
[rows 0 to 37 of 115, columns 86 to 171 of 185]
-9999 -9999 -9999 -9999 -9999 -9999 -9999 -9999 -9999 -9999 -9999 -9999 -9999 -9999 -9999 -9999 -9999 3050 2989 2873 2804 2725 -9999 -9999 -9999 -9999 -9999 -9999 -9999 -9999 -9999 -9999 -9999 -9999 -9999 -9999 -9999 -9999 -9999 -9999 -9999 -9999 -9999 -9999 -9999 -9999 -9999 -9999 -9999 -9999 -9999 -9999 -9999 -9999 -9999 -9999 -9999 -9999 -9999 -9999 -9999 -9999 -9999 -9999 -9999 -9999 -9999 -9999 -9999 -9999 -9999 -9999 -9999 -9999 -9999 -9999 -9999 -9999 -9999 -9999 -9999 -9999 -9999 -9999 -9999 -9999
-9999 -9999 -9999 -9999 -9999 -9999 -9999 -9999 -9999 -9999 -9999 -9999 -9999 3032 3051 3133 3191 3086 2994 2925 2837 2697 2498 2258 2110 2075 -9999 -9999 -9999 -9999 -9999 -9999 -9999 -9999 -9999 -9999 -9999 -9999 -9999 -9999 -9999 -9999 -9999 -9999 -9999 -9999 -9999 -9999 -9999 -9999 -9999 -9999 -9999 -9999 -9999 -9999 -9999 -9999 -9999 -9999 -9999 -9999 -9999 -9999 -9999 -9999 -9999 -9999 -9999 -9999 -9999 -9999 -9999 -9999 -9999 -9999 -9999 -9999 -9999 -9999 -9999 -9999 -9999 -9999 -9999 -9999
-9999 -9999 -9999 -9999 -9999 -9999 -9999 -9999 -9999 -9999 -9999 2931 2952 2987 2906 2950 2983 2990 2940 2891 2816 2693 2397 2186 2103 2114 2191 2213 2229 -9999 -9999 -9999 -9999 -9999 -9999 -9999 -9999 -9999 -9999 -9999 -9999 -9999 -9999 -9999 -9999 -9999 -9999 -9999 -9999 -9999 -9999 -9999 -9999 -9999 -9999 -9999 -9999 -9999 -9999 -9999 -9999 -9999 -9999 -9999 -9999 -9999 -9999 -9999 -9999 -9999 -9999 -9999 -9999 -9999 -9999 -9999 -9999 -9999 -9999 -9999 -9999 -9999 -9999 -9999 -9999 -9999
-9999 -9999 -9999 -9999 -9999 -9999 -9999 -9999 -9999 2621 2628 2726 2904 2898 2915 2945 2856 2822 2871 2844 2778 2622 2342 2229 2143 2165 2274 2421 2419 2315 2237 -9999 -9999 -9999 -9999 -9999 -9999 -9999 -9999 -9999 -9999 -9999 -9999 -9999 -9999 -9999 -9999 -9999 -9999 -9999 -9999 -9999 -9999 -9999 -9999 -9999 -9999 -9999 -9999 -9999 -9999 -9999 -9999 -9999 -9999 -9999 -9999 -9999 -9999 -9999 -9999 -9999 -9999 -9999 -9999 -9999 -9999 -9999 -9999 -9999 -9999 -9999 -9999 -9999 -9999 -9999
-9999 -9999 -9999 -9999 -9999 -9999 -9999 2366 2374 2449 2582 2688 2700 2809 3083 3097 2935 2783 2762 2768 2771 2566 2306 2234 2224 2221 2461 2665 2596 2459 2289 2229 2255 2327 -9999 -9999 -9999 -9999 -9999 -9999 -9999 -9999 -9999 -9999 -9999 -9999 -9999 -9999 -9999 -9999 -9999 -9999 -9999 -9999 -9999 -9999 -9999 -9999 -9999 -9999 -9999 -9999 -9999 -9999 -9999 -9999 -9999 -9999 -9999 -9999 -9999 -9999 -9999 -9999 -9999 -9999 -9999 -9999 -9999 -9999 -9999 -9999 -9999 -9999 -9999 -9999
-9999 -9999 -9999 -9999 -9999 -9999 2044 2231 2448 2669 2917 2920 3007 2890 3128 3159 2944 2787 2723 2659 2583 2595 2354 2221 2278 2255 2599 2834 2763 2556 2350 2269 2333 2424 2466 2496 -9999 -9999 -9999 -9999 -9999 -9999 -9999 -9999 -9999 -9999 -9999 -9999 -9999 -9999 -9999 -9999 -9999 -9999 -9999 -9999 -9999 -9999 -9999 -9999 -9999 -9999 -9999 -9999 -9999 -9999 -9999 -9999 -9999 -9999 -9999 -9999 -9999 -9999 -9999 -9999 -9999 -9999 -9999 -9999 -9999 -9999 -9999 -9999 -9999 -9999
-9999 -9999 -9999 -9999 -9999 2276 2054 2274 2576 2818 2969 3063 3169 3043 3153 3177 2998 2951 2805 2662 2723 2795 2437 2250 2285 2353 2714 2928 2809 2608 2437 2353 2395 2504 2547 2532 2547 2596 2590 -9999 -9999 -9999 -9999 -9999 -9999 -9999 -9999 -9999 -9999 -9999 -9999 -9999 -9999 -9999 -9999 -9999 -9999 -9999 -9999 -9999 -9999 -9999 -9999 -9999 -9999 -9999 -9999 -9999 -9999 -9999 -9999 -9999 -9999 -9999 -9999 -9999 -9999 -9999 -9999 -9999 -9999 -9999 -9999 -9999 -9999 -9999
-9999 -9999 -9999 2602 2493 2397 2158 2159 2432 2568 2644 2953 3149 3197 3247 3210 3084 2942 2735 2814 2927 2890 2574 2279 2332 2548 2889 2940 2818 2667 2566 2442 2440 2491 2547 2616 2689 2733 2658 2555 2571 2483 -9999 -9999 -9999 -9999 -9999 -9999 -9999 -9999 -9999 -9999 -9999 -9999 -9999 -9999 -9999 -9999 -9999 -9999 -9999 -9999 -9999 -9999 -9999 -9999 -9999 -9999 -9999 -9999 -9999 -9999 -9999 -9999 -9999 -9999 -9999 -9999 -9999 -9999 -9999 -9999 -9999 -9999 -9999 -9999
-9999 -9999 2692 2692 2565 2418 2277 2214 2419 2463 2444 2575 2835 3159 3269 3206 3002 2872 2832 2998 2996 2868 2649 2311 2350 2645 2946 2982 2906 2839 2723 2505 2520 2519 2590 2690 2816 2852 2704 2666 2585 2504 2388 2269 -9999 -9999 -9999 -9999 -9999 -9999 -9999 -9999 -9999 -9999 -9999 -9999 -9999 -9999 -9999 -9999 -9999 -9999 -9999 -9999 -9999 -9999 -9999 -9999 -9999 -9999 -9999 -9999 -9999 -9999 -9999 -9999 -9999 -9999 -9999 -9999 -9999 -9999 -9999 -9999 -9999 -9999
2445 2440 2604 2750 2614 2450 2281 2322 2671 2770 2617 2445 2536 2760 2951 3134 3082 2948 2990 3070 2960 2896 2637 2349 2353 2590 2902 3089 3065 3031 2829 2539 2590 2597 2667 2785 2905 2901 2815 2754 2592 2471 2409 2324 2203 2081 2005 -9999 -9999 -9999 -9999 -9999 -9999 -9999 -9999 -9999 -9999 -9999 -9999 -9999 -9999 -9999 -9999 -9999 -9999 -9999 -9999 -9999 -9999 -9999 -9999 -9999 -9999 -9999 -9999 -9999 -9999 -9999 -9999 -9999 -9999 -9999 -9999 -9999 -9999 -9999
2615 2486 2526 2719 2649 2506 2271 2412 2729 2961 2866 2572 2449 2488 2589 2892 3084 3082 3091 3068 2973 2854 2599 2428 2399 2573 2914 3113 3114 3073 2813 2586 2684 2676 2752 2898 2978 2950 2889 2739 2602 2474 2416 2353 2209 2052 1994 1981 1977 -9999 -9999 -9999 -9999 -9999 -9999 -9999 -9999 -9999 -9999 -9999 -9999 -9999 -9999 -9999 -9999 -9999 -9999 -9999 -9999 -9999 -9999 -9999 -9999 -9999 -9999 -9999 -9999 -9999 -9999 -9999 -9999 -9999 -9999 -9999 -9999 -9999
2790 2673 2568 2640 2637 2479 2317 2416 2692 2883 2943 2673 2542 2672 2513 2664 3049 3093 2954 2889 2843 2680 2554 2520 2462 2625 2942 3099 2931 2825 2719 2788 2825 2740 2821 2938 2935 2866 2875 2739 2566 2462 2444 2372 2171 2015 1995 1988 1982 1978 1975 1974 -9999 -9999 -9999 -9999 -9999 -9999 -9999 -9999 -9999 -9999 -9999 -9999 -9999 -9999 -9999 -9999 -9999 -9999 -9999 -9999 -9999 -9999 -9999 -9999 -9999 -9999 -9999 -9999 -9999 -9999 -9999 -9999 -9999 -9999
2736 2761 2788 2735 2578 2448 2398 2423 2697 2857 3003 2729 2655 2913 2814 2649 2886 2969 2899 2900 2773 2604 2599 2519 2515 2749 3018 3007 2817 2878 2971 3094 2904 2801 2937 2922 2772 2733 2767 2623 2442 2397 2349 2262 2092 2013 2003 1995 1988 1981 1977 1977 2002 2073 -9999 -9999 -9999 -9999 -9999 -9999 -9999 -9999 -9999 -9999 -9999 -9999 -9999 -9999 -9999 -9999 -9999 -9999 -9999 -9999 -9999 -9999 -9999 -9999 -9999 -9999 -9999 -9999 -9999 -9999 -9999 -9999
2652 2712 2839 2758 2564 2501 2562 2564 2663 2984 3128 2916 2910 2994 2945 2767 2965 2988 3058 2904 2697 2617 2579 2504 2614 2849 2986 3023 2890 3240 3302 3237 2864 2946 2947 2725 2577 2496 2407 2299 2235 2210 2176 2113 2050 2021 2011 2001 1992 1984 1979 1982 2034 2127 2213 2274 2277 -9999 -9999 -9999 -9999 -9999 -9999 -9999 -9999 -9999 -9999 -9999 -9999 -9999 -9999 -9999 -9999 -9999 -9999 -9999 -9999 -9999 -9999 -9999 -9999 -9999 -9999 -9999 -9999 -9999
2712 2793 2846 2717 2676 2671 2764 2715 2623 2809 3028 3033 3063 3133 3038 2984 3114 3109 3028 2830 2670 2627 2545 2533 2720 2941 3070 3080 2886 3158 3352 3167 2880 3024 2899 2585 2336 2281 2335 2395 2381 2388 2311 2110 2040 2027 2014 2002 1993 1986 1980 1987 2029 2095 2183 2272 2301 2301 2348 -9999 -9999 -9999 -9999 -9999 -9999 -9999 -9999 -9999 -9999 -9999 -9999 -9999 -9999 -9999 -9999 -9999 -9999 -9999 -9999 -9999 -9999 -9999 -9999 -9999 -9999 -9999
2767 2777 2775 2724 2788 2852 2885 2859 2732 2721 2765 2818 2903 2995 3014 3095 3060 2977 2807 2771 2716 2649 2559 2577 2783 2919 3232 3158 2915 3166 3312 3013 3048 3120 2725 2392 2390 2601 2656 2615 2495 2521 2339 2084 2054 2033 2010 1999 1991 1986 1985 2001 2025 2095 2181 2272 2310 2258 2270 2353 2458 2556 -9999 -9999 -9999 -9999 -9999 -9999 -9999 -9999 -9999 -9999 -9999 -9999 -9999 -9999 -9999 -9999 -9999 -9999 -9999 -9999 -9999 -9999 -9999 -9999
2723 2731 2695 2742 2864 2975 3041 3018 2941 2945 2865 2848 2911 2963 2936 2970 2976 2964 2956 2875 2776 2711 2602 2548 2799 2859 3079 3268 2982 3085 3183 3089 3224 2902 2543 2369 2629 2817 2806 2643 2614 2599 2316 2098 2076 2013 2001 1994 1991 1990 1995 2025 2051 2135 2243 2330 2315 2278 2270 2340 2380 2465 2583 2638 -9999 -9999 -9999 -9999 -9999 -9999 -9999 -9999 -9999 -9999 -9999 -9999 -9999 -9999 -9999 -9999 -9999 -9999 -9999 -9999 -9999 -9999
2702 2685 2627 2695 2794 2859 2883 2915 2993 3019 2945 2914 2945 2959 2878 2925 2986 2948 2924 2865 2826 2762 2626 2570 2760 2916 2984 3281 3075 3151 3206 3172 3027 2662 2396 2532 2868 2975 2816 2715 2768 2569 2270 2133 2083 2001 1999 1993 1997 2001 2007 2028 2077 2153 2252 2325 2317 2297 2302 2352 2359 2400 2482 2518 2585 2613 2606 -9999 -9999 -9999 -9999 -9999 -9999 -9999 -9999 -9999 -9999 -9999 -9999 -9999 -9999 -9999 -9999 -9999 -9999 -9999
2621 2643 2608 2678 2732 2762 2804 2817 2843 2847 2900 2907 2892 3000 2898 2939 2951 2999 3037 3045 2958 2801 2764 2654 2614 2893 3038 3276 3237 3218 3187 2990 2638 2491 2520 2861 3066 3033 2855 2859 2841 2514 2217 2159 2132 2021 2056 2006 2011 2019 2028 2045 2080 2125 2215 2280 2315 2295 2307 2348 2368 2393 2444 2472 2513 2521 2510 2464 2550 -9999 -9999 -9999 -9999 -9999 -9999 -9999 -9999 -9999 -9999 -9999 -9999 -9999 -9999 -9999 -9999 -9999
2606 2652 2610 2668 2688 2742 2762 2763 2706 2795 2896 2824 2846 2901 2850 2859 2894 2996 3096 3080 2961 2878 2917 2848 2623 2770 3084 3116 3202 3189 3008 2707 2548 2672 2949 3257 3233 3007 2889 2982 2865 2521 2212 2184 2237 2122 2205 2125 2074 2063 2059 2081 2106 2127 2162 2210 2269 2282 2313 2348 2363 2385 2447 2463 2492 2479 2450 2400 2473 2524 2521 2584 -9999 -9999 -9999 -9999 -9999 -9999 -9999 -9999 -9999 -9999 -9999 -9999 -9999 -9999
2644 2586 2608 2681 2690 2689 2746 2679 2661 2791 2802 2756 2781 2803 2764 2799 2857 2943 3013 2961 2940 2967 2991 2939 2703 2720 3038 3058 2931 2863 2793 2704 2844 3051 3326 3393 3237 3051 3011 3007 2832 2487 2201 2215 2331 2262 2290 2297 2159 2095 2095 2128 2147 2160 2131 2163 2194 2260 2287 2329 2318 2384 2460 2458 2478 2460 2427 2390 2394 2391 2464 2485 2433 2416 2437 -9999 -9999 -9999 -9999 -9999 -9999 -9999 -9999 -9999 -9999 -9999
2588 2501 2616 2649 2641 2674 2662 2626 2687 2729 2763 2808 2764 2701 2764 2899 2975 2987 2852 2960 3055 3062 3078 2936 2756 2793 2954 3070 3009 2756 2748 2968 3187 3242 3352 3240 3085 3055 2982 2783 2583 2338 2202 2303 2330 2309 2292 2360 2231 2107 2149 2202 2201 2205 2152 2189 2213 2244 2253 2278 2310 2370 2434 2479 2493 2501 2438 2387 2359 2313 2332 2387 2431 2265 2196 2128 2104 -9999 -9999 -9999 -9999 -9999 -9999 -9999 -9999 -9999
2414 2470 2540 2578 2585 2610 2580 2595 2620 2675 2742 2765 2714 2621 2822 2924 3043 2947 2774 3005 3149 3181 3150 3041 2893 2867 2998 3155 3068 2865 2818 3113 3303 3071 2942 2834 2677 2640 2599 2435 2272 2236 2345 2446 2394 2347 2291 2296 2237 2160 2236 2287 2280 2268 2196 2220 2257 2278 2294 2300 2329 2413 2460 2576 2566 2590 2469 2391 2379 2320 2388 2416 2315 2204 2124 2088 2072 2073 2078 2078 -9999 -9999 -9999 -9999 -9999 -9999
2406 2483 2542 2557 2552 2559 2506 2471 2558 2603 2641 2639 2628 2640 2866 2978 3041 2824 2760 2956 3088 3194 3093 3245 3066 2993 3028 3143 3132 3096 2891 3015 3068 2686 2498 2446 2384 2285 2259 2248 2290 2422 2630 2650 2576 2475 2402 2318 2272 2267 2352 2379 2361 2306 2232 2267 2305 2324 2390 2383 2344 2429 2501 2605 2585 2550 2440 2360 2368 2326 2346 2344 2280 2207 2107 2065 2056 2058 2061 2066 2070 2088 -9999 -9999 -9999 -9999
2443 2501 2546 2553 2506 2495 2461 2491 2556 2509 2522 2620 2650 2720 2841 2997 2997 2735 2817 3045 3062 3044 3056 3180 3026 3110 3195 3120 3157 3092 2930 3024 2832 2658 2532 2707 2642 2481 2400 2491 2643 2755 2915 2840 2837 2713 2593 2527 2419 2420 2429 2401 2396 2324 2281 2324 2351 2357 2462 2497 2387 2341 2389 2491 2502 2458 2380 2328 2287 2253 2241 2153 2097 2078 2048 2039 2040 2042 2047 2053 2060 2065 2071 2077 2086 -9999
2421 2463 2486 2456 2418 2415 2513 2524 2486 2461 2597 2689 2777 2873 2865 2990 2846 2721 2911 3000 2900 2901 3110 2989 3054 3185 3151 3066 3073 2961 2993 2982 2691 2829 2771 3042 2869 2729 2581 2682 2809 3148 3167 2968 3056 3026 2871 2747 2560 2546 2436 2478 2423 2351 2348 2367 2431 2388 2465 2540 2510 2399 2297 2297 2364 2377 2339 2245 2180 2137 2126 2087 2045 2027 2022 2020 2023 2029 2034 2040 2046 2053 2061 2066 2074 2083
2321 2378 2393 2384 2355 2453 2520 2469 2455 2540 2598 2708 2809 2974 3016 2998 2748 2691 2856 2834 2855 3030 2997 2936 3102 3158 2966 3037 3014 2892 2928 2904 2796 2989 3008 3274 3037 2908 2679 2882 2725 3138 3311 3051 3249 3238 2979 2713 2567 2466 2516 2510 2454 2457 2397 2383 2468 2468 2475 2553 2563 2451 2309 2235 2205 2207 2187 2150 2119 2084 2063 2035 2012 2002 1998 1999 2006 2011 2018 2025 2033 2040 2048 2056 2064 2071
2351 2393 2406 2323 2413 2459 2452 2452 2532 2510 2601 2749 2820 2957 2989 2880 2678 2676 2819 2781 3009 3146 2803 2964 3123 3017 2968 3141 3049 2881 3025 3180 2943 3064 3190 3306 3188 3151 2846 2994 2887 2972 3291 3149 3294 3064 2640 2494 2536 2566 2566 2532 2514 2484 2412 2390 2524 2519 2490 2507 2520 2473 2345 2282 2229 2159 2115 2104 2086 2053 2026 2007 1992 1987 1985 1987 1991 1994 2000 2006 2016 2027 2036 2044 2052 2061
2195 2270 2243 2280 2362 2369 2442 2589 2512 2573 2686 2817 2930 2853 2886 2768 2585 2732 2751 2871 2949 2915 2760 2998 3061 2926 3151 3048 2921 2883 3112 3125 3105 3083 3134 3219 3305 3327 3143 3068 3078 3062 3340 3330 3181 2783 2564 2749 2801 2689 2646 2582 2556 2541 2463 2431 2496 2473 2456 2438 2401 2439 2362 2311 2255 2146 2070 2057 2043 2016 1996 1986 1979 1978 1978 1980 1981 1984 1989 1991 1998 2009 2022 2033 2042 2051
2324 2228 2270 2356 2383 2443 2533 2510 2417 2610 2752 2793 2878 2762 2774 2665 2568 2733 2745 2881 2919 2719 2806 2942 2893 2913 3060 2959 2864 2961 3076 3210 3269 2994 2981 3078 3141 3371 3388 3209 3295 3298 3260 3185 2918 2678 2779 3128 2989 2842 2770 2667 2601 2582 2510 2478 2491 2369 2342 2347 2296 2322 2274 2216 2134 2066 2034 2020 2000 1980 1973 1971 1969 1968 1970 1973 1977 1978 1979 1983 1987 1994 2006 2021 2032 2040
2294 2322 2325 2398 2449 2451 2419 2363 2494 2703 2830 2838 2782 2746 2687 2569 2560 2711 2757 2892 2770 2597 2792 2803 2842 2875 2976 2871 2990 3100 3056 3156 3165 2905 3069 3246 3173 3274 3371 3358 3511 3431 3198 3006 2829 2774 2896 3278 3138 2981 2864 2730 2677 2653 2595 2493 2434 2270 2230 2284 2242 2238 2193 2117 2059 2022 2000 1989 1973 1963 1960 1959 1959 1960 1962 1964 1971 1974 1975 1976 1980 1985 1993 2005 2021 2032
2274 2312 2300 2310 2388 2454 2229 2172 2480 2665 2819 2733 2639 2671 2613 2502 2618 2707 2821 2838 2595 2688 2756 2801 2917 3031 2895 2852 2986 3102 3061 3112 2931 2936 3145 3159 3102 3337 3259 3283 3516 3351 3184 3009 2988 2869 2967 3312 3266 3153 2958 2807 2762 2725 2621 2454 2300 2165 2143 2173 2171 2185 2147 2057 2021 1988 1972 1967 1958 1952 1952 1950 1949 1951 1953 1957 1963 1967 1970 1971 1975 1980 1984 1994 2007 2024
2227 2244 2253 2251 2355 2372 2119 2198 2502 2600 2591 2506 2551 2628 2515 2509 2606 2689 2781 2682 2539 2681 2806 2912 3053 3032 2826 2866 2983 3048 3010 2936 2876 3035 3130 3006 3174 3326 3085 3236 3325 3166 3185 3281 3160 2943 3097 3453 3422 3177 2959 2830 2814 2735 2586 2383 2199 2099 2092 2107 2100 2103 2081 2024 1990 1967 1958 1954 1952 1949 1956 1950 1946 1947 1947 1949 1953 1960 1964 1968 1972 1975 1980 1988 1999 2017
2198 2175 2138 2236 2255 2005 2033 2256 2425 2420 2440 2564 2595 2536 2461 2568 2578 2650 2558 2523 2573 2741 2850 2950 3054 2892 2788 2883 2975 3014 2949 2834 2976 3083 3118 2899 3158 3062 3048 3280 3298 3120 3136 3289 3174 3075 3256 3350 3253 3010 2918 2905 2853 2740 2639 2347 2159 2090 2078 2074 2062 2046 2018 1991 1968 1954 1950 1949 1949 1948 1951 1948 1946 1946 1946 1947 1947 1951 1958 1965 1969 1972 1977 1985 1996 2016
2186 2128 2111 2112 2001 2021 2217 2304 2359 2484 2521 2533 2443 2396 2489 2553 2566 2500 2420 2520 2592 2643 2724 2800 2836 2777 2808 2823 2880 2895 2835 2839 2994 3100 3177 2887 3042 2918 3121 3335 3263 3050 2997 3208 3196 3234 3269 3184 3055 3021 3078 3068 2890 2820 2759 2379 2138 2101 2079 2063 2048 2019 1998 1978 1962 1949 1948 1949 1948 1947 1947 1947 1947 1946 1946 1946 1946 1946 1949 1959 1968 1972 1976 1984 1998 2026
2133 2098 1986 1862 1951 2244 2310 2334 2409 2410 2418 2402 2387 2433 2560 2539 2467 2323 2395 2556 2609 2681 2767 2810 2764 2750 2769 2738 2812 2690 2793 2938 3038 3119 3177 2936 2925 2884 3124 3315 3126 2891 2932 3241 3399 3372 3337 3330 3213 3165 3035 2898 2676 2579 2593 2392 2172 2115 2071 2048 2026 2013 2041 2009 1965 1949 1948 1948 1949 1949 1948 1946 1946 1946 1946 1946 1946 1946 1946 1952 1969 1979 1983 1992 2007 2054
2011 1902 1795 1943 2180 2312 2275 2392 2369 2228 2314 2337 2407 2591 2620 2520 2302 2305 2450 2628 2738 2858 2984 3017 2844 2602 2553 2598 2672 2757 2925 3006 3045 3100 3122 2957 2850 2860 3088 3146 2895 2796 2942 3213 3540 3411 3288 3127 2986 2755 2562 2485 2475 2462 2410 2312 2195 2087 2050 2019 2001 2023 2094 2050 1962 1947 1949 1949 1947 1947 1946 1947 1946 1947 1946 1946 1946 1946 1946 1950 1978 2000 2003 2014 2033 2088
1815 1764 1890 2130 2248 2229 2267 2306 2155 2082 2257 2297 2380 2601 2604 2488 2201 2312 2454 2673 2796 2933 2955 2977 2753 2425 2443 2642 2797 2934 2999 3063 2983 3123 3093 2771 2871 2844 3030 2841 2739 2902 3162 3177 3519 3489 3183 2799 2608 2624 2638 2838 2783 2741 2665 2481 2182 2049 1994 1973 1968 1980 2038 1998 1950 1947 1953 1961 1948 1948 1947 1946 1946 1946 1945 1946 1946 1947 1946 1948 1971 2014 2031 2048 2069 2130
