Dropbox/GRP Data/GRP mammal paper/NN_analysis/DATA/2014 input files/yo_demsrtm30.asc
ncols         185
nrows         115
xllcorner     -70092.730032835
yllcorner     -76811.53128703
cellsize      1000
NODATA_value  -9999
[rows 38 to 75 of 115, columns 0 to 85 of 185]
-9999 -9999 -9999 -9999 -9999 -9999 -9999 -9999 -9999 -9999 -9999 -9999 -9999 -9999 -9999 -9999 -9999 -9999 -9999 -9999 -9999 -9999 -9999 -9999 -9999 -9999 -9999 -9999 -9999 -9999 -9999 -9999 -9999 -9999 -9999 -9999 -9999 -9999 -9999 -9999 -9999 -9999 -9999 -9999 -9999 -9999 883 1003 1047 1091 1121 1299 1307 1246 1031 1186 1177 1165 1240 1342 1511 1624 1629 1515 1385 1337 1496 1591 1568 1631 1709 1763 1792 1818 1863 1888 1714 1505 1483 1685 1878 1798 1912 2057 2055 1828
-9999 -9999 -9999 -9999 -9999 -9999 -9999 -9999 -9999 -9999 -9999 -9999 -9999 -9999 -9999 -9999 -9999 -9999 -9999 -9999 -9999 -9999 -9999 -9999 -9999 -9999 -9999 -9999 -9999 -9999 -9999 -9999 -9999 -9999 -9999 -9999 -9999 -9999 -9999 -9999 -9999 -9999 -9999 -9999 -9999 893 922 968 1001 1026 1155 1225 1161 1103 963 1048 1045 1075 1137 1299 1457 1528 1589 1528 1303 1393 1563 1560 1538 1630 1677 1704 1754 1834 1876 1785 1632 1460 1460 1637 1788 1744 1815 1950 1803 1637
-9999 -9999 -9999 -9999 -9999 -9999 -9999 -9999 -9999 -9999 -9999 -9999 -9999 -9999 -9999 -9999 -9999 -9999 -9999 -9999 -9999 -9999 -9999 -9999 -9999 -9999 -9999 -9999 -9999 -9999 -9999 -9999 -9999 -9999 -9999 -9999 -9999 -9999 -9999 -9999 -9999 -9999 -9999 857 919 934 916 942 959 955 1068 1069 924 881 853 968 1075 1096 1169 1377 1460 1428 1438 1467 1387 1371 1571 1552 1544 1632 1623 1664 1713 1797 1801 1740 1620 1487 1444 1550 1713 1665 1671 1640 1551 1647
-9999 -9999 -9999 -9999 -9999 -9999 -9999 -9999 -9999 -9999 -9999 -9999 -9999 -9999 -9999 -9999 -9999 -9999 -9999 -9999 -9999 -9999 -9999 -9999 -9999 -9999 -9999 -9999 -9999 -9999 -9999 -9999 -9999 -9999 -9999 -9999 -9999 -9999 -9999 -9999 -9999 -9999 843 856 877 880 917 952 889 928 1029 863 897 1087 968 1165 1192 1202 1275 1449 1485 1445 1379 1323 1371 1286 1518 1530 1480 1551 1631 1634 1633 1724 1728 1693 1598 1495 1465 1522 1505 1474 1473 1444 1562 1725
-9999 -9999 -9999 -9999 -9999 -9999 -9999 -9999 -9999 -9999 -9999 -9999 -9999 -9999 -9999 -9999 -9999 -9999 -9999 -9999 -9999 -9999 -9999 -9999 -9999 -9999 -9999 -9999 -9999 -9999 -9999 -9999 -9999 -9999 -9999 -9999 -9999 -9999 -9999 -9999 660 703 745 790 830 857 912 918 852 863 949 800 935 1239 1200 1235 1285 1373 1419 1543 1567 1463 1415 1354 1206 1172 1373 1377 1363 1489 1604 1569 1601 1654 1707 1656 1549 1445 1507 1605 1462 1505 1490 1552 1636 1718
-9999 -9999 -9999 -9999 -9999 -9999 -9999 -9999 -9999 -9999 -9999 -9999 -9999 -9999 -9999 -9999 -9999 -9999 -9999 -9999 -9999 -9999 -9999 -9999 -9999 -9999 -9999 -9999 -9999 -9999 -9999 -9999 -9999 -9999 -9999 -9999 -9999 -9999 -9999 647 673 690 707 752 782 846 909 871 830 830 748 818 958 1072 1083 1118 1219 1386 1534 1649 1574 1465 1530 1542 1339 1119 1173 1246 1324 1450 1533 1543 1611 1656 1712 1627 1502 1396 1487 1518 1459 1514 1639 1717 1650 1632
-9999 -9999 -9999 -9999 -9999 -9999 -9999 -9999 -9999 -9999 -9999 -9999 -9999 -9999 -9999 -9999 -9999 -9999 -9999 -9999 -9999 -9999 -9999 -9999 -9999 -9999 -9999 -9999 -9999 -9999 -9999 -9999 -9999 -9999 -9999 -9999 -9999 -9999 564 666 679 680 697 725 784 863 885 845 796 825 687 857 943 1009 1011 1097 1259 1371 1418 1494 1528 1518 1526 1552 1425 1095 1213 1359 1431 1480 1472 1567 1731 1727 1706 1565 1425 1440 1494 1408 1430 1471 1599 1591 1558 1583
-9999 -9999 -9999 -9999 -9999 -9999 -9999 -9999 -9999 -9999 -9999 -9999 -9999 -9999 -9999 -9999 -9999 -9999 -9999 -9999 -9999 -9999 -9999 -9999 -9999 -9999 -9999 -9999 -9999 -9999 -9999 -9999 -9999 -9999 -9999 -9999 503 513 533 603 653 680 710 748 833 860 860 824 790 824 675 849 994 1060 1025 1083 1211 1245 1251 1276 1373 1412 1418 1417 1311 1104 1276 1314 1374 1402 1434 1532 1702 1710 1669 1569 1427 1457 1415 1381 1337 1488 1534 1565 1595 1605
-9999 -9999 -9999 -9999 -9999 -9999 -9999 -9999 -9999 -9999 -9999 -9999 -9999 -9999 -9999 -9999 -9999 -9999 -9999 -9999 -9999 -9999 -9999 -9999 -9999 -9999 -9999 -9999 -9999 -9999 -9999 -9999 -9999 -9999 -9999 471 469 511 514 564 628 666 688 746 840 831 803 772 779 820 633 861 1041 1125 1057 1038 1143 1160 1141 1208 1372 1382 1374 1400 1230 1096 1257 1292 1316 1330 1383 1486 1604 1565 1579 1571 1476 1399 1316 1324 1347 1462 1516 1609 1656 1596
-9999 -9999 -9999 -9999 -9999 -9999 -9999 -9999 -9999 -9999 -9999 -9999 -9999 -9999 -9999 -9999 -9999 -9999 -9999 -9999 -9999 -9999 -9999 -9999 -9999 -9999 -9999 -9999 -9999 -9999 -9999 -9999 -9999 441 465 456 471 479 497 535 600 613 613 688 768 775 740 722 711 691 629 833 967 1004 992 995 1045 1077 1133 1228 1342 1382 1337 1282 1059 1145 1276 1283 1298 1257 1259 1348 1452 1395 1473 1563 1556 1450 1232 1267 1429 1491 1530 1547 1568 1418
-9999 -9999 -9999 -9999 -9999 -9999 -9999 -9999 -9999 -9999 -9999 -9999 -9999 -9999 -9999 -9999 -9999 -9999 -9999 -9999 -9999 -9999 -9999 -9999 -9999 -9999 -9999 -9999 -9999 -9999 -9999 -9999 409 427 421 440 464 481 506 529 577 578 599 658 698 724 654 689 591 647 699 795 861 883 952 1061 1114 1125 1199 1222 1303 1338 1296 1119 1008 1261 1271 1248 1305 1248 1190 1252 1290 1279 1424 1455 1372 1359 1193 1318 1495 1560 1559 1478 1386 1199
-9999 -9999 -9999 -9999 -9999 -9999 -9999 -9999 -9999 -9999 -9999 -9999 -9999 -9999 -9999 -9999 -9999 -9999 -9999 -9999 -9999 -9999 -9999 -9999 -9999 -9999 -9999 -9999 -9999 -9999 -9999 378 387 414 404 425 455 483 522 523 538 545 600 635 665 672 591 678 518 719 754 830 906 944 1002 1066 1149 1134 1143 1142 1229 1322 1249 1005 1083 1245 1243 1203 1264 1233 1193 1226 1124 1180 1369 1262 1121 1121 1202 1446 1548 1540 1445 1336 1215 1191
-9999 -9999 -9999 -9999 -9999 -9999 -9999 -9999 -9999 -9999 -9999 -9999 -9999 -9999 -9999 -9999 -9999 -9999 -9999 -9999 -9999 -9999 -9999 -9999 -9999 -9999 -9999 -9999 -9999 415 378 338 366 393 403 455 498 512 515 521 510 509 562 604 658 622 551 594 473 571 626 725 871 865 834 890 1052 1067 1043 1072 1193 1287 1208 943 1126 1223 1228 1158 1164 1153 1136 1184 1019 1091 1209 1073 1072 1258 1461 1592 1523 1423 1220 1347 1378 1418
-9999 -9999 -9999 -9999 -9999 -9999 -9999 -9999 -9999 -9999 -9999 -9999 -9999 -9999 -9999 -9999 -9999 -9999 -9999 -9999 -9999 -9999 -9999 -9999 -9999 -9999 -9999 -9999 412 422 378 341 327 335 426 480 541 534 526 517 479 507 543 596 627 581 428 432 411 477 427 481 546 544 534 621 857 957 885 1067 1214 1269 1074 872 1136 1205 1206 1116 1037 1049 1065 1091 839 882 928 982 1163 1366 1452 1480 1383 1122 1112 1410 1535 1601
-9999 -9999 -9999 -9999 -9999 -9999 -9999 -9999 -9999 -9999 -9999 -9999 -9999 -9999 -9999 -9999 -9999 -9999 -9999 -9999 -9999 -9999 -9999 -9999 -9999 -9999 360 386 407 392 376 383 347 338 428 483 554 530 583 550 447 512 543 579 530 433 481 666 630 521 510 639 709 731 682 535 530 625 839 1069 1204 1257 986 953 1152 1182 1191 1084 951 962 922 876 760 986 1054 1166 1102 1019 1002 1021 1024 1056 1295 1436 1573 1723
-9999 -9999 -9999 -9999 -9999 -9999 -9999 -9999 -9999 -9999 -9999 -9999 -9999 -9999 -9999 -9999 -9999 -9999 -9999 -9999 -9999 -9999 -9999 -9999 -9999 338 393 407 393 373 366 378 364 295 366 435 507 536 581 589 372 381 342 417 425 539 685 780 760 659 763 831 835 824 852 747 549 534 818 1073 1114 1150 1007 849 1050 1139 1156 993 725 726 760 854 812 903 882 915 919 1128 1235 1130 1153 1309 1392 1436 1573 1665
-9999 -9999 -9999 -9999 -9999 -9999 -9999 -9999 -9999 -9999 -9999 -9999 -9999 -9999 -9999 -9999 -9999 -9999 -9999 -9999 -9999 -9999 -9999 -9999 298 328 350 383 391 379 362 380 393 343 297 373 429 458 519 484 373 561 527 463 462 566 653 740 745 763 752 843 880 896 869 862 783 640 543 684 823 1004 928 854 764 1038 1073 786 772 1021 1052 1160 1084 1001 1107 1138 1229 1286 1276 1284 1339 1406 1467 1502 1547 1629
-9999 -9999 -9999 -9999 -9999 -9999 -9999 -9999 -9999 -9999 -9999 -9999 -9999 -9999 -9999 -9999 -9999 -9999 -9999 -9999 -9999 -9999 253 271 315 357 380 379 377 368 363 390 398 416 325 319 354 384 447 511 357 518 598 645 658 689 687 713 765 788 792 779 835 866 880 879 879 904 706 519 535 618 652 772 678 899 911 670 855 1107 1148 1171 1220 1292 1274 1257 1223 1289 1385 1435 1379 1384 1420 1479 1561 1654
-9999 -9999 -9999 -9999 -9999 -9999 -9999 -9999 -9999 -9999 -9999 -9999 -9999 -9999 -9999 -9999 -9999 -9999 -9999 -9999 -9999 303 292 287 309 350 416 422 383 354 371 392 384 388 371 332 299 331 354 468 357 387 464 588 701 764 816 784 814 863 844 815 810 832 870 898 902 928 923 611 672 749 810 709 760 832 752 599 856 1076 1103 1082 1130 1221 1192 1206 1260 1343 1424 1523 1474 1400 1405 1477 1516 1609
-9999 -9999 -9999 -9999 -9999 -9999 -9999 -9999 -9999 -9999 -9999 -9999 -9999 -9999 -9999 -9999 -9999 -9999 -9999 314 326 301 304 310 315 335 367 413 388 342 325 339 345 361 365 415 294 316 298 348 332 479 491 624 750 851 826 807 858 881 863 860 857 831 855 899 921 930 931 791 592 694 667 596 670 654 587 677 919 1028 1029 1015 1001 1153 1248 1258 1324 1422 1455 1461 1469 1436 1411 1445 1455 1495
-9999 -9999 -9999 -9999 -9999 -9999 -9999 -9999 -9999 -9999 -9999 -9999 -9999 -9999 -9999 -9999 -9999 -9999 283 326 348 309 304 311 322 335 352 374 390 353 330 332 336 356 336 395 318 441 354 296 299 439 527 586 718 859 870 878 927 936 936 914 908 911 890 899 915 944 951 885 693 639 641 633 632 594 660 856 939 947 938 996 1060 1236 1364 1389 1366 1367 1435 1423 1458 1463 1439 1433 1452 1487
-9999 -9999 -9999 -9999 -9999 -9999 -9999 -9999 -9999 -9999 -9999 -9999 -9999 -9999 -9999 -9999 -9999 205 273 330 337 320 294 315 330 334 347 358 376 363 367 390 372 327 351 334 385 575 541 444 342 327 417 547 642 750 891 918 962 995 1015 966 918 976 966 920 895 902 911 934 941 933 965 946 939 870 792 886 897 920 1007 1119 1174 1226 1353 1428 1332 1223 1272 1338 1393 1398 1450 1508 1528 1549
-9999 -9999 -9999 -9999 -9999 -9999 -9999 -9999 -9999 -9999 -9999 -9999 -9999 -9999 -9999 153 197 231 260 292 304 321 296 324 348 348 338 354 365 354 354 384 381 307 336 341 465 552 558 562 531 400 329 401 526 674 815 885 936 986 1031 1014 987 1029 1039 994 935 913 915 937 966 1015 995 973 979 1002 1025 1069 1028 974 1060 1146 1187 1173 1186 1220 1204 1213 1267 1340 1404 1393 1446 1588 1588 1641
-9999 -9999 -9999 -9999 -9999 -9999 -9999 -9999 -9999 -9999 -9999 -9999 -9999 -9999 135 164 212 243 258 262 277 309 294 304 328 346 346 336 357 348 329 333 333 288 306 378 429 457 449 505 665 620 462 386 428 630 750 806 879 947 978 1026 1070 1102 1121 1050 967 940 934 946 997 1058 981 937 957 1037 1114 1157 1202 1145 1118 1188 1253 1208 1184 1165 1212 1268 1348 1401 1444 1446 1417 1495 1523 1603
-9999 -9999 -9999 -9999 -9999 -9999 -9999 -9999 -9999 -9999 -9999 -9999 94 103 131 162 176 213 241 234 232 272 262 279 309 322 332 325 354 349 330 303 309 293 275 302 315 341 396 455 576 655 629 532 422 502 678 718 761 863 915 964 1048 1106 1143 1061 986 960 952 992 1056 1039 984 935 929 1031 1092 1080 1161 1259 1305 1321 1378 1315 1299 1276 1298 1403 1501 1495 1519 1479 1432 1411 1490 1546
-9999 -9999 -9999 -9999 -9999 -9999 -9999 -9999 -9999 -9999 -9999 147 129 121 133 122 153 170 206 220 190 209 232 271 293 295 303 294 344 373 340 309 292 302 298 283 257 271 326 433 571 614 596 594 539 428 563 619 654 746 829 950 1003 1064 1101 1119 1064 1037 1027 1034 1023 996 962 932 923 1034 1043 1017 1084 1185 1296 1400 1488 1429 1383 1359 1345 1439 1578 1640 1626 1535 1494 1449 1483 1554
-9999 -9999 -9999 -9999 -9999 -9999 -9999 -9999 -9999 -9999 129 125 133 126 105 105 131 140 184 206 170 166 188 233 281 281 280 306 326 362 372 308 288 283 311 328 308 285 273 360 514 555 645 701 679 507 462 573 619 663 713 910 992 1041 1047 1082 1037 1049 1099 1084 1009 958 930 932 891 984 975 986 1057 1097 1181 1287 1447 1574 1495 1425 1408 1409 1514 1597 1687 1690 1580 1556 1590 1560
-9999 -9999 -9999 -9999 -9999 -9999 -9999 -9999 105 112 113 105 127 125 99 96 116 114 137 150 141 121 152 206 249 257 244 295 319 351 359 344 282 266 293 314 296 296 276 288 447 497 624 779 769 647 503 614 736 756 748 830 993 1027 1029 1021 1026 1009 997 1030 1020 962 897 925 912 900 902 964 1045 1039 1100 1146 1298 1512 1598 1547 1538 1453 1427 1529 1682 1746 1698 1776 1834 1775
-9999 -9999 -9999 -9999 -9999 -9999 -9999 77 97 100 101 114 116 118 100 85 91 99 100 103 95 97 133 155 183 199 240 296 307 341 346 356 290 264 274 301 297 264 297 390 394 436 541 705 796 695 547 604 725 818 824 796 894 975 1002 1034 1001 1015 987 958 977 961 900 847 864 858 833 965 1036 995 1022 1122 1223 1341 1486 1683 1611 1557 1517 1571 1639 1639 1723 1812 1849 1935
-9999 -9999 -9999 -9999 -9999 -9999 68 72 93 87 100 104 89 100 99 89 82 82 80 82 80 98 124 139 148 174 233 292 292 306 321 342 294 269 262 301 290 264 283 309 350 390 519 655 744 711 654 660 663 699 712 741 783 811 928 1014 1005 986 1019 995 948 920 905 883 826 808 796 833 898 967 1056 1123 1172 1224 1319 1483 1364 1346 1449 1389 1435 1458 1683 1788 1765 1857
-9999 -9999 -9999 -9999 -9999 73 65 63 74 73 93 84 82 86 98 105 84 72 74 76 77 88 102 114 132 158 201 256 271 271 283 312 314 267 258 271 271 285 316 338 300 379 476 617 769 759 708 708 646 616 609 691 750 699 809 993 1035 995 975 997 983 964 915 872 869 831 785 853 963 1019 1034 1115 1177 1142 1269 1317 1217 1108 1135 1148 1222 1378 1639 1780 1696 1743
-9999 -9999 -9999 -9999 71 70 66 64 63 63 79 79 76 75 87 96 73 70 72 73 76 84 94 98 117 141 173 211 229 239 271 300 327 287 262 253 246 266 343 344 353 399 480 550 627 701 751 776 674 581 552 629 696 660 760 910 1002 997 980 989 970 942 904 903 918 853 829 891 911 960 1024 1067 1152 1095 1191 1212 1147 1058 1100 1139 1207 1426 1566 1674 1680 1674
-9999 -9999 -9999 69 67 62 57 61 56 62 67 76 68 68 76 72 67 69 70 73 77 81 90 91 101 118 139 164 185 220 268 290 326 295 258 258 260 274 320 374 378 411 464 517 578 565 630 695 649 612 537 571 636 617 709 868 901 984 1008 999 977 952 934 932 936 871 759 883 940 918 975 1010 1077 1056 1069 1128 1066 1060 1244 1311 1253 1394 1469 1531 1660 1656
-9999 -9999 -9999 67 64 61 51 51 53 58 59 64 62 61 68 64 66 67 71 77 82 83 80 85 91 105 122 146 181 217 251 276 292 274 248 248 271 279 278 345 377 404 439 453 478 501 497 525 521 601 525 523 582 603 647 763 798 914 1009 980 954 931 955 945 919 866 729 838 906 884 913 948 1011 1042 1005 1039 1056 1153 1352 1424 1286 1297 1374 1469 1609 1527
-9999 -9999 66 65 62 62 51 48 52 56 55 65 66 62 67 71 69 71 73 78 88 89 86 91 92 95 112 136 171 201 234 258 261 258 252 250 257 260 268 320 359 377 413 433 476 458 393 349 387 482 485 524 536 632 683 700 743 826 921 980 943 912 908 904 886 862 728 745 855 884 859 876 957 949 977 1027 1124 1221 1310 1383 1326 1200 1246 1483 1601 1443
-9999 -9999 65 58 60 65 58 49 53 60 60 69 73 72 70 77 76 79 81 81 89 94 97 96 101 98 105 127 152 182 218 234 232 248 269 265 260 263 264 302 332 336 384 420 448 405 355 325 298 327 498 520 519 616 715 757 813 833 836 944 925 881 865 846 817 783 730 639 848 921 871 863 914 938 997 1108 1047 1123 1203 1205 1113 1106 1240 1479 1457 1428
-9999 55 60 51 59 59 62 53 57 70 68 69 78 80 79 80 82 84 85 86 93 99 104 104 108 111 108 119 136 160 191 208 203 256 293 301 297 287 266 273 314 323 361 426 456 414 381 354 305 287 471 560 516 573 667 846 949 974 929 893 845 876 868 854 822 752 633 627 902 943 914 896 936 966 1026 1086 950 976 1094 1002 851 1101 1304 1216 1137 1291
-9999 49 53 46 57 56 55 53 57 63 70 67 73 71 71 77 87 91 88 85 96 102 100 104 110 99 106 111 121 134 168 177 198 280 297 309 324 308 286 260 287 324 355 397 481 428 398 366 307 272 375 611 572 566 617 767 947 1035 1013 901 734 776 846 883 851 762 578 617 877 955 934 921 944 953 1009 1017 857 834 975 801 875 1174 1217 932 825 997
