Dropbox/GRP Data/GRP mammal paper/NN_analysis/DATA/2014 input files/yo_demsrtm30.asc
ncols         185
nrows         115
xllcorner     -70092.730032835
yllcorner     -76811.53128703
cellsize      1000
NODATA_value  -9999
[rows 38 to 75 of 115, columns 86 to 171 of 185]
1694 1818 2003 2140 2164 2179 2178 2100 2057 2139 2301 2304 2366 2522 2571 2425 2176 2283 2423 2740 2858 2869 2815 2715 2503 2411 2605 2703 2811 2895 3002 3091 2905 2995 2822 2727 2891 2836 2823 2721 2888 3059 3288 3338 3470 3377 2883 2744 3030 3074 2956 3334 3039 3014 2919 2775 2408 2110 1971 1948 1947 1946 1947 1947 1946 1947 1946 1949 1968 1961 1947 1947 1946 1946 1946 1946 1946 1947 1946 1948 1962 2003 2057 2117 2144 2194
1762 1951 2015 2059 2108 2123 2011 2042 2226 2378 2468 2227 2359 2491 2517 2268 2266 2313 2427 2733 2754 2610 2417 2366 2365 2565 2831 2911 2956 2960 3002 3087 3074 2810 2697 2912 2920 2727 2655 2831 2946 2990 3071 3257 3448 3236 3064 3119 3320 3150 3117 3391 3201 3179 3082 2909 2604 2291 2003 1947 1946 1946 1946 1946 1947 1947 1946 1955 1989 1967 1946 1947 1947 1947 1946 1946 1947 1946 1945 1951 1967 1997 2088 2206 2257 2291
1931 2011 2002 2034 2111 1977 1944 2118 2352 2475 2362 2138 2379 2419 2241 2198 2333 2252 2447 2636 2582 2313 2251 2347 2501 2725 2858 2907 2959 3118 3085 2981 3076 2763 2836 2910 2795 2636 2778 2897 2987 3083 3210 3241 3286 3168 3202 3415 3424 3069 3210 3493 3422 3315 3170 2997 2723 2425 2127 1958 1946 1947 1946 1947 1947 1946 1946 1956 1986 1962 1946 1946 1946 1947 1947 1947 1947 1946 1948 1962 1981 2004 2095 2242 2333 2353
1902 1971 1966 2035 2074 1903 1946 2147 2325 2404 2117 2128 2245 2190 2077 2118 2142 2133 2414 2542 2329 2152 2205 2413 2650 2847 2772 2877 3050 3150 3085 2939 2871 2735 2879 2815 2616 2691 2875 2946 3100 3250 3321 3459 3304 3169 3154 3320 3407 3121 3257 3495 3563 3368 3192 3013 2818 2611 2312 2008 1947 1950 1947 1946 1947 1947 1946 1949 1965 1951 1946 1946 1946 1946 1947 1948 1947 1947 1959 1983 1998 2024 2089 2249 2354 2392
1810 1907 1890 1924 1889 1758 1875 2065 2175 2065 1859 1973 2059 2035 1975 2013 2064 2196 2412 2453 2203 2138 2307 2673 2868 2766 2821 3030 3012 3037 3007 2850 2640 2751 2697 2575 2636 2770 2869 2958 3226 3345 3250 3495 3400 3223 3164 3143 3336 3202 3138 3317 3474 3376 3300 3086 2917 2743 2531 2134 1969 1969 1959 1947 1946 1946 1946 1946 1946 1946 1946 1946 1946 1946 1946 1947 1947 1955 1983 2009 2026 2049 2102 2247 2407 2465
1673 1719 1712 1676 1638 1762 1826 1804 1830 1757 1782 1825 1913 1965 2113 2275 2405 2484 2579 2485 2077 2041 2408 2710 2781 2658 2788 2899 2881 2925 2884 2693 2462 2574 2664 2762 2721 2788 2816 2983 3165 3191 3183 3549 3476 3311 3237 3115 3237 3238 3041 3101 3289 3357 3390 3133 3018 2843 2663 2346 2057 2016 2011 1967 1947 1946 1946 1946 1946 1946 1946 1946 1946 1946 1947 1951 1959 1975 2013 2039 2061 2087 2134 2239 2446 2536
1616 1637 1491 1372 1406 1507 1602 1435 1429 1630 1778 1844 1916 2136 2374 2470 2561 2616 2552 2247 1879 2051 2394 2593 2590 2539 2682 2725 2733 2731 2754 2511 2459 2712 2917 2862 2699 2742 2785 2962 3019 3084 3195 3541 3480 3230 3109 3055 3139 3263 3057 2936 3046 3127 3124 3017 3064 2842 2647 2514 2200 2070 2061 2007 1950 1947 1950 1947 1946 1946 1946 1946 1946 1947 1955 1968 1986 2010 2041 2068 2096 2135 2180 2255 2419 2553
1635 1514 1259 1227 1451 1462 1291 1198 1388 1592 1694 1786 1947 2223 2372 2460 2546 2521 2283 1862 1655 1906 2278 2357 2321 2335 2468 2527 2542 2621 2665 2382 2626 2930 2988 2806 2673 2678 2789 2854 2896 2985 3136 3346 3459 3325 3191 3076 3018 3135 3177 2903 2707 2658 2628 2709 2950 2901 2570 2471 2320 2143 2080 2033 1972 1969 1964 1958 1947 1946 1946 1947 1953 1962 1980 2003 2021 2041 2069 2098 2128 2164 2266 2325 2387 2528
1505 1250 1242 1472 1737 1911 1612 1306 1377 1574 1677 1833 1932 2108 2266 2358 2372 2125 1866 1594 1566 1835 1981 1917 1940 1983 2210 2183 2201 2328 2368 2352 2735 2925 2946 2741 2660 2659 2741 2843 2952 2995 3109 3252 3442 3430 3379 3218 3051 2997 3038 2914 2820 2687 2501 2423 2716 2705 2428 2290 2265 2197 2096 2046 2018 1992 1987 1998 1990 1962 1962 1965 1974 1988 2020 2037 2046 2064 2101 2133 2155 2187 2253 2350 2377 2504
1207 1170 1437 1770 1993 2153 2055 1764 1552 1433 1378 1462 1568 1843 2065 2154 1982 1658 1503 1432 1520 1623 1655 1774 2057 1844 1925 1911 2067 2138 2079 2271 2696 2838 2866 2650 2626 2642 2723 2944 3109 3154 3226 3168 3254 3416 3456 3296 3152 2968 3056 3128 3228 3045 2789 2441 2383 2350 2290 2309 2263 2224 2115 2061 2046 1995 2035 2071 2029 2001 1992 1995 2005 2023 2046 2060 2075 2101 2137 2168 2198 2275 2347 2384 2373 2484
1104 1303 1564 1829 1970 2057 2142 2100 2006 1810 1509 1395 1333 1464 1688 1707 1554 1439 1523 1673 1784 1704 1853 2347 2556 2198 2301 2129 2166 2271 2311 2242 2436 2670 2725 2553 2558 2660 2839 2992 3054 3127 3140 3038 3165 3290 3345 3237 3192 2984 3144 3371 3430 3209 2943 2660 2487 2465 2423 2382 2343 2357 2149 2072 2043 2011 2067 2081 2114 2111 2041 2033 2043 2059 2070 2087 2112 2145 2170 2206 2278 2410 2432 2424 2400 2434
1270 1534 1679 1837 1912 1987 2067 2117 2168 2179 2080 1892 1593 1404 1500 1548 1588 1663 1968 2156 2319 2255 2452 2710 2763 2572 2701 2482 2383 2369 2431 2437 2474 2493 2488 2501 2613 2739 2872 2910 2954 3063 3008 3001 3095 3135 3154 3152 3159 3033 3253 3388 3471 3466 3298 2978 2801 2666 2541 2380 2345 2288 2134 2076 2050 2064 2078 2093 2235 2295 2157 2123 2102 2097 2104 2126 2156 2181 2208 2250 2315 2416 2473 2442 2443 2405
1438 1595 1764 1843 1902 1970 2038 2131 2202 2264 2340 2263 2034 1858 1894 2015 2127 2227 2473 2596 2711 2655 2780 2809 2874 2749 2816 2810 2687 2643 2481 2410 2418 2535 2507 2531 2619 2716 2792 2864 2907 2943 2943 2982 3026 3057 3073 3113 3127 3035 3294 3596 3575 3598 3416 3004 2859 2744 2528 2322 2195 2129 2096 2082 2070 2080 2086 2101 2234 2346 2347 2305 2172 2139 2151 2173 2196 2222 2254 2300 2359 2439 2472 2465 2481 2406
1572 1655 1797 1874 1954 2014 2098 2196 2245 2328 2382 2357 2260 2233 2295 2381 2445 2505 2629 2691 2811 2834 2840 2805 2911 2870 2929 2934 2705 2854 2699 2575 2481 2500 2586 2663 2592 2627 2722 2797 2844 2856 2874 2926 2977 2997 3033 3125 3069 2999 3223 3472 3695 3484 3305 3116 2879 2667 2458 2324 2229 2147 2110 2094 2087 2088 2097 2114 2194 2295 2456 2424 2248 2190 2203 2224 2239 2263 2300 2349 2405 2433 2431 2474 2481 2433
1757 1757 1812 1865 1943 2091 2100 2134 2179 2304 2344 2334 2285 2327 2380 2453 2550 2595 2661 2755 2787 2671 2655 2706 2875 3014 2998 2862 2805 2949 2821 2670 2513 2566 2631 2656 2654 2616 2638 2711 2776 2795 2810 2834 2885 2900 2930 2954 2939 2970 3138 3294 3455 3610 3644 3144 2726 2510 2425 2350 2218 2149 2121 2105 2099 2094 2106 2128 2155 2232 2459 2543 2308 2249 2255 2266 2280 2306 2348 2384 2418 2411 2448 2500 2514 2468
1764 1813 1875 1927 1907 1991 2023 2085 2157 2255 2322 2271 2322 2393 2418 2457 2552 2584 2636 2636 2652 2539 2530 2665 2917 3012 3064 2983 2903 3043 2831 2655 2565 2549 2572 2634 2650 2637 2628 2636 2647 2715 2708 2756 2800 2840 2890 2912 2938 2976 3097 3389 3611 3661 3468 3023 2632 2482 2431 2340 2250 2178 2141 2127 2116 2104 2120 2149 2168 2239 2498 2654 2420 2312 2295 2304 2317 2345 2391 2398 2410 2421 2478 2533 2543 2511
1790 1939 1955 2042 2000 2043 2058 2073 2174 2192 2155 2234 2366 2421 2438 2430 2464 2530 2566 2646 2654 2494 2465 2631 2742 2794 2929 2998 2967 2956 2693 2667 2681 2634 2662 2681 2762 2731 2679 2669 2677 2683 2683 2694 2714 2794 2940 3042 3128 3130 3090 3230 3490 3522 3230 2876 2619 2547 2436 2324 2257 2208 2168 2158 2155 2141 2133 2170 2191 2250 2503 2660 2483 2363 2328 2336 2350 2380 2422 2412 2411 2450 2512 2559 2576 2569
1828 1991 2034 2126 2086 2129 2095 2064 2143 2157 2276 2346 2359 2398 2453 2498 2492 2538 2635 2647 2556 2395 2496 2565 2653 2824 2891 3014 3045 2891 2691 2679 2742 2652 2798 2845 2870 2828 2841 2813 2812 2837 2813 2760 2763 2747 2901 3207 3433 3308 3177 3170 3355 3306 3091 3028 2897 2682 2508 2360 2307 2253 2184 2203 2205 2200 2160 2195 2223 2304 2543 2645 2479 2416 2378 2365 2375 2409 2462 2474 2460 2488 2543 2587 2620 2668
1707 1874 2057 2107 2100 2109 2111 2117 2170 2309 2431 2441 2422 2419 2482 2538 2527 2556 2528 2511 2418 2350 2581 2711 2730 2855 3014 3122 2928 2766 2654 2722 2745 2650 2853 2931 3036 2957 3003 2914 2971 3043 2955 2836 2902 2847 2757 3119 3500 3388 3284 3195 3275 3336 3348 3372 3180 2841 2588 2452 2364 2255 2184 2268 2235 2239 2209 2229 2278 2418 2597 2620 2462 2440 2436 2405 2398 2426 2492 2530 2548 2551 2572 2617 2660 2743
1557 1692 1876 2005 2031 2032 2101 2191 2296 2383 2466 2447 2475 2533 2624 2567 2512 2472 2409 2391 2326 2408 2608 2766 2847 2965 3024 3047 2816 2691 2622 2655 2614 2752 2908 2955 3118 3120 3137 2981 3081 3170 3008 2873 2994 3020 2757 2962 3415 3517 3390 3260 3301 3403 3461 3483 3198 2805 2587 2511 2401 2219 2200 2322 2260 2265 2301 2296 2278 2383 2537 2559 2430 2442 2463 2431 2423 2445 2502 2558 2596 2617 2601 2645 2689 2729
1549 1692 1872 1984 1947 1985 2024 2119 2342 2387 2378 2419 2535 2629 2726 2561 2433 2417 2365 2295 2318 2501 2623 2789 2922 2942 2855 2804 2722 2629 2565 2559 2672 2958 3051 2983 3141 3180 3100 3109 3181 3205 3012 2923 3060 3103 2825 2838 3229 3496 3515 3364 3424 3494 3418 3280 2913 2693 2669 2615 2431 2199 2241 2359 2309 2288 2360 2329 2292 2351 2517 2470 2403 2438 2479 2456 2442 2456 2501 2550 2608 2682 2665 2671 2711 2702
1614 1770 1934 1951 1908 1936 1980 2110 2303 2306 2310 2445 2558 2650 2718 2575 2464 2358 2315 2245 2378 2526 2582 2753 2855 2788 2699 2666 2666 2598 2513 2598 2834 3012 3043 2969 3046 3075 3048 3115 3200 3166 3023 3001 3125 3155 2921 2785 3002 3346 3537 3522 3637 3673 3539 3433 3218 2955 2865 2761 2536 2223 2267 2400 2355 2329 2338 2329 2334 2361 2404 2363 2402 2430 2473 2468 2452 2460 2503 2538 2602 2706 2744 2710 2732 2695
1673 1782 1950 1928 1855 1919 2018 2134 2251 2245 2328 2447 2506 2582 2681 2607 2509 2341 2252 2260 2423 2513 2540 2651 2706 2585 2576 2594 2600 2573 2501 2629 2876 2980 2946 2917 2980 2973 2998 3049 3218 3122 3073 3101 3172 3173 3013 2936 2851 3209 3424 3516 3615 3762 3697 3703 3685 3485 3132 2849 2703 2407 2322 2505 2398 2343 2334 2352 2361 2367 2365 2361 2413 2442 2454 2472 2461 2476 2494 2542 2605 2673 2730 2730 2743 2727
1594 1697 1848 1835 1801 1883 1935 2058 2176 2267 2348 2421 2455 2540 2639 2590 2426 2326 2227 2308 2444 2525 2505 2511 2498 2420 2524 2508 2540 2535 2441 2672 2882 2954 2874 2856 2940 2893 2936 3121 3169 3083 3122 3187 3260 3196 3147 3146 2853 3088 3326 3389 3471 3590 3567 3440 3514 3638 3277 2872 2617 2369 2530 2654 2423 2353 2366 2409 2374 2376 2460 2415 2459 2492 2461 2450 2460 2470 2472 2525 2602 2636 2679 2698 2707 2720
1565 1614 1701 1748 1770 1854 1936 2004 2123 2278 2363 2395 2433 2505 2583 2543 2354 2266 2256 2413 2494 2540 2487 2415 2317 2396 2530 2433 2414 2426 2426 2734 2938 2935 2836 2774 2823 2857 3040 3125 3052 3085 3196 3262 3349 3257 3281 3215 2905 2995 3229 3290 3369 3548 3644 3424 3264 3318 3320 2846 2400 2322 2654 2606 2456 2346 2450 2549 2412 2420 2476 2435 2463 2498 2456 2436 2440 2443 2445 2485 2607 2603 2566 2648 2666 2662
1621 1637 1718 1861 1838 1888 2014 2071 2169 2317 2375 2357 2407 2517 2564 2517 2330 2177 2203 2377 2419 2447 2445 2396 2243 2362 2491 2285 2181 2412 2628 2768 2925 2903 2740 2709 2796 2946 3048 2969 3031 3158 3336 3321 3377 3312 3452 3276 2942 3028 3229 3285 3436 3456 3598 3533 3358 3188 3146 2767 2278 2394 2573 2535 2406 2362 2642 2689 2492 2457 2458 2432 2443 2470 2457 2460 2441 2419 2388 2403 2639 2618 2527 2573 2593 2633
1619 1706 1813 2016 1989 1987 2051 2082 2242 2332 2333 2334 2419 2565 2611 2493 2285 2181 2161 2266 2307 2324 2381 2442 2196 2322 2478 1991 2262 2703 2791 2788 2927 2874 2652 2716 2793 2895 2884 2934 3137 3297 3272 3422 3524 3459 3462 3235 3041 3129 3339 3446 3509 3358 3392 3442 3316 3184 2985 2753 2286 2361 2505 2455 2355 2496 2782 2773 2569 2492 2456 2437 2444 2481 2441 2427 2386 2331 2294 2314 2543 2623 2574 2470 2439 2558
1734 1836 1963 2080 2118 2119 2060 2085 2237 2285 2284 2349 2416 2537 2631 2483 2413 2304 2131 2187 2224 2218 2377 2337 2064 2155 2014 1927 2720 2786 2743 2772 2820 2703 2562 2623 2825 2871 2951 3088 3189 3083 3112 3232 3356 3518 3474 3220 3142 3186 3348 3324 3258 3219 3228 3239 3227 3072 3060 2922 2448 2284 2412 2354 2435 2651 2792 2816 2644 2527 2472 2436 2437 2489 2445 2397 2329 2264 2245 2234 2327 2449 2441 2368 2278 2329
1906 1939 2059 2121 2131 2092 2026 2081 2159 2218 2241 2288 2387 2516 2487 2451 2521 2336 2198 2078 2094 2143 2260 1992 1508 1464 2060 2549 2751 2600 2524 2575 2671 2532 2483 2687 2876 2779 2954 3068 2999 2986 3223 3329 3406 3521 3541 3362 3324 3308 3315 3205 3151 3072 3063 3059 3053 2915 2858 2803 2615 2396 2401 2500 2645 2759 2860 2857 2771 2573 2504 2428 2386 2420 2384 2354 2299 2246 2205 2206 2185 2219 2213 2205 2168 2155
1913 1920 1930 1982 2026 2015 2014 2004 2076 2110 2125 2293 2385 2428 2378 2368 2440 2318 2112 1492 1509 1797 1922 1542 1426 1898 2268 2389 2452 2404 2289 2375 2444 2324 2488 2724 2805 2665 2822 2895 2918 3073 3249 3410 3500 3554 3644 3586 3464 3470 3356 3206 3085 3003 2946 2947 2946 2877 2799 2809 2871 2819 2695 2740 2790 2841 2947 2901 2812 2595 2518 2436 2335 2318 2287 2283 2271 2245 2199 2182 2166 2163 2160 2152 2141 2132
1818 1915 1887 1847 1864 1861 1985 1962 1950 1937 1980 2183 2280 2339 2317 2330 2328 2106 1647 1250 1280 1268 1314 1400 2007 2188 2132 2181 2271 2219 2099 2188 2262 2217 2290 2407 2459 2477 2657 2826 3030 3197 3289 3399 3454 3512 3600 3695 3653 3564 3372 3199 3062 2986 3020 3053 3038 3002 2934 2977 3056 3110 2937 2911 2862 2937 2874 2820 2817 2646 2501 2395 2311 2290 2284 2289 2312 2326 2256 2196 2174 2171 2163 2155 2144 2133
1845 1898 1863 1773 1707 1762 1901 1896 1749 1740 1870 2050 2108 2193 2086 2031 1956 1589 1280 1334 1683 1522 1263 1640 1903 1928 1943 1977 2058 2055 2353 2342 2307 2381 2410 2410 2357 2373 2634 2907 3079 3219 3282 3445 3456 3365 3461 3662 3656 3591 3417 3284 3094 3073 3113 3103 3075 3043 2987 3011 3122 3190 3171 3111 2921 2888 2776 2857 2886 2641 2450 2369 2323 2310 2299 2327 2423 2429 2316 2242 2221 2206 2202 2182 2151 2139
1810 1803 1655 1647 1569 1561 1705 1681 1494 1391 1536 1628 1730 1734 1481 1295 1242 1271 1389 1743 2219 2168 1433 1617 1785 1965 2051 2031 2052 2304 2518 2569 2614 2663 2763 2761 2592 2426 2462 2738 3004 3105 3187 3262 3249 3284 3452 3529 3532 3629 3405 3373 3247 3228 3098 3026 3039 3046 2954 2879 2991 3165 3329 3245 2996 2833 2824 2852 2786 2531 2428 2379 2356 2337 2331 2345 2375 2358 2275 2276 2294 2298 2312 2266 -9999 -9999
1593 1657 1529 1424 1436 1417 1488 1541 1272 1283 1364 1435 1404 1314 1307 1446 1418 1421 1807 2252 2353 2237 1765 1876 2031 2203 2319 2327 2377 2541 2660 2702 2804 2887 2977 2878 2681 2681 2562 2482 2784 3009 3040 3029 3014 3183 3331 3331 3497 3594 3299 3298 3484 3393 3104 3008 3062 3027 2982 2850 2764 2973 3255 3261 2955 2757 2679 2673 2581 2470 2474 2407 2378 2365 2359 2353 2323 2308 2282 2345 2330 2317 2327 -9999 -9999 -9999
1311 1463 1536 1355 1361 1354 1367 1387 1125 1506 1727 1830 1725 1671 1761 1847 1842 1890 2160 2377 2393 2308 1932 2001 2181 2384 2471 2458 2497 2571 2648 2742 2862 3041 3101 2975 2708 2851 2775 2514 2526 2707 2824 2952 3030 3037 3156 3290 3505 3554 3275 3159 3460 3462 3299 3127 3033 3030 3061 2977 2785 2720 2987 3195 3082 2819 2694 2560 2508 2481 2503 2443 2395 2379 2368 2343 2329 2349 2366 2422 2401 2317 -9999 -9999 -9999 -9999
1181 1302 1475 1256 1270 1336 1364 1287 1127 1528 1854 2062 2118 2131 2207 2074 2055 2147 2267 2386 2413 2373 2046 1967 2102 2267 2420 2456 2462 2492 2587 2646 2809 3063 3219 3075 2795 2888 2846 2651 2635 2550 2850 3066 3174 3207 3292 3433 3431 3420 3268 3069 3213 3410 3542 3297 3134 3073 2977 2846 2762 2577 2719 2895 3058 3021 2797 2605 2531 2504 2545 2485 2412 2408 2442 2388 2345 2330 2422 2498 2480 -9999 -9999 -9999 -9999 -9999
1052 1175 1298 1031 1139 1274 1375 1144 1210 1525 1726 1936 2127 2211 2253 2183 2141 2123 2206 2380 2341 2267 2038 1958 2014 2124 2284 2372 2342 2359 2477 2524 2725 2985 3201 3182 2914 2925 2793 2816 2798 2698 2829 3022 3120 3267 3422 3369 3237 3241 3138 2979 3050 3443 3671 3210 3045 2920 2865 2854 2897 2781 2550 2618 2736 2901 2944 2705 2588 2520 2499 2478 2460 2491 2510 2428 2386 2317 2375 2450 -9999 -9999 -9999 -9999 -9999 -9999
864 902 938 789 858 938 1100 1069 1354 1603 1798 1922 2059 2229 2261 2203 2144 2125 2183 2341 2246 2150 2119 2099 2060 2089 2156 2212 2233 2280 2371 2480 2663 2900 3177 3195 3003 2941 2846 2965 2838 2802 2819 3007 3116 3215 3321 3189 3090 2966 2920 2816 3122 3447 3542 3317 2982 2993 3141 3190 3062 2976 2745 2529 2543 2679 3004 2822 2642 2564 2516 2505 2536 2602 2561 2491 2437 2335 -9999 -9999 -9999 -9999 -9999 -9999 -9999 -9999
