Dropbox/GRP Data/GRP mammal paper/NN_analysis/DATA/2014 input files/yo_h_bio12Apr2014.asc
NCOLS 224 
NROWS 139 
XLLCORNER -69800.8126435 
YLLCORNER -76370.3008923 
CELLSIZE 821.1860311 
NODATA_value -3.4e+38 
[rows 92 to 114 of 139, columns 51 to 101 of 224]
50352.84375 51086.04296875 52256.85546875 52775.5078125 52588.875 51566.01171875 49829.58984375 48852.984375 48762.15625 50271.86328125 54027.328125 58240.09765625 61162.54296875 62625.125 63554.6015625 65689.609375 69892.7421875 75105.421875 79612.2734375 82072.65625 81424.3828125 78076.609375 72825.578125 68979.8828125 67586.296875 68049.9765625 68422.984375 67391.4375 65122.73828125 64171.61328125 66015.078125 71392.015625 77245.7421875 81157.546875 82894.921875 83643.7421875 84382.21875 85493.7265625 87217.0234375 87061.125 84124.6484375 79377.8671875 75364.421875 73735.3828125 74047.25 75445.640625 77956.078125 81005.671875 82566 82214.25 80126.71875
49943.12109375 49626.52734375 49981.609375 50432.00390625 50756.72265625 50515.90625 49699.8515625 49275.859375 49918.9765625 51445.10546875 54065.53515625 56831.3125 58876.4453125 60184.859375 60671.3125 62393.0625 65718.53125 69975.3984375 74464.6171875 78098.5703125 79194.40625 77402.875 72727.4453125 68006.8203125 65223.6171875 64631.1640625 64566.453125 64089.046875 62525.50390625 63252.9375 65980.6015625 70970.53125 75917.484375 79456.5078125 81332.6796875 82310.359375 83312.4296875 84569.0703125 85851.5703125 85372.1875 81761.6640625 76339.75 71714.4609375 69949.7109375 70045.9609375 71444.6875 73214.3125 75225.953125 75929.2734375 75654.28125 75185.78125
49620.46875 48774.37890625 48394.79296875 48553.0625 49188.859375 50027.453125 50596.390625 51874.109375 53571.34765625 55554.3984375 56888.89453125 57262.90625 57449.73046875 57188.5859375 57560.37109375 59162.0546875 61718.16796875 65063.6015625 68887.3984375 72515.1015625 74772.84375 74933.5546875 71985.4765625 67817.78125 64828.02734375 63429.48046875 62651.63671875 61690.97265625 61521.4453125 62973.53515625 66500.96875 70904.34375 75048.3203125 78138.8828125 80024.2265625 81287.734375 82240.7890625 83493.0703125 84186.1953125 83512.1484375 79987.46875 75054.71875 70878.921875 69494.3359375 69394.9140625 69925.78125 70163.828125 71502.828125 72294.2109375 73154.8046875 75078.34375
49600.78515625 49490.84765625 49171.4296875 48174.62109375 49015.21484375 50647.015625 52865.6328125 55753.46484375 59013.3125 61317.15625 61885.24609375 60431.10546875 58312.875 56325.60546875 55395.3203125 56261.73828125 58649.5 61535.515625 64710.08203125 67320.59375 69558 70355.9375 69218 66942.2109375 64640.59765625 63240.37109375 61981.82421875 60734.5390625 60722.3046875 62866.0859375 66707.140625 70693.65625 74027.921875 76880.2421875 79210.234375 80880.8046875 81978.6015625 82283.953125 82115.78125 80664.453125 77509.609375 73592.8125 71175.1875 71730.7890625 72461.703125 71198.671875 70193.765625 70846.1171875 71376.8359375 72804.8125 76057.578125
49856.74609375 49659.67578125 48566.25390625 48046.359375 49249.30859375 51522.578125 55140.359375 59071.26953125 62637.94140625 65174.3515625 65730.21875 64512.875 61965.6484375 58407.7109375 55658.375 54980.640625 56704.46875 59290.28515625 61960.16015625 63817.1640625 65171.33203125 65793.078125 65649.65625 64673.42578125 63642.19140625 62827.1328125 61872.96484375 60378.43359375 60026.875 62221.828125 65771.7109375 69162.484375 72127.9453125 75228.0625 78235.4921875 80373.546875 81353.3671875 80698.7265625 78429.59375 75780.640625 72813.609375 70317.375 70368.609375 72567.09375 75045.0546875 75172.1015625 73461.6640625 71959.6328125 71213.21875 71855.3984375 75193.6015625
50476.578125 50106.60546875 49311.2578125 48326.0078125 49152.703125 51599.83203125 55776.0859375 59936.40625 63331.6015625 66065.8984375 67425.2734375 67391.640625 65339.77734375 62271.421875 58224.7734375 55946.09375 55955.23046875 57580.15234375 59732.8359375 60952.578125 61558.4296875 61954.42578125 62043.265625 62258.578125 62207.2578125 61839.3046875 61007.9296875 59709.97265625 59496.8359375 61357.8203125 64438.12109375 66572.0546875 69231.28125 72727.96875 76539.75 79258.515625 79964.9453125 78036.03125 74748.5078125 72124.9609375 70346.625 70481.484375 72723.78125 76549.984375 79627.3359375 80806.6484375 79449.390625 76770.1171875 74562.2265625 73059.28125 74445.9140625
51173.34765625 51199.42578125 50266.53515625 49013.90625 48857.234375 51025.10546875 54759.109375 58735.8515625 61969.19140625 64515.640625 66803.8046875 68379.2578125 68229.5078125 66211.1640625 61931.765625 58534.2578125 56655.90234375 56605.51171875 57804.59765625 58597.59765625 58828.3203125 58868.5546875 59259.953125 59785.66796875 60482.44921875 60522.8984375 60016.58203125 59110.26171875 58742.55078125 60060.578125 62361.67578125 63796.26953125 66070.4765625 69782.5859375 74165.96875 77125.2109375 77428.6015625 75092.8203125 72055.4140625 70419.8203125 70922.3828125 73307.078125 77192.796875 81267.1328125 84397.40625 85850.7265625 84626.4140625 82716.234375 79938.09375 76473.21875 74950.8984375
51330.8046875 51973.67578125 51062.49609375 49534.546875 48514.046875 49863.36328125 52668.96875 56199.1875 59417.51953125 62199.9375 64986.32421875 67810.3828125 69438.890625 68909.0625 65874.859375 62103.19921875 58766.3515625 56759.91796875 56381.5390625 56526.72265625 56615.203125 56751.125 57269.24609375 58093.609375 58949.82421875 59236.97265625 59081.1171875 58774.58203125 58798.921875 60057.44921875 61139.37890625 62197.015625 63892.765625 67123.515625 71211.9453125 73504.09375 73794.875 72043.25 70239.296875 70736.515625 73634.828125 77533.609375 81807.953125 85004.40625 87828.328125 89418.8046875 89148.5390625 87891.203125 85024.984375 81099.34375 77603.8828125
51107.171875 51979.984375 51470.19140625 49650.01171875 48063.94921875 48548.265625 50338.57421875 53401.52734375 56647.65234375 59977.4453125 62896.0625 66262.5703125 68699.546875 69770.3046875 68845.59375 65841.0390625 61999.73046875 58367.07421875 56128.52734375 55212.3515625 55013.04296875 55315.8671875 55912.1953125 56988.5234375 57979.59375 58331.92578125 58479.71484375 58876.5546875 60314.8828125 62346.0234375 62784.30078125 62842.15625 63311.11328125 65029.90625 67565.0390625 69003.3203125 69597.71875 68864.4765625 68881.0703125 72127.4453125 76932.2734375 81811.078125 85495.6484375 87600.6484375 89646.9296875 91553.40625 92521.3984375 91859.1953125 89361.3984375 85807.5859375 81849.84375
50628.81640625 51378.83984375 51144.4375 49269.953125 47594.015625 47479.40234375 48510.99609375 51142.12890625 54319.9375 57884.703125 60845.43359375 64002.18359375 66665.328125 68879.7578125 69837.2734375 68673.453125 65525.1171875 61199.74609375 57617.6875 55732.46875 55087.30078125 55040.51953125 55797.6953125 56409.1015625 57578.875 57870.86328125 58362.734375 59485.5 62549.73046875 65916.0625 66996.921875 65637.4609375 64247.390625 63645.984375 63922.39453125 65096.59765625 65719.2734375 65994.5390625 67794.46875 73055.78125 79419.53125 84944.421875 88118.578125 89572.1328125 90655.1875 92692.296875 93914.921875 94643.8359375 93270.453125 90152.1640625 86436.8203125
49658.484375 50518.8984375 50097.7890625 48298.89453125 47181.97265625 46584.53125 47478.15625 49457.5625 52420.97265625 55933.703125 58865.85546875 61178.02734375 63761.08203125 66683.8046875 68905.140625 69633.390625 68007.6328125 64355.546875 60677.1640625 58602.1484375 57958.484375 57962.1015625 58321.62890625 58490.7734375 58246.73828125 57840.23046875 58353.484375 60236.5546875 64030.7890625 68575.8828125 70256.125 68914.453125 66565.078125 63776.203125 62492.4765625 63049.484375 63451.10546875 64458.734375 67160.1640625 72873.484375 80474.9140625 86584.8046875 89674.234375 91134.796875 91891.15625 93498.796875 95018.2890625 96023.4140625 95785.2421875 94105 90786.5078125
49084.79296875 50149.8828125 49246.8671875 47493.625 45821.390625 45873.9609375 46869.38671875 48356.66015625 50897.203125 53651.57421875 56720.6953125 58881.9375 60745.8828125 63532.33984375 66638.6484375 68740.5078125 69068.109375 67344.328125 64596.4609375 62438.12890625 62058.9140625 63201.7265625 63972.01171875 64480.4765625 63520.23828125 59995.08203125 59544.66015625 60622.7734375 63866.48828125 67617.125 69949.1328125 70069.1484375 69599.5703125 66280.9296875 64166.90234375 64233.95703125 65219.67578125 65347.45703125 67842.7578125 73221.8984375 80823.59375 87197.5078125 90205.328125 91859.1484375 93180.4609375 94488.6640625 95871.6171875 97309.125 97031.7421875 95726.9453125 93880
48115.1640625 48687.81640625 47679.93359375 46035.17578125 45650.5078125 45908.36328125 46885.296875 48186.96875 49925.49609375 51883.5078125 54374.453125 57137.40625 59068.74609375 61372.02734375 64486.34375 67407.6328125 69351.546875 69485.7890625 67872.8125 66335.671875 66363.7734375 67513.7890625 69642.359375 71136.6328125 71068.921875 66110.9140625 62246.88671875 61476.01171875 62748.4453125 64884.625 67438.234375 68690.1953125 68792.2421875 67634.390625 67435.546875 68426.1796875 68475.3359375 69223.8515625 69837.8359375 73948.9453125 80685.578125 86663.1171875 90249.140625 92173.2421875 93794.78125 95496.6171875 97163.75 98408.3203125 98627.640625 98114.203125 95947.59375
47035.02734375 47465.86328125 46530.59765625 45427.24609375 45564.69140625 46906.40234375 47945.70703125 48829.3125 49736.2265625 51337.52734375 53659.4921875 56378.49609375 58646.8359375 60937.96484375 63892.70703125 67136.6171875 69820.1171875 71066.2578125 70076.4375 68650.796875 68361.2421875 69755.53125 72429.1015625 75254.75 77237.0703125 74181.796875 69437.078125 65416.86328125 64347.36328125 65347.81640625 66689.1953125 68418.078125 69726.640625 70726.5078125 71767.6015625 73086.21875 73259.8984375 73460.40625 73561.3046875 75678.7265625 80173.1171875 85168.0234375 88982 91197.09375 93714.3046875 95041.5546875 96551.9375 97487.265625 97894.96875 98350.6953125 96358.0625
45815.25390625 46595.05078125 46125.09765625 45451.171875 45865.23828125 47386.20703125 48801.20703125 49644.1640625 50292.5234375 51591.6171875 53737.38671875 56270.2109375 58499.29296875 60778.04296875 63621.5625 67204.7734375 70385.3828125 72187.90625 71838.6875 70450.5 69279.5703125 69904.0234375 72451.6484375 77650.5234375 81593.2109375 81145.0390625 77571.8359375 72360.8984375 69991.09375 69913.0078125 70422.9609375 71373.1796875 72496.8515625 73905.34375 75167.09375 76570.4609375 77573.046875 77791.640625 77547.578125 77939.5078125 80127.6953125 83560.9140625 86925.640625 89737.5078125 92544.2265625 94525.75 96236.453125 97203.65625 97234.53125 97040.421875 95576.9765625
45003.96875 45926.89453125 45706.53515625 45054.41796875 45726.86328125 47465.61328125 49234.484375 50148.88671875 50696.39453125 51790.04296875 53582.19921875 55784.9296875 58026.7734375 60130.76953125 63065.109375 66700.359375 70141.7578125 72850.3828125 73470.1640625 72049.65625 69826.7890625 69085.6796875 71210.5625 77506.3828125 83012.84375 85406.0390625 84468.75 81314.609375 78144.0625 77228.7578125 77092.96875 76948.2578125 76972.9140625 77921.5078125 79439.890625 80483.6484375 81518.359375 81864.953125 81687.7890625 81090.109375 81449.9921875 83064.9765625 85672.3671875 88772.4375 91777.78125 94110.6171875 95873.03125 96695.1328125 96791.9765625 96211.7890625 95409.609375
44266.64453125 45095.87109375 45006.0703125 44344.7734375 45101.3515625 47074.19140625 48902.36328125 50124.93359375 50701.48046875 51503.6171875 52837.08984375 54578.2578125 56624.9375 58647.5546875 61696.44140625 65281.75 69195.2265625 72622.765625 73930.0234375 72826.203125 70251.921875 68335.4375 69437.046875 75024.5078125 81340.8046875 86434.3203125 88712.609375 88612.46875 86610.3203125 85538.7578125 84874.3828125 83965 82989.296875 83319.8359375 84614.875 85319.953125 85935.8984375 86288.5078125 86125.9453125 84929.6328125 83839.0546875 83665.6640625 85055.4609375 87766.4296875 90724.4453125 93172.171875 95086.6875 96008.8046875 96194.25 95871.90625 95614.375
43159.48828125 43954.1171875 43975.484375 43562.30859375 44349.37109375 46402.02734375 48169.66015625 49537.13671875 50167.91796875 50709.8359375 51651.46875 52965.7890625 54605.140625 56795.43359375 59874.35546875 63436.6328125 67603.734375 71078.421875 72607.0703125 72224.921875 70177.4296875 67812.4765625 67800.359375 71598.65625 77604.453125 84498.109375 89533.34375 91834.375 92546.1015625 92206.390625 91467.25 90356.203125 88686.34375 88268.796875 88706.5703125 89277.8046875 89554.9609375 89864.1484375 89549.6171875 88119.2578125 86033.8515625 84847.5234375 84943.953125 86833.2734375 89428.7421875 91882.59375 93949.171875 95432.921875 95733.2421875 95644.84375 95632.015625
41654.55078125 42498.71484375 42623 42616.6953125 43666.84765625 45720.0546875 47623.69921875 48692.1875 49192.609375 49698.046875 50418.5625 51445.1171875 52858.53515625 55183.32421875 58155.88671875 61633.83203125 65335.76953125 68503.1640625 70159.9140625 70315.96875 69241.9609375 67212.9375 66811.3828125 68764.9296875 73367.4609375 80525.9453125 87119.4921875 91344.8671875 93910.5859375 94887.5625 94677.21875 93820.4140625 91591.21875 90342.7734375 90138.1328125 90403.2265625 90343.5390625 90534.6796875 90344.9765625 89240.6328125 87080.0703125 86087.8828125 85702.9296875 86826.3828125 88899.03125 90865.15625 92885.9296875 94797.4609375 95780.7734375 95658.4375 95567.734375
40076.73828125 40751.71484375 41140.32421875 41512.59765625 42995.45703125 45018.796875 47118.79296875 48147.515625 48462.6953125 48887.2578125 49523.82421875 50307.3671875 51648.8671875 53618.953125 56136.6328125 59471.27734375 63031.98828125 65898.8359375 67520.3046875 67643.75 67861.421875 66616.90625 65917 67065.796875 69851.53125 75865.1015625 82729.03125 87992.65625 91584.296875 93745.1796875 94226.4453125 93610.375 91617.6953125 90146.921875 89673.0703125 89480.9921875 89474.3828125 89379.265625 89388.9609375 88549.921875 87369.1875 86693.09375 86593.7578125 87195.03125 88266.7265625 89661.5546875 92172.7890625 93938.40625 95433.375 95623.1171875 95408.7734375
38683.3359375 39253.63671875 40012.1171875 40918.4609375 42675.78125 44874.59375 46611.6171875 47524.53125 48058.14453125 48247.01171875 48813.0546875 49778.6640625 50722.23828125 52353.21875 54503.3984375 57194.0546875 60287.98828125 62824.44140625 64340.22265625 65285.10546875 65714.0234375 65450.6484375 65263.18359375 66220.4140625 67699.390625 71290.1484375 76958.1953125 82362.84375 86118.9375 88661.03125 90230.1796875 89880.90625 88555.265625 87340.953125 87099.6875 87121.4453125 87361.109375 87384.578125 87499.8203125 87266 87001.6796875 86749.0234375 86720.234375 87227.7578125 87592.234375 88785.2421875 90151.1015625 92493.0625 93644.84375 94670.234375 94976.03125
37963.2890625 38514.2578125 39561.7578125 40918.2890625 43007.37109375 45129.99609375 46503 47267.5859375 47644.6171875 48269.3203125 48791.796875 49308.09765625 50109.546875 51228.15234375 52881.66015625 55062.72265625 57314.6953125 59555.30859375 61418.35546875 62943.8203125 63815.0078125 64057.4375 64010.046875 64747.91796875 65966.5703125 68350.1796875 72219.2109375 76230.84375 79487.78125 81828.6171875 83469.3359375 83869.0390625 83786.0859375 83502.7265625 83548.828125 83921.0859375 84044.515625 84242.5234375 84848.125 85758.6484375 86481.9296875 86824.265625 86833.7734375 86765.875 86191.4765625 86346.171875 87216.453125 89223.640625 90832.625 92003.75 92665.15625
37897.48828125 38629.8828125 39710.0390625 41329.484375 43327.3828125 45142.7421875 46385.90625 46809.875 47250.0234375 47892.8125 48492.47265625 48966.57421875 49523.0625 50215.71875 51531.01171875 53096.6640625 54795.05078125 56400.46875 58183.2109375 60013.88671875 61168.890625 61877.734375 62383.28125 63538.6328125 65028.47265625 66985.7265625 69646.7890625 72507.453125 74876.4453125 76405.7578125 77486.5078125 78383.84375 79351.3125 79876.0703125 80262.4453125 80409.3359375 80440.4609375 80871.8203125 82177.8515625 83893.6875 85671.9375 86618.8671875 86536.0625 85786.3359375 84662.96875 83854.859375 83980.0859375 85198.953125 86887.8984375 88384.0859375 89733.84375
