Dropbox/GRP Data/GRP mammal paper/NN_analysis/DATA/2014 input files/yo_h_bio06Apr2014.asc
NCOLS 224 
NROWS 139 
XLLCORNER -69800.8126435 
YLLCORNER -76370.3008923 
CELLSIZE 821.1860311 
NODATA_value -3.4e+38 
[rows 80 to 99 of 139, columns 46 to 91 of 224]
166.51579284668 213.316207885742 219.113586425781 211.350555419922 181.230499267578 78.0681686401367 18.1197891235352 -11.5134220123291 -8.53232765197754 13.9539346694946 97.2420120239258 50.7995185852051 -9.43398666381836 -48.3550720214844 -63.1042556762695 -77.1591796875 -87.8271179199219 -155.569549560547 -213.364044189453 -234.633544921875 -244.305130004883 -274.838775634766 -272.396789550781 -265.186248779297 -261.826293945312 -252.296783447266 -288.381896972656 -302.737548828125 -342.029602050781 -346.547668457031 -337.387664794922 -327.759582519531 -301.831665039062 -261.59033203125 -237.387252807617 -282.361236572266 -254.575164794922 -237.854705810547 -275.940979003906 -261.037445068359 -244.428955078125 -257.513732910156 -344.905059814453 -366.846099853516 -263.890502929688 -167.511154174805
177.671615600586 204.129486083984 192.185333251953 206.030776977539 187.071762084961 103.608184814453 57.6396064758301 17.9133720397949 -2.98021006584167 34.9060707092285 16.2428035736084 -4.60333490371704 -31.415412902832 -43.6747856140137 -51.6836433410645 -60.4575424194336 -65.7443695068359 -90.3938140869141 -159.384399414062 -159.866287231445 -218.44743347168 -277.311431884766 -278.294982910156 -269.367523193359 -269.703216552734 -260.504089355469 -279.521606445312 -301.831970214844 -326.622039794922 -321.815032958984 -312.381622314453 -309.495635986328 -280.407165527344 -246.646484375 -192.629028320312 -222.537506103516 -205.727081298828 -212.158508300781 -269.028778076172 -253.949005126953 -243.865570068359 -251.088851928711 -283.262817382812 -320.927642822266 -356.24755859375 -264.028167724609
195.213180541992 194.848129272461 184.046524047852 191.533279418945 202.897399902344 151.142044067383 81.4118804931641 24.5590877532959 -19.5743446350098 16.9869251251221 -25.7164173126221 -38.2892112731934 -46.726203918457 -26.1007785797119 -17.084846496582 -22.0854511260986 -60.6210823059082 -78.6216430664062 -121.124732971191 -91.8019332885742 -175.992935180664 -266.403472900391 -286.606811523438 -274.375 -264.792633056641 -262.155487060547 -260.554504394531 -281.748046875 -298.301727294922 -300.443969726562 -316.302734375 -314.732788085938 -276.667510986328 -238.449859619141 -175.288665771484 -181.796356201172 -186.137878417969 -203.599502563477 -249.435440063477 -244.590377807617 -237.472412109375 -262.218566894531 -243.76025390625 -242.971862792969 -332.519073486328 -346.917602539062
230.863327026367 228.791656494141 224.705215454102 206.146102905273 222.901626586914 173.365753173828 84.6301422119141 21.4827060699463 -27.3342437744141 19.2957382202148 -11.6714715957642 -40.9493408203125 -33.1920547485352 3.92876958847046 33.6268882751465 34.8451309204102 -52.6705169677734 -79.0808944702148 -89.4515228271484 -65.0346832275391 -135.605133056641 -238.933197021484 -285.87890625 -272.218994140625 -262.598907470703 -246.690093994141 -243.978515625 -249.395263671875 -257.419738769531 -273.638336181641 -312.798797607422 -305.459289550781 -262.206176757812 -241.319122314453 -176.570175170898 -205.358154296875 -216.790313720703 -228.6552734375 -251.027938842773 -248.530197143555 -220.585144042969 -257.520263671875 -223.541412353516 -218.981506347656 -288.111999511719 -342.064392089844
259.938781738281 267.025512695312 257.480865478516 240.635452270508 222.648910522461 156.528182983398 93.5168304443359 42.2013282775879 24.4673976898193 74.5926818847656 -10.7871246337891 -53.6771278381348 -29.212495803833 2.69963145256042 56.4145622253418 70.1562194824219 -8.68252563476562 -27.8435726165771 -24.9944705963135 -29.4122295379639 -129.778533935547 -193.53938293457 -242.45231628418 -255.303939819336 -252.542663574219 -212.612670898438 -203.744644165039 -208.397216796875 -237.730728149414 -260.244506835938 -284.199798583984 -263.907958984375 -239.871612548828 -236.579635620117 -157.134796142578 -234.020324707031 -224.72331237793 -243.516189575195 -255.853927612305 -223.166397094727 -203.533294677734 -229.001098632812 -210.361785888672 -207.745941162109 -244.114456176758 -271.864440917969
253.16227722168 272.889221191406 269.281890869141 257.934783935547 231.013442993164 202.345321655273 175.266326904297 117.186637878418 86.7207183837891 88.4685363769531 25.9476737976074 16.2643241882324 17.8477973937988 -11.9627685546875 34.5310287475586 89.3577194213867 74.0470275878906 9.31798648834229 18.6659469604492 8.51001930236816 -108.070449829102 -158.782821655273 -185.50959777832 -223.026565551758 -218.710311889648 -198.322555541992 -198.983108520508 -192.125686645508 -230.760635375977 -244.839126586914 -242.886291503906 -235.116928100586 -227.705657958984 -248.729904174805 -142.310913085938 -100.683738708496 -201.539672851562 -216.544464111328 -243.922836303711 -234.378524780273 -223.536666870117 -222.93473815918 -209.472061157227 -225.12776184082 -220.681549072266 -206.007629394531
235.153274536133 252.407196044922 267.82080078125 267.543029785156 245.205810546875 212.287582397461 204.914001464844 183.068206787109 166.454879760742 148.970474243164 129.536468505859 119.106796264648 85.4392166137695 17.7302989959717 43.4356117248535 101.845222473145 96.0447006225586 74.9298095703125 57.1770477294922 35.9603576660156 -27.3763198852539 -106.905097961426 -116.638778686523 -160.540069580078 -182.196136474609 -184.541839599609 -173.608810424805 -189.136077880859 -213.292678833008 -197.710342407227 -191.484176635742 -215.187164306641 -206.219619750977 -199.090087890625 -79.5545196533203 -77.2435836791992 -190.743927001953 -206.128234863281 -233.440170288086 -228.957046508789 -218.885604858398 -196.661865234375 -164.898483276367 -218.590484619141 -203.953506469727 -197.846771240234
241.325912475586 258.087707519531 272.907440185547 272.294982910156 262.578796386719 244.105041503906 228.380950927734 190.820663452148 172.250961303711 162.669906616211 180.340026855469 144.616226196289 142.934646606445 118.265586853027 107.599502563477 120.889427185059 99.8536605834961 79.9466857910156 66.6917724609375 11.2691011428833 -21.6185111999512 -69.4542083740234 -99.5266342163086 -116.032333374023 -136.621520996094 -154.633514404297 -149.637649536133 -178.198471069336 -208.813873291016 -195.052459716797 -185.594909667969 -195.690841674805 -192.264144897461 -185.593643188477 -125.094375610352 -63.4312286376953 -133.046264648438 -138.343841552734 -189.539474487305 -187.674621582031 -174.905334472656 -166.901473999023 -190.555282592773 -194.278762817383 -194.239959716797 -193.042556762695
237.785598754883 261.608612060547 277.163696289062 278.386077880859 276.899322509766 267.042144775391 244.197784423828 211.197692871094 196.97492980957 212.785079956055 181.142761230469 155.274002075195 142.782958984375 142.157897949219 143.251739501953 126.185676574707 101.088623046875 88.2834777832031 69.4138717651367 6.73384523391724 -8.89781665802002 -33.4595184326172 -55.6005592346191 -70.7636108398438 -82.5576553344727 -102.026184082031 -129.968551635742 -160.404754638672 -176.248077392578 -163.321228027344 -148.613967895508 -142.180572509766 -142.725463867188 -155.008178710938 -152.93376159668 -49.1391143798828 -83.7964324951172 -98.1546478271484 -156.271209716797 -169.005493164062 -161.942199707031 -156.524139404297 -178.882202148438 -178.382400512695 -164.23974609375 -190.215423583984
242.215408325195 242.576705932617 269.666290283203 283.259704589844 283.225433349609 274.145568847656 243.569213867188 220.127700805664 219.008804321289 233.107971191406 210.902435302734 195.117126464844 156.839492797852 139.497848510742 157.815277099609 116.137985229492 101.749839782715 92.7824554443359 77.456916809082 9.0119571685791 -20.5392570495605 -44.9271011352539 -110.934127807617 -120.722862243652 -100.965003967285 -76.7878799438477 -111.651092529297 -122.539978027344 -127.185424804688 -118.700401306152 -119.977325439453 -114.958831787109 -108.704681396484 -90.4202651977539 -88.8437042236328 -34.5358505249023 -114.82495880127 -93.0581665039062 -139.616439819336 -157.11882019043 -148.280288696289 -145.774612426758 -155.899765014648 -147.989166259766 -151.31494140625 -192.285064697266
262.900115966797 224.392929077148 263.832824707031 276.533569335938 287.340667724609 278.37548828125 242.176147460938 217.995697021484 219.531219482422 229.162811279297 230.59455871582 219.253646850586 179.640869140625 148.53678894043 157.27033996582 105.457733154297 65.8647918701172 94.2580490112305 82.8901290893555 30.9380626678467 -29.5589275360107 -58.2954025268555 -153.062301635742 -165.154235839844 -141.880096435547 -86.5216674804688 -77.5832824707031 -73.6147613525391 -72.489501953125 -87.2809829711914 -85.6655044555664 -89.4339752197266 -96.8597183227539 -76.990348815918 -23.9490356445312 -6.12585163116455 -100.803833007812 -83.3288345336914 -114.296058654785 -119.065696716309 -129.294891357422 -119.066375732422 -119.243927001953 -116.548011779785 -139.606246948242 -164.892578125
298.150634765625 257.7333984375 259.311553955078 271.282440185547 290.231048583984 281.011688232422 256.3525390625 218.866912841797 211.153381347656 227.568756103516 230.612091064453 221.394668579102 187.111968994141 153.580932617188 146.656509399414 124.60871887207 48.623664855957 78.2286529541016 82.0727920532227 63.1342926025391 2.05989336967468 -31.0548496246338 -120.855049133301 -163.538269042969 -157.306076049805 -114.866996765137 -53.2912178039551 -34.0389366149902 -29.3191452026367 -49.5515327453613 -41.648120880127 -48.5561103820801 -84.0895462036133 -74.5332412719727 0.288364976644516 0.93816739320755 -53.2749061584473 -65.8684844970703 -83.8545150756836 -87.4604034423828 -117.071311950684 -101.857490539551 -92.6641998291016 -94.0249710083008 -126.51929473877 -130.124526977539
321.825317382812 310.526153564453 272.329071044922 286.396545410156 297.410583496094 284.542541503906 267.504699707031 231.956558227539 223.497268676758 238.91716003418 228.986526489258 222.016525268555 184.938812255859 151.316818237305 138.648361206055 155.832824707031 97.3246536254883 58.1296234130859 67.10693359375 87.7208023071289 60.3114891052246 14.1946802139282 -57.8627395629883 -143.680145263672 -148.449432373047 -138.804611206055 -74.1508102416992 -21.349157333374 -5.10240459442139 -3.84536671638489 -6.21394205093384 -11.2030763626099 -55.8287963867188 -27.2644882202148 17.9372024536133 -27.6495151519775 -49.6932601928711 -56.1570434570312 -69.8322219848633 -92.6879730224609 -106.716751098633 -100.765670776367 -90.9240493774414 -79.8750228881836 -115.275512695312 -110.288360595703
314.221343994141 311.655700683594 311.236694335938 315.370056152344 314.030639648438 296.486633300781 258.922271728516 248.971130371094 253.546279907227 250.739151000977 226.616287231445 219.175476074219 195.2998046875 174.956939697266 147.756210327148 143.832656860352 149.280502319336 89.8960113525391 51.5124206542969 106.246162414551 94.6959915161133 29.0983924865723 -2.21975493431091 -86.4137420654297 -115.717124938965 -132.183898925781 -113.98616027832 -38.7083396911621 12.6325359344482 8.04601669311523 17.0000476837158 10.2511110305786 -12.8002061843872 -2.24054598808289 44.5329399108887 -29.0270938873291 -34.7333946228027 -42.6159591674805 -67.7430572509766 -86.7174453735352 -80.2879867553711 -77.508056640625 -81.3530197143555 -79.0460510253906 -89.3118438720703 -75.4694519042969
312.899932861328 312.968719482422 314.078277587891 320.865783691406 322.196105957031 307.745941162109 297.911651611328 247.009429931641 234.072860717773 248.322509765625 222.213851928711 203.744186401367 190.445770263672 193.389358520508 159.428604125977 140.72200012207 142.665298461914 170.746780395508 142.704208374023 119.175712585449 136.407073974609 65.8518142700195 45.2167778015137 40.7174034118652 -1.65064680576324 -66.1871795654297 -75.8687133789062 -63.5732383728027 23.5316791534424 71.2352447509766 53.5244636535645 47.542106628418 76.3185424804688 103.331657409668 76.7436218261719 -21.6917819976807 -33.8281364440918 -38.1784019470215 -52.8961982727051 -63.182933807373 -80.698356628418 -101.75537109375 -92.3347091674805 -91.9843139648438 -79.5088043212891 -103.421104431152
314.836486816406 311.605621337891 313.748687744141 318.380004882812 321.125946044922 315.218017578125 309.270263671875 247.808380126953 249.792694091797 263.453979492188 254.985977172852 237.655166625977 190.734436035156 104.46452331543 63.9969024658203 92.2211456298828 105.727195739746 169.531036376953 142.979797363281 136.886825561523 127.603286743164 111.978034973145 83.8072814941406 63.7519874572754 70.4506225585938 32.3658447265625 14.5908546447754 40.5916595458984 54.8113250732422 64.8603744506836 67.1664276123047 72.6584701538086 107.981079101562 116.885528564453 20.6557025909424 -6.87904453277588 -16.3884449005127 -9.89180374145508 -40.9232597351074 -48.746768951416 -57.7961463928223 -66.4588012695312 -92.110481262207 -79.7066955566406 -79.1484451293945 -82.8526611328125
308.041076660156 314.455535888672 317.763397216797 318.943054199219 319.125762939453 320.018951416016 316.530456542969 297.776153564453 260.578277587891 272.701538085938 245.421356201172 187.021881103516 143.954849243164 89.6594390869141 69.2300186157227 89.8377685546875 99.2156753540039 85.7979583740234 128.283279418945 149.279968261719 136.064392089844 148.932601928711 103.541580200195 70.2224502563477 63.2726669311523 71.2596817016602 63.9839630126953 49.6638793945312 65.5411834716797 77.3471984863281 73.3419036865234 76.7541732788086 71.6954345703125 111.408424377441 78.2566528320312 6.23922443389893 -11.3438472747803 -0.410574823617935 -38.7253379821777 -46.1617889404297 -56.3027267456055 -60.7785453796387 -57.0523147583008 -55.3039588928223 -98.3712158203125 -27.3284301757812
242.332427978516 258.916931152344 317.148834228516 318.631530761719 309.759887695312 302.733581542969 311.340026855469 303.462127685547 267.665344238281 266.250061035156 248.84423828125 172.233840942383 129.994918823242 74.8091354370117 63.8554992675781 92.0073776245117 84.745735168457 92.8228225708008 121.627517700195 128.396514892578 135.876007080078 134.120025634766 104.00798034668 64.095329284668 59.3945846557617 60.1755714416504 53.0606422424316 48.0114784240723 63.5363426208496 67.4013290405273 69.7795104980469 72.4936294555664 89.280143737793 112.597274780273 79.7751159667969 5.41495609283447 -19.9796943664551 12.6812744140625 -16.3234081268311 -54.5093650817871 -59.127628326416 -61.7307929992676 -62.4124031066895 -0.931306660175323 -2.80585145950317 30.7914390563965
220.551040649414 230.851089477539 309.407196044922 322.588439941406 304.264923095703 281.445617675781 257.6015625 288.005493164062 292.541717529297 265.046813964844 257.509338378906 198.401107788086 153.275756835938 121.008979797363 107.532165527344 98.9727325439453 84.5856857299805 58.6155090332031 70.4457702636719 117.342277526855 121.182334899902 130.150726318359 124.705101013184 87.4606857299805 62.1787719726562 52.6767082214355 67.0889739990234 48.1749954223633 61.0606117248535 63.9113502502441 77.3710021972656 73.0629653930664 99.032829284668 74.1034774780273 71.453483581543 24.0319709777832 19.3493137359619 47.3039741516113 -8.76638221740723 -55.2998352050781 -58.8204460144043 -55.6121139526367 -61.5414085388184 34.6739883422852 52.7002449035645 38.5468292236328
214.191009521484 226.548004150391 291.904174804688 325.673828125 319.882293701172 293.986999511719 257.191009521484 274.968505859375 305.666687011719 271.748809814453 269.261901855469 243.565567016602 199.926834106445 170.71142578125 152.693389892578 122.243354797363 85.8762969970703 54.942626953125 36.350700378418 84.2041854858398 92.7547760009766 122.405349731445 146.365951538086 138.308868408203 105.099838256836 88.8428268432617 100.659034729004 85.4873275756836 78.3998565673828 83.1397705078125 84.885368347168 75.5922164916992 100.65552520752 74.2797164916992 81.6670227050781 63.6318855285645 65.4935531616211 64.9987945556641 1.21990573406219 -29.9788875579834 -44.1474609375 -43.4566650390625 -28.444091796875 53.2077407836914 35.7830619812012 -26.8969898223877
