Dropbox/GRP Data/GRP mammal paper/NN_analysis/DATA/2014 input files/yo_h_bio06Apr2014.asc
NCOLS 224 
NROWS 139 
XLLCORNER -69800.8126435 
YLLCORNER -76370.3008923 
CELLSIZE 821.1860311 
NODATA_value -3.4e+38 
[rows 0 to 19 of 139, columns 92 to 137 of 224]
-3.4e+38 -3.4e+38 -3.4e+38 -3.4e+38 -3.4e+38 -3.4e+38 -3.4e+38 -3.4e+38 -3.4e+38 -3.4e+38 -3.4e+38 -3.4e+38 -3.4e+38 -3.4e+38 -3.4e+38 -3.4e+38 -3.4e+38 -3.4e+38 -3.4e+38 -3.4e+38 -3.4e+38 -3.4e+38 -3.4e+38 -3.4e+38 -3.4e+38 -3.4e+38 -3.4e+38 -3.4e+38 -3.4e+38 -3.4e+38 -3.4e+38 -3.4e+38 -3.4e+38 -3.4e+38 -3.4e+38 -3.4e+38 -1164.73864746094 -1125.01416015625 -3.4e+38 -3.4e+38 -3.4e+38 -3.4e+38 -3.4e+38 -3.4e+38 -3.4e+38 -3.4e+38
-3.4e+38 -3.4e+38 -3.4e+38 -3.4e+38 -3.4e+38 -3.4e+38 -3.4e+38 -3.4e+38 -3.4e+38 -3.4e+38 -3.4e+38 -3.4e+38 -3.4e+38 -3.4e+38 -3.4e+38 -3.4e+38 -3.4e+38 -3.4e+38 -3.4e+38 -3.4e+38 -3.4e+38 -3.4e+38 -3.4e+38 -3.4e+38 -3.4e+38 -3.4e+38 -3.4e+38 -3.4e+38 -3.4e+38 -1304.46398925781 -1320.71984863281 -1344.18200683594 -1332.18481445312 -1298.17211914062 -1262.306640625 -1232.12280273438 -1181.32653808594 -1128.31079101562 -1065.78979492188 -1021.37628173828 -1065.07739257812 -1108.26159667969 -1154.85559082031 -3.4e+38 -3.4e+38 -3.4e+38
-3.4e+38 -3.4e+38 -3.4e+38 -3.4e+38 -3.4e+38 -3.4e+38 -3.4e+38 -3.4e+38 -3.4e+38 -3.4e+38 -3.4e+38 -3.4e+38 -3.4e+38 -3.4e+38 -3.4e+38 -3.4e+38 -3.4e+38 -3.4e+38 -3.4e+38 -3.4e+38 -3.4e+38 -3.4e+38 -3.4e+38 -3.4e+38 -3.4e+38 -3.4e+38 -3.4e+38 -1285.21215820312 -1309.53601074219 -1292.60717773438 -1286.22058105469 -1283.96203613281 -1250.53845214844 -1245.41760253906 -1225.66662597656 -1207.10217285156 -1151.62927246094 -1100.34899902344 -1053.10192871094 -1047.267578125 -1091.66467285156 -1102.876953125 -1162.23645019531 -1114.44848632812 -1084.81127929688 -1085.4423828125
-3.4e+38 -3.4e+38 -3.4e+38 -3.4e+38 -3.4e+38 -3.4e+38 -3.4e+38 -3.4e+38 -3.4e+38 -3.4e+38 -3.4e+38 -3.4e+38 -3.4e+38 -3.4e+38 -3.4e+38 -3.4e+38 -3.4e+38 -3.4e+38 -3.4e+38 -3.4e+38 -3.4e+38 -3.4e+38 -3.4e+38 -3.4e+38 -3.4e+38 -1144.13293457031 -1175.48010253906 -1254.79553222656 -1287.13342285156 -1269.32934570312 -1289.08374023438 -1267.38513183594 -1190.35913085938 -1156.21081542969 -1147.92907714844 -1144.15405273438 -1119.37756347656 -1089.77111816406 -1047.72473144531 -1067.0859375 -1110.74951171875 -1114.88757324219 -1143.52075195312 -1109.02331542969 -1097.64331054688 -1057.74035644531
-3.4e+38 -3.4e+38 -3.4e+38 -3.4e+38 -3.4e+38 -3.4e+38 -3.4e+38 -3.4e+38 -3.4e+38 -3.4e+38 -3.4e+38 -3.4e+38 -3.4e+38 -3.4e+38 -3.4e+38 -3.4e+38 -3.4e+38 -3.4e+38 -3.4e+38 -3.4e+38 -3.4e+38 -3.4e+38 -3.4e+38 -1048.65856933594 -1058.54858398438 -1056.82373046875 -1119.04467773438 -1202.80102539062 -1232.32104492188 -1265.58801269531 -1326.26318359375 -1289.97839355469 -1192.55627441406 -1102.80712890625 -1089.57116699219 -1097.3486328125 -1095.31384277344 -1079.89172363281 -1048.17895507812 -1078.60437011719 -1117.56420898438 -1131.24963378906 -1123.05932617188 -1108.95080566406 -1105.0927734375 -1041.88146972656
-3.4e+38 -3.4e+38 -3.4e+38 -3.4e+38 -3.4e+38 -3.4e+38 -3.4e+38 -3.4e+38 -3.4e+38 -3.4e+38 -3.4e+38 -3.4e+38 -3.4e+38 -3.4e+38 -3.4e+38 -3.4e+38 -3.4e+38 -3.4e+38 -3.4e+38 -3.4e+38 -3.4e+38 -907.035766601562 -966.120666503906 -1005.82446289062 -1086.13427734375 -1134.83850097656 -1208.53466796875 -1184.30017089844 -1185.22216796875 -1306.68041992188 -1366.20568847656 -1343.44885253906 -1243.70581054688 -1110.30554199219 -1054.50122070312 -1045.0439453125 -1047.08996582031 -1033.34240722656 -1033.92004394531 -1107.35302734375 -1123.82482910156 -1132.25805664062 -1117.6748046875 -1115.35400390625 -1077.37365722656 -1075.72497558594
-3.4e+38 -3.4e+38 -3.4e+38 -3.4e+38 -3.4e+38 -3.4e+38 -3.4e+38 -3.4e+38 -3.4e+38 -3.4e+38 -3.4e+38 -3.4e+38 -3.4e+38 -3.4e+38 -3.4e+38 -3.4e+38 -3.4e+38 -3.4e+38 -3.4e+38 -3.4e+38 -911.541259765625 -973.07666015625 -1015.12054443359 -1076.88684082031 -1174.0166015625 -1280.77221679688 -1279.26892089844 -1358.36181640625 -1312.57299804688 -1308.71960449219 -1356.60888671875 -1337.17553710938 -1219.51452636719 -1108.38305664062 -1076.48278808594 -1040.26782226562 -1006.8662109375 -996.94189453125 -1015.32189941406 -1092.6474609375 -1128.05407714844 -1138.00732421875 -1141.52368164062 -1128.14807128906 -1040.75463867188 -1115.42651367188
-3.4e+38 -3.4e+38 -3.4e+38 -3.4e+38 -3.4e+38 -3.4e+38 -3.4e+38 -3.4e+38 -3.4e+38 -3.4e+38 -3.4e+38 -3.4e+38 -3.4e+38 -3.4e+38 -3.4e+38 -3.4e+38 -3.4e+38 -3.4e+38 -987.122009277344 -978.073669433594 -946.802856445312 -963.297180175781 -1007.94177246094 -1125.26574707031 -1228.54797363281 -1258.00012207031 -1330.77844238281 -1392.78161621094 -1312.48315429688 -1317.31848144531 -1342.52954101562 -1317.79272460938 -1246.99243164062 -1211.1748046875 -1168.69787597656 -1037.76721191406 -1024.73754882812 -1057.60363769531 -1066.82385253906 -1079.65539550781 -1120.79284667969 -1142.75964355469 -1143.37341308594 -1156.54516601562 -1118.16943359375 -1160.40502929688
-3.4e+38 -3.4e+38 -3.4e+38 -3.4e+38 -3.4e+38 -3.4e+38 -3.4e+38 -3.4e+38 -3.4e+38 -3.4e+38 -3.4e+38 -3.4e+38 -3.4e+38 -3.4e+38 -3.4e+38 -3.4e+38 -3.4e+38 -1013.81872558594 -966.896179199219 -942.787658691406 -933.125183105469 -940.271911621094 -985.622253417969 -1007.30438232422 -1070.90466308594 -1126.06408691406 -1261.08862304688 -1360.83020019531 -1378.26696777344 -1369.29504394531 -1358.57556152344 -1338.14221191406 -1261.81164550781 -1193.45812988281 -1090.29455566406 -1040.26501464844 -1108.400390625 -1178.62634277344 -1186.44189453125 -1090.22631835938 -1099.86328125 -1150.10974121094 -1165.57824707031 -1053.50610351562 -1107.46166992188 -1212.40002441406
-3.4e+38 -3.4e+38 -3.4e+38 -3.4e+38 -3.4e+38 -3.4e+38 -3.4e+38 -3.4e+38 -3.4e+38 -3.4e+38 -3.4e+38 -3.4e+38 -3.4e+38 -3.4e+38 -3.4e+38 -3.4e+38 -1086.75695800781 -1029.09753417969 -979.276245117188 -918.096313476562 -868.071838378906 -932.959228515625 -933.613464355469 -943.851135253906 -968.811767578125 -1016.89575195312 -1064.98828125 -1181.77319335938 -1333.38830566406 -1396.06665039062 -1384.8125 -1311.60913085938 -1214.92736816406 -1129.49401855469 -1069.712890625 -1066.11645507812 -1221.47998046875 -1232.00805664062 -1156.07080078125 -1068.71166992188 -1109.78125 -1157.26416015625 -1162.07751464844 -1055.10900878906 -1201.73620605469 -1230.71228027344
-3.4e+38 -3.4e+38 -3.4e+38 -3.4e+38 -3.4e+38 -3.4e+38 -3.4e+38 -3.4e+38 -3.4e+38 -3.4e+38 -3.4e+38 -3.4e+38 -3.4e+38 -3.4e+38 -998.961059570312 -1054.72155761719 -1106.0341796875 -1040.07751464844 -982.453125 -911.694213867188 -843.409118652344 -935.572204589844 -956.6181640625 -1066.71276855469 -1039.146484375 -1004.37072753906 -1040.47399902344 -1077.21508789062 -1184.70959472656 -1265.05444335938 -1316.7822265625 -1311.94775390625 -1243.55310058594 -1138.71618652344 -1092.38708496094 -1181.57739257812 -1253.08728027344 -1189.57287597656 -1139.14794921875 -1077.36096191406 -1108.13684082031 -1169.95141601562 -1163.640625 -1084.18530273438 -1138.50061035156 -1247.20581054688
-3.4e+38 -3.4e+38 -3.4e+38 -3.4e+38 -3.4e+38 -3.4e+38 -3.4e+38 -3.4e+38 -3.4e+38 -3.4e+38 -3.4e+38 -3.4e+38 -3.4e+38 -986.050537109375 -980.502319335938 -1030.04943847656 -1092.923828125 -1048.34106445312 -997.0263671875 -913.836242675781 -886.970581054688 -912.557800292969 -1024.65258789062 -1209.34558105469 -1192.46911621094 -1085.8173828125 -1066.28149414062 -1068.69970703125 -1108.2216796875 -1164.91625976562 -1158.71887207031 -1262.53308105469 -1285.416015625 -1195.61608886719 -1185.95935058594 -1263.19714355469 -1252.61071777344 -1202.17431640625 -1163.31994628906 -1086.65966796875 -1110.46594238281 -1183.07421875 -1171.60888671875 -1102.65661621094 -1106.25378417969 -1258.80541992188
-3.4e+38 -3.4e+38 -3.4e+38 -3.4e+38 -3.4e+38 -3.4e+38 -3.4e+38 -3.4e+38 -3.4e+38 -3.4e+38 -3.4e+38 -1054.93298339844 -1109.9912109375 -1026.60070800781 -988.994812011719 -1016.34210205078 -1059.12658691406 -1052.61950683594 -1012.68676757812 -897.244995117188 -913.993225097656 -871.965454101562 -1040.53918457031 -1209.26623535156 -1274.83752441406 -1185.86608886719 -1055.07885742188 -1094.19543457031 -1055.74841308594 -1158.04821777344 -1082.34289550781 -1186.70129394531 -1270.9677734375 -1253.35119628906 -1268.21069335938 -1236.40393066406 -1210.30395507812 -1203.53564453125 -1133.18957519531 -1086.86352539062 -1132.08447265625 -1179.32092285156 -1188.73669433594 -1095.4189453125 -1101.025390625 -1262.25756835938
-3.4e+38 -3.4e+38 -3.4e+38 -3.4e+38 -3.4e+38 -3.4e+38 -3.4e+38 -3.4e+38 -3.4e+38 -3.4e+38 -1021.80847167969 -1061.84704589844 -1167.62890625 -1099.70373535156 -1057.86474609375 -1051.39978027344 -1021.35205078125 -1034.03601074219 -978.812744140625 -860.336303710938 -865.918151855469 -851.875732421875 -997.111511230469 -1110.68103027344 -1240.82873535156 -1242.52185058594 -1042.10705566406 -1106.62646484375 -1001.42346191406 -1155.2666015625 -1111.83386230469 -1163.189453125 -1223.6865234375 -1277.00512695312 -1236.90747070312 -1155.94653320312 -1141.66784667969 -1143.1025390625 -1085.18090820312 -1100.63098144531 -1154.31115722656 -1169.30419921875 -1205.32006835938 -1081.67236328125 -1115.6708984375 -1277.79443359375
-3.4e+38 -3.4e+38 -3.4e+38 -3.4e+38 -3.4e+38 -3.4e+38 -3.4e+38 -3.4e+38 -3.4e+38 -1095.89758300781 -1083.25537109375 -1089.48974609375 -1115.86511230469 -1149.76684570312 -1163.90759277344 -1118.18029785156 -1047.05871582031 -995.659729003906 -893.195617675781 -847.504821777344 -826.879699707031 -863.737487792969 -993.329895019531 -1102.63134765625 -1205.07360839844 -1269.63171386719 -1066.13159179688 -1109.48046875 -1080.39379882812 -1144.78515625 -1093.28063964844 -1174.05920410156 -1202.67504882812 -1240.46923828125 -1130.12451171875 -1141.57702636719 -1119.03759765625 -1113.7021484375 -1140.08654785156 -1140.85461425781 -1157.30236816406 -1183.50671386719 -1177.71936035156 -1080.91247558594 -1169.73571777344 -1293.11218261719
-3.4e+38 -3.4e+38 -3.4e+38 -3.4e+38 -3.4e+38 -3.4e+38 -3.4e+38 -1053.32690429688 -1104.04931640625 -1079.33044433594 -1066.65368652344 -1042.49584960938 -1017.00579833984 -1026.23010253906 -1070.81335449219 -1153.05981445312 -1216.08996582031 -1049.11267089844 -895.539184570312 -861.515258789062 -874.179260253906 -890.169616699219 -973.036315917969 -1190.5908203125 -1283.98083496094 -1296.34643554688 -1149.87023925781 -1155.63513183594 -1125.95007324219 -1301.49426269531 -1189.26159667969 -1097.92602539062 -1171.529296875 -1158.47314453125 -1159.70434570312 -1230.57763671875 -1136.3330078125 -1135.20239257812 -1180.54357910156 -1170.78894042969 -1179.91979980469 -1220.06335449219 -1076.76379394531 -1078.88403320312 -1172.56335449219 -1242.62817382812
-3.4e+38 -3.4e+38 -3.4e+38 -3.4e+38 -3.4e+38 -3.4e+38 -989.12158203125 -1016.58489990234 -1012.50366210938 -1019.04864501953 -1001.51312255859 -1039.74279785156 -1034.09753417969 -1060.83959960938 -1084.18286132812 -1143.93420410156 -1109.85900878906 -994.645080566406 -942.12451171875 -959.791625976562 -1061.32507324219 -1032.18603515625 -964.71484375 -1095.0859375 -1292.19396972656 -1316.97326660156 -1298.3623046875 -1307.62268066406 -1301.57641601562 -1321.16662597656 -1215.93249511719 -1184.10473632812 -1265.90087890625 -1314.75720214844 -1314.06884765625 -1250.26013183594 -1136.93774414062 -1144.22204589844 -1185.26184082031 -1205.06372070312 -1227.15673828125 -1250.25341796875 -1145.60485839844 -1127.46569824219 -1212.63317871094 -1256.7421875
-3.4e+38 -3.4e+38 -3.4e+38 -3.4e+38 -951.726623535156 -954.0986328125 -978.969177246094 -976.630859375 -973.142395019531 -973.892700195312 -995.375854492188 -1013.7509765625 -1015.33850097656 -1089.44543457031 -1112.43579101562 -1131.75964355469 -1090.91613769531 -1056.86877441406 -1023.21069335938 -1077.51538085938 -1128.20458984375 -1137.15771484375 -1036.38989257812 -1047.10327148438 -1120.48449707031 -1196.13122558594 -1235.28271484375 -1285.39221191406 -1306.46362304688 -1316.54040527344 -1265.82482910156 -1290.27648925781 -1314.45361328125 -1275.88720703125 -1188.55859375 -1184.31225585938 -1129.41943359375 -1145.7724609375 -1197.37841796875 -1212.04248046875 -1242.72680664062 -1188.65051269531 -1128.67126464844 -1134.16662597656 -1318.01379394531 -1323.59069824219
-3.4e+38 -3.4e+38 -3.4e+38 -921.892639160156 -921.40087890625 -915.460754394531 -914.439697265625 -916.677856445312 -938.737854003906 -961.122741699219 -995.651550292969 -1010.66918945312 -1048.67407226562 -1085.16101074219 -1086.27136230469 -1091.05615234375 -1073.92504882812 -1103.08801269531 -1146.93542480469 -1222.76831054688 -1225.87219238281 -1227.66467285156 -1122.01599121094 -1097.16442871094 -1100.783203125 -1144.82995605469 -1161.81066894531 -1204.45458984375 -1194.03796386719 -1276.7587890625 -1233.13220214844 -1274.75927734375 -1253.77819824219 -1204.09375 -1177.81652832031 -1179.39990234375 -1120.9462890625 -1144.17272949219 -1191.24279785156 -1230.40380859375 -1263.20715332031 -1190.29846191406 -1142.10168457031 -1120.65258789062 -1333.1259765625 -1358.15356445312
-3.4e+38 -3.4e+38 -881.586120605469 -897.580261230469 -884.080688476562 -895.139465332031 -903.882568359375 -917.500549316406 -950.413269042969 -997.633666992188 -1020.82720947266 -1034.2685546875 -1045.63134765625 -1051.41955566406 -1058.10070800781 -1069.81311035156 -1060.15063476562 -1113.16833496094 -1193.50854492188 -1255.26513671875 -1284.88928222656 -1282.62915039062 -1233.63647460938 -1219.40014648438 -1195.03759765625 -1153.53625488281 -1137.41333007812 -1182.66650390625 -1170.58459472656 -1219.09594726562 -1203.82653808594 -1218.34777832031 -1199.443359375 -1170.23937988281 -1160.30310058594 -1205.92944335938 -1132.17578125 -1150.76184082031 -1172.52465820312 -1222.22717285156 -1278.94189453125 -1241.4033203125 -1170.95495605469 -1160.15966796875 -1231.3857421875 -1342.10290527344
