Dropbox/GRP Data/GRP mammal paper/NN_analysis/DATA/2014 input files/yo_h_bio12Apr2014.asc
NCOLS 224 
NROWS 139 
XLLCORNER -69800.8126435 
YLLCORNER -76370.3008923 
CELLSIZE 821.1860311 
NODATA_value -3.4e+38 
[rows 69 to 91 of 139, columns 153 to 203 of 224]
96871.234375 97093.2890625 95408.0859375 93069.75 91855.09375 91089.6328125 90939.21875 90921.359375 92072.2890625 94526.0546875 97281.78125 100415.3515625 102922.875 101042.609375 97076.765625 93900.0859375 91699.4375 88845.109375 86359.25 83380.6796875 77382.09375 70043.1796875 64540.41796875 60200.4453125 55305.890625 52896.21875 49937.37890625 48339.90234375 48699.265625 48800.328125 49086.74609375 49281.46484375 49264.890625 49443.06640625 50445.57421875 51425.7265625 53477.953125 55772.4609375 56224.98046875 54060.0390625 51833.5 50729.3125 49868.8359375 49153.7265625 49497.5390625 50614.34375 51935.70703125 52673.12890625 54424.4453125 56217.96875 57381.0859375
99389.4609375 100015.703125 97773.359375 94974.5234375 94265.4921875 94718.890625 94190.5 92422.953125 91233.84375 91783.3125 94616.8671875 97953.1171875 101540.6796875 101372.9453125 98937.2109375 95710.296875 92411.9140625 91827.4140625 89665.421875 87051.125 81499.859375 73923.0625 66991.5625 62832.94921875 57884.7265625 53662.21484375 51143.296875 49277.9609375 50224.73828125 50997.484375 51084.83984375 51164.0390625 51253.53125 50964.1875 51729.38671875 51686.22265625 53168.29296875 54770.1484375 55776.125 53970.62890625 52681.51953125 52130.26171875 51811.390625 51324.0390625 51469.265625 52522.7734375 53740.33984375 54425.25 56426.61328125 58870.734375 60556.546875
101522.859375 101302.65625 98609.78125 96506.03125 96534.2578125 97986.4609375 97611.6796875 94360.5078125 91130.9375 90756.28125 92779.4140625 95598.109375 99720.1953125 102120.3984375 100793.0546875 97317.328125 95424.1015625 95745.9453125 93851.375 91141.8359375 86070.0078125 79547.421875 72328.9765625 66518.5 60793.85546875 54436.296875 52679.875 51172.75390625 51808.28515625 52798.625 52969.45703125 52778.34375 52517.27734375 52202.6015625 52583.34375 51930.03125 53751.30078125 54552.5234375 55112.26953125 54383.75 53651.1484375 53468.32421875 53460.91015625 53161.2734375 53016.8984375 54152.1484375 55162.375 55742.89453125 57738.3828125 60673.6484375 62599.16796875
101171.4609375 101216.0234375 99576.3515625 98526.875 99529.6796875 101800.765625 101444.296875 97035.0703125 92373.21875 90252.0078125 90780.9375 92979.15625 97571.9140625 101167.6796875 102121.625 100270.1171875 98704.4375 100050.125 99371.265625 96429.2734375 92466.875 87052.4921875 80264.265625 72029.078125 65628.1015625 57735.4765625 53682.50390625 52988.60546875 53670.58984375 54395.984375 54056.53515625 53842.3671875 52838.296875 52342.45703125 52134.30078125 52487.6328125 53799.4296875 54906.19140625 55510.67578125 55260 54898.76171875 54866.09375 54911.125 54653.03125 54525.48046875 55523.54296875 56362.51953125 56889.96875 58860.9375 62036.08984375 63988.2578125
99890.375 100754.171875 100453.96875 101079.2265625 103758.7265625 106230.1953125 105711.5703125 101333.46875 95358.265625 90939.4921875 90164.6875 91917.4609375 95268.265625 99061.6328125 101310.25 100818.921875 100812.6015625 102623.6015625 102883.2734375 100953.25 97747.140625 93112.0234375 86057.265625 77243.1171875 69522.3984375 59690.09765625 54467.26171875 53732.14453125 54617.87109375 54864.1796875 54502.921875 54603.546875 54390.96875 53757.36328125 53480.37109375 53578.265625 54387.86328125 55214.61328125 55580.2421875 56188.24609375 56269.7734375 56507.828125 56339.7265625 55616.7109375 55427.21875 56736.0546875 57760.5625 58191.48828125 59685.015625 62463.25390625 64883.3359375
98336.234375 99967.4296875 101117.7578125 103614.671875 108102.0546875 110442.4453125 109900.9921875 106400.265625 99355.0703125 93586.421875 90275.2109375 90613.7734375 93602.6484375 96623.703125 99174.4296875 100708.03125 101876.3125 103767.453125 104560.875 103110.4140625 100362.1328125 95822.78125 88777.03125 79911.0625 71038.6796875 60041.40234375 55255.6875 55226.99609375 56505.0625 56431.5703125 55760.328125 56284.97265625 56460.76171875 55764.734375 55324.46484375 55383.99609375 56283.18359375 56281.9140625 57097.5234375 57921.625 57797.9140625 57958.234375 57399.796875 56468.2890625 56335.60546875 57617.87890625 58417.08984375 58748.69921875 59597.671875 62439.41796875 64971.86328125
96753.6171875 99207.8046875 101960.5546875 106109.546875 111792.0859375 114254.9140625 113644.9609375 110843.3515625 103711.8984375 96476.3515625 91060.953125 90064.984375 92863.609375 95372.9375 97790.984375 99898.1796875 101426.4375 103383.6875 104388.53125 102672.8828125 99819.25 95216.1953125 88264.1640625 79880.984375 71476.0234375 59765.3515625 55229.2421875 56081.73828125 57313.9609375 57137.96875 56628.76953125 57966.6171875 59047.796875 58800.75390625 57887.53125 57112.36328125 57476.19921875 57570.703125 58474.80078125 59184.078125 59174.0234375 59078.7109375 58305.6953125 57447.40234375 56849.34765625 57233.03125 57642.4453125 58829.0703125 60552.046875 62692.35546875 64845.2734375
95494.453125 98716.7890625 102964.3359375 108376.890625 114557.1484375 117880.1875 117284.140625 114607.7265625 107462.5546875 98958.4140625 92753.0703125 91128.78125 93259.0390625 95716.1171875 97455.8359375 98767.6171875 99952.1171875 101765.8359375 102706.578125 100881.6171875 97833.7578125 92930.7265625 86241.1328125 79385.2734375 72351.6953125 59435.80078125 55015.6328125 56474.16796875 57099.10546875 57374.15625 57158.1953125 59446.33984375 62012.30859375 62873.73046875 61181.3359375 58967.3125 58456.75390625 58508.69921875 59072.33203125 59745.51953125 59852.8671875 59561.421875 58669.44140625 57531.953125 56220.609375 55326.0859375 54790.51953125 56243.0546875 59450.66796875 62380.35546875 64144.265625
94845.7890625 98210.28125 103251.8203125 109350.1875 115812.59375 120645.7109375 121032.1640625 118570.5 110660.875 101631.3515625 95043.3125 93201.421875 95166.6328125 96876.0078125 97435.4765625 97909.4609375 98027.4921875 98980.4765625 99630.3828125 98358.75 95276.0703125 90111.2421875 84761.421875 80092.9921875 73939.2265625 59625.22265625 55329.6015625 56668.94140625 56820.98046875 57700.734375 58432.4453125 61659.6796875 65210.953125 66389.7265625 64442.91015625 61326.9609375 59828.5078125 59266.60546875 59386.3984375 59787.78125 59858.62109375 59439.74609375 58079.1171875 56206.95703125 54044.66796875 52071.5546875 50747.109375 51800.43359375 55540.97265625 59727.37890625 62420.2421875
94205.1640625 97643.0078125 102208.2109375 107932.8984375 114552.25 120600.0703125 123569.5703125 122144.890625 115234.4296875 104118.8203125 97356.34375 95869.15625 98344.2421875 98000.421875 97752.15625 97045.703125 95403.3125 94995.7109375 95293.7265625 94649.3203125 91787.90625 87636.1015625 84870.171875 81754.9921875 75865.2421875 61319.32421875 56291.1796875 56802.1796875 57066.984375 58689.40625 61215.93359375 65303.20703125 68601.6640625 69059.890625 67312.6328125 63926.8671875 61711.69140625 60385.75390625 59641.20703125 59309.41015625 59134.609375 58344.48046875 56433.12109375 53817.9453125 51101.2578125 48833.7734375 47199.1328125 47362.55078125 49957.6796875 53970.86328125 57416.79296875
92954.25 95801.1640625 100103.734375 106662.7421875 113829.8828125 120456.0859375 123918.609375 123569.4140625 117342.7578125 108859.2578125 102353.3515625 99723.0859375 99849.28125 98727.890625 97414.1640625 95732.9921875 93011.8828125 91761.3359375 91693.671875 90763.828125 89618.5625 88042.8203125 86310.734375 83402.390625 78483.578125 66038.8203125 58845.90625 58118.45703125 58305.578125 61857.8359375 65447.73828125 69732.875 72102.625 72264.921875 70140.8125 66552.8515625 63970.04296875 61953.06640625 59643.66796875 58135.88671875 57295.94921875 55966.09765625 53955.390625 51219.03125 48462.74609375 46470.55078125 44850.58203125 44151.13671875 44972.3515625 47311.1796875 49910.26953125
90985.015625 94452.4375 99420.484375 106722.1796875 114449.84375 120772.1171875 124235.640625 124639.9140625 121643.640625 114605.7734375 107033.515625 102022.921875 101742.21875 98937.921875 96450.9140625 94100.234375 90903.53125 89386.671875 89379.4296875 89156.7109375 88164.890625 86962.71875 85888.359375 83854.3828125 80862.7890625 76060.3046875 68261.6328125 63110.62890625 63015.30859375 68198.4609375 71491.3515625 73831.9296875 75378.703125 74947.5859375 72498.75 70080.34375 66424.1015625 63203.81640625 59645.78125 56301.78515625 54158.08203125 52720.6796875 51011.2265625 49009.06640625 46580.80859375 44763.73828125 43328.875 42345.3671875 42290.375 42944.72265625 43699
89676.953125 93715.21875 100331.328125 108394.9375 115269.9375 120722.140625 123689.3203125 124915.0546875 124200.5703125 119895.953125 112438.625 105264.234375 104133.4375 100006.390625 96238.5859375 93387.6328125 90129.515625 88630.0625 88674.4296875 88352.90625 87550.265625 87034.375 85982.6875 84997.3203125 83956.90625 82145.09375 78818.078125 74393.9375 73252.109375 74548.9375 75992.375 77377.03125 77484.484375 76987.8046875 74540.484375 72049.96875 67845.1484375 64470.671875 59388.50390625 53967.89453125 50802.3125 49085.95703125 47822.49609375 46975.84765625 45642.1171875 44455.51171875 43144.80859375 41899.328125 41492.16796875 41192.37109375 41015.9296875
89439.328125 95136.125 102046.3984375 109240.171875 114890.859375 119332.578125 122051.4609375 123446.5390625 124267.375 122929.828125 117385.734375 108795.421875 106447.546875 102266.6015625 97328.4765625 93849.1328125 91282.484375 89057.2890625 88794.890625 88784.1015625 88152.5 87913.546875 87375.0546875 87418.84375 87654.515625 87436.3203125 85701.328125 82999.1328125 80710.4609375 79773.65625 79764.8828125 79572.34375 79223.9375 78386.6484375 75710.3828125 73868.125 69947.828125 65461.7734375 58511.0703125 52251.48828125 48714.4140625 47072.58203125 46446.6015625 46656.04296875 46446.5703125 45638.78125 44145.97265625 42615.46875 41446.9140625 40970.9140625 40652.92578125
89588.8515625 95451.0390625 102636.53125 107992.2421875 112040.015625 115187.546875 117397.375 118760.6015625 120716.75 122474 119295.8046875 111731.6171875 109666.296875 105725.4609375 99534.015625 95394.75 92784.328125 89728.78125 89329.9453125 89581.9609375 89264.8828125 89153.8515625 89032.125 90042.3203125 91190.8046875 91035.765625 89754.6796875 88789.21875 86023.34375 84145.671875 82863.5390625 81192.765625 79670.2265625 78821.484375 77516.0625 75576.734375 71710.890625 65517.75 57431.90625 51238.17578125 48118.69140625 47044.6328125 46794.15625 47377.328125 48276.171875 47793.9296875 46272.52734375 44294.75390625 42620.6953125 41828.16796875 41416.33203125
88872.3359375 93024.421875 100176.5546875 104429.1171875 107084.578125 109042.34375 111181.3359375 113147.8359375 115615.6640625 117898.9453125 117594.4921875 112705.1015625 112056.0390625 108674.71875 102654.0703125 98135.4140625 95342.0703125 91208.7890625 90244.2890625 90305.9765625 90509.921875 90469.5078125 90088.6796875 90885.71875 92113.3125 92331.3828125 93000.390625 93066.6953125 90425.59375 87937.6171875 84955.6328125 82215.6640625 80223.7578125 79076.8828125 78443.6171875 76449.9765625 71610.4765625 64806.5546875 56886.2109375 51680.59375 48957.63671875 47923.83984375 47606.95703125 48601.69921875 49659.56640625 49361.3828125 47604.1796875 45933.87109375 44371.5 43324.125 42960.27734375
87202.0546875 89451.0859375 94673.4453125 98980.328125 101296.2734375 102885.328125 105525.40625 108384.8046875 111085.484375 112444.984375 114901.4453125 112331.859375 112413.71875 109907.390625 105516.03125 102081.25 98992.7890625 93755.40625 91834.6953125 91165.96875 91632.53125 91422.5078125 90680.984375 90390.5859375 90665.40625 91111.0078125 93094.515625 94386.6484375 93439.375 90783.0859375 86442.8671875 82717.703125 80461.2265625 79140.9609375 78495.828125 75981.75 70950.2578125 64081.88671875 57348.71484375 53251.578125 50677.31640625 49452.3125 48980.43359375 49433.0546875 49982.015625 49610.99609375 48350.7421875 47279.359375 46415.34765625 45886.43359375 45397.91015625
86243.7109375 87069.28125 88849.7109375 92839.125 96034.1953125 98656.140625 101030.6796875 104078.3203125 107499.7734375 109959.7578125 113912.7421875 112286.6328125 111748.125 109955.2734375 106767.828125 105984.34375 103222.0234375 97221.6953125 93813.3984375 92307.671875 92384.6171875 91875.0234375 91072.671875 89810.0703125 88696.546875 88482.5 90060.3359375 92439.984375 93783.6484375 91851.9921875 87435.203125 83078.0546875 80249.5546875 78742.2578125 77264.8671875 74263.359375 69992.5 64126.6328125 59036.66796875 55417.21484375 52813.375 51351.0703125 50549.66796875 50161.7734375 49962.5859375 49728.57421875 49379.5 49207.72265625 49005.3984375 48508.2578125 47425.015625
85959.4140625 86783.359375 86262.609375 88425.9453125 93531.953125 98592.296875 99663.5234375 102755.1953125 106076.96875 107593.953125 112609.9453125 111686.6796875 111222.546875 109690.796875 106360.2109375 107189.578125 107791.9375 101826.8046875 95721.421875 93760.5 92870.6953125 92112.2265625 91032.1484375 89386.203125 87245.9921875 85976.671875 86786.296875 88974.1953125 91162.1875 90694.375 87622.0546875 83677.5 80441.71875 78292.9296875 75613.4921875 72385.8125 68843.1484375 64934.39453125 61192.03125 57660.30859375 55145.49609375 53513.71484375 52349.2890625 51228.92578125 50398.0078125 50376.5546875 50845.4921875 51441.0703125 51734.15234375 50741.58203125 48731.8828125
85742.1484375 86244.5234375 85600.40625 87711.3671875 95251.8828125 101218.0078125 101743.3125 104371.6484375 106866.3046875 107099.2890625 109503.546875 109699.546875 109653.3671875 107406.71875 103432.0234375 105241.34375 109210.7421875 106888.8515625 100038.28125 97003.578125 94117.3359375 91887.1484375 90551.7890625 88884.1875 86167.4609375 83719.578125 82991.5859375 84684.1328125 86926.2421875 87811.390625 86898.5078125 84486.0234375 81721.7578125 78916.09375 75947.25 72035.7421875 68556.0625 65866.828125 62840.859375 59862.0078125 57774.9140625 56191.1640625 54841.2421875 53071.0703125 51604.76953125 51256.05859375 52232.05859375 53287.171875 53873.0546875 52374.36328125 -3.4e+38
87602.71875 87399.484375 86843.6796875 88951.4921875 97462.1171875 104670.2421875 106508 108359.46875 108728.84375 107288.9765625 106560.4453125 107747.9609375 106817.4140625 102882.6015625 100262.4296875 102763.609375 109366.765625 111608.9765625 107285.34375 102152.6953125 94200.5546875 91292.25 89455.9140625 88884.7265625 86899.3828125 83917.0859375 81089.859375 80383.0390625 81582.8203125 83667.1171875 85485.328125 84784.65625 83067.6640625 80937.3125 78058.203125 73830.125 69776.6796875 66889.3984375 64673.4140625 62648.640625 61006.41796875 59764.390625 58113.109375 55977.1328125 53497.30078125 52153.859375 53023.421875 54441.453125 54855.9765625 -3.4e+38 -3.4e+38
89119.484375 88566.9140625 88762.1015625 91369.28125 99727.6015625 106675.703125 108698.96875 110142.8125 109298.4296875 106674.8828125 104417.6484375 102639.21875 100542.1796875 97699.8125 97930.1875 101350.1328125 109310.75 114088.3984375 111758.7890625 105530.953125 94864.875 91773.2734375 90723.3046875 90627.5625 89437.921875 86972.3671875 83178.9453125 80302.421875 79160.5625 79944.6171875 82178.328125 83463.4765625 83717.140625 82854.8046875 81287.4609375 77836.125 72873.25 69379.4140625 67629.671875 66083.8125 64748.42578125 63716.01171875 61527.40234375 58566.53515625 55547.3046875 53659.65234375 53238.5546875 54096.1875 -3.4e+38 -3.4e+38 -3.4e+38
92082.7421875 90925.5703125 92117.484375 94633.109375 101948.984375 108610.34375 109973.6015625 110763.796875 109195.8125 106252.8515625 102938.5390625 99984.2734375 96038.8828125 94591.0703125 96138.78125 100987.75 108044.0859375 113077.1484375 112600.4921875 108321.3359375 97185.9453125 94169.140625 93670.7109375 93340.453125 92108.4296875 89858.1328125 86022.2890625 81300.8359375 78517.0703125 77195.578125 78040.0390625 81082.5234375 83758.5859375 83954.875 83758.734375 81926.3359375 77284.5078125 73649.4375 72086.96875 70477.5 68906.6171875 67477.3515625 64786.2109375 60964.703125 57409.8828125 54464.625 53271.4453125 -3.4e+38 -3.4e+38 -3.4e+38 -3.4e+38
