Dropbox/GRP Data/GRP mammal paper/NN_analysis/DATA/2014 input files/yo_h_bio01Apr2014.asc
NCOLS 224 
NROWS 139 
XLLCORNER -69800.8126435 
YLLCORNER -76370.3008923 
CELLSIZE 821.1860311 
NODATA_value -3.4e+38 
[rows 74 to 110 of 139, columns 0 to 83 of 224]
-339999999999999996123846586046231871488.000000000000000 -3.4e+38 -3.4e+38 -3.4e+38 -3.4e+38 -3.4e+38 -3.4e+38 -3.4e+38 -3.4e+38 -3.4e+38 -3.4e+38 -3.4e+38 -3.4e+38 -3.4e+38 -3.4e+38 -3.4e+38 1562 1563 1570 1584 1609 1623 1630 1629 1636 1650 1653 1658 1663 1663 1664 1662 1666 1662 1658 1661 1658 1649 1643 1633 1623 1615 1613 1595 1590 1589 1585 1577 1507 1470 1475 1539 1558 1566 1514 1404 1383 1349 1318 1284 1267 1260 1259 1253 1251 1241 1241 1237 1241 1247 1247 1234 1233 1230 1222 1207 1215 1219 1223 1203 1209 1197 1171 1166
-339999999999999996123846586046231871488.000000000000000 -3.4e+38 -3.4e+38 -3.4e+38 -3.4e+38 -3.4e+38 -3.4e+38 -3.4e+38 -3.4e+38 -3.4e+38 -3.4e+38 -3.4e+38 -3.4e+38 -3.4e+38 -3.4e+38 1560 1559 1560 1566 1570 1589 1604 1623 1620 1615 1631 1639 1648 1660 1664 1665 1663 1664 1663 1658 1659 1660 1650 1641 1635 1626 1617 1615 1610 1606 1603 1599 1594 1537 1491 1459 1471 1500 1552 1563 1429 1402 1382 1362 1330 1292 1276 1257 1259 1251 1242 1235 1239 1239 1242 1241 1234 1238 1216 1205 1194 1200 1208 1215 1201 1204 1204 1203 1159
-339999999999999996123846586046231871488.000000000000000 -3.4e+38 -3.4e+38 -3.4e+38 -3.4e+38 -3.4e+38 -3.4e+38 -3.4e+38 -3.4e+38 -3.4e+38 -3.4e+38 -3.4e+38 -3.4e+38 -3.4e+38 1555 1557 1556 1556 1559 1563 1569 1579 1611 1609 1588 1597 1613 1631 1654 1660 1662 1661 1665 1663 1656 1656 1658 1652 1640 1634 1629 1622 1613 1611 1609 1609 1606 1597 1557 1514 1485 1471 1477 1496 1552 1529 1425 1395 1390 1361 1333 1299 1271 1250 1242 1241 1234 1238 1246 1250 1253 1247 1209 1204 1185 1178 1184 1194 1204 1197 1200 1211 1216 1198
-339999999999999996123846586046231871488.000000000000000 -3.4e+38 -3.4e+38 -3.4e+38 -3.4e+38 -3.4e+38 -3.4e+38 -3.4e+38 -3.4e+38 -3.4e+38 -3.4e+38 -3.4e+38 1557 1557 1551 1553 1553 1556 1558 1560 1565 1569 1597 1590 1583 1577 1585 1613 1641 1655 1659 1657 1660 1663 1659 1650 1649 1652 1646 1635 1629 1625 1622 1615 1609 1608 1609 1605 1558 1483 1481 1478 1464 1459 1500 1566 1498 1481 1450 1400 1369 1333 1276 1261 1240 1230 1230 1227 1231 1225 1214 1205 1206 1166 1151 1154 1160 1159 1179 1189 1211 1197 1215 1203
-339999999999999996123846586046231871488.000000000000000 -3.4e+38 -3.4e+38 -3.4e+38 -3.4e+38 -3.4e+38 -3.4e+38 -3.4e+38 -3.4e+38 -3.4e+38 -3.4e+38 1556 1555 1555 1553 1552 1553 1556 1558 1559 1564 1567 1570 1577 1575 1575 1580 1591 1631 1651 1655 1650 1652 1660 1660 1659 1653 1656 1645 1638 1632 1626 1623 1619 1616 1609 1607 1615 1599 1546 1517 1456 1426 1426 1458 1510 1517 1462 1423 1396 1375 1364 1289 1252 1240 1232 1228 1227 1235 1242 1228 1207 1204 1188 1139 1129 1138 1151 1158 1178 1193 1192 1200 1208
-339999999999999996123846586046231871488.000000000000000 -3.4e+38 -3.4e+38 -3.4e+38 -3.4e+38 -3.4e+38 -3.4e+38 -3.4e+38 -3.4e+38 -3.4e+38 1556 1555 1557 1556 1554 1552 1553 1556 1559 1559 1561 1565 1569 1570 1572 1576 1577 1578 1592 1611 1627 1637 1650 1659 1660 1656 1654 1652 1656 1636 1631 1628 1624 1621 1619 1616 1610 1628 1610 1562 1545 1485 1429 1410 1436 1433 1518 1463 1414 1385 1377 1365 1336 1261 1240 1237 1232 1228 1231 1234 1235 1224 1203 1189 1136 1132 1138 1150 1162 1208 1216 1198 1195 1204
-339999999999999996123846586046231871488.000000000000000 -3.4e+38 -3.4e+38 -3.4e+38 -3.4e+38 -3.4e+38 -3.4e+38 -3.4e+38 1566 1561 1557 1556 1556 1554 1553 1554 1553 1557 1560 1561 1562 1566 1568 1570 1573 1576 1575 1576 1579 1589 1601 1631 1660 1660 1662 1659 1656 1654 1657 1645 1632 1630 1626 1624 1623 1617 1618 1615 1604 1592 1568 1497 1456 1431 1434 1443 1491 1468 1430 1403 1387 1370 1364 1312 1274 1256 1247 1227 1227 1229 1231 1229 1186 1182 1149 1148 1162 1176 1195 1225 1250 1219 1206 1211
-339999999999999996123846586046231871488.000000000000000 -3.4e+38 -3.4e+38 -3.4e+38 -3.4e+38 -3.4e+38 -3.4e+38 1568 1567 1563 1559 1559 1556 1554 1557 1557 1554 1556 1558 1561 1564 1567 1569 1570 1572 1574 1574 1574 1576 1584 1592 1621 1654 1658 1662 1662 1663 1657 1657 1652 1634 1630 1628 1625 1625 1622 1624 1623 1618 1618 1587 1516 1482 1450 1438 1460 1454 1449 1433 1422 1410 1396 1379 1359 1330 1306 1267 1232 1229 1230 1232 1231 1203 1184 1163 1164 1175 1186 1210 1235 1275 1261 1246 1238
-339999999999999996123846586046231871488.000000000000000 -3.4e+38 -3.4e+38 -3.4e+38 -3.4e+38 -3.4e+38 1564 1567 1569 1565 1562 1561 1557 1557 1560 1559 1556 1556 1556 1560 1565 1566 1569 1570 1571 1572 1574 1574 1576 1583 1591 1609 1642 1656 1660 1663 1668 1665 1661 1658 1639 1633 1631 1629 1629 1627 1627 1632 1631 1629 1596 1549 1501 1454 1426 1448 1435 1430 1432 1440 1443 1434 1397 1382 1368 1363 1297 1243 1230 1235 1237 1232 1227 1200 1186 1181 1174 1180 1209 1238 1284 1293 1277 1250
-339999999999999996123846586046231871488.000000000000000 -3.4e+38 -3.4e+38 -3.4e+38 -3.4e+38 1563 1563 1566 1569 1567 1565 1563 1559 1561 1561 1561 1559 1557 1557 1561 1565 1566 1568 1569 1570 1572 1574 1574 1576 1584 1591 1600 1627 1641 1648 1658 1668 1671 1665 1662 1648 1639 1636 1634 1635 1633 1628 1629 1630 1630 1600 1562 1506 1460 1425 1443 1429 1413 1431 1459 1475 1469 1417 1402 1391 1399 1329 1261 1236 1242 1240 1240 1236 1225 1218 1201 1178 1187 1215 1238 1288 1282 1268 1233
-339999999999999996123846586046231871488.000000000000000 -3.4e+38 -3.4e+38 -3.4e+38 1561 1563 1564 1565 1567 1568 1568 1566 1562 1562 1562 1563 1561 1560 1561 1564 1565 1566 1567 1568 1570 1571 1573 1574 1577 1584 1590 1596 1609 1611 1621 1644 1663 1670 1667 1660 1659 1644 1640 1635 1638 1639 1632 1630 1627 1626 1604 1547 1508 1482 1473 1476 1426 1398 1425 1462 1489 1495 1444 1435 1433 1422 1351 1290 1262 1251 1250 1268 1267 1258 1236 1216 1195 1207 1222 1245 1306 1262 1246 1236
-339999999999999996123846586046231871488.000000000000000 -3.4e+38 -3.4e+38 -3.4e+38 1563 1564 1566 1567 1567 1569 1569 1568 1566 1563 1565 1566 1564 1563 1565 1566 1566 1566 1566 1567 1568 1570 1573 1575 1578 1583 1587 1592 1594 1595 1601 1627 1657 1666 1667 1659 1661 1649 1645 1641 1644 1642 1644 1634 1626 1622 1605 1578 1557 1520 1504 1499 1474 1466 1470 1457 1479 1509 1493 1457 1459 1452 1371 1313 1300 1273 1272 1277 1275 1270 1245 1230 1226 1228 1231 1236 1322 1345 1258 1253
-339999999999999996123846586046231871488.000000000000000 -3.4e+38 -3.4e+38 1564 1566 1563 1566 1570 1572 1570 1569 1571 1569 1568 1566 1567 1567 1566 1566 1567 1567 1565 1564 1568 1568 1570 1574 1576 1579 1583 1585 1588 1590 1592 1608 1633 1656 1662 1664 1670 1667 1654 1649 1646 1649 1648 1652 1650 1632 1631 1609 1586 1580 1571 1557 1543 1536 1529 1513 1479 1483 1519 1515 1488 1488 1467 1427 1368 1346 1315 1291 1290 1292 1279 1260 1266 1257 1242 1250 1282 1354 1356 1267 1265
-339999999999999996123846586046231871488.000000000000000 -3.4e+38 -3.4e+38 1564 1566 1563 1565 1570 1572 1570 1569 1570 1569 1567 1565 1567 1568 1567 1567 1567 1568 1566 1567 1567 1565 1570 1574 1576 1578 1582 1585 1586 1588 1590 1599 1619 1644 1658 1661 1661 1658 1655 1653 1652 1653 1654 1655 1654 1645 1643 1624 1605 1597 1581 1565 1562 1597 1607 1601 1547 1525 1539 1525 1508 1494 1453 1434 1402 1379 1357 1325 1309 1307 1291 1265 1268 1271 1265 1265 1281 1354 1372 1311 1316
-339999999999999996123846586046231871488.000000000000000 -3.4e+38 1565 1564 1567 1564 1564 1567 1571 1570 1571 1570 1569 1565 1565 1564 1567 1565 1564 1566 1565 1564 1564 1564 1565 1568 1571 1575 1576 1579 1583 1585 1587 1589 1592 1604 1628 1650 1656 1655 1662 1667 1664 1660 1658 1659 1660 1661 1657 1653 1647 1632 1613 1591 1586 1605 1627 1633 1631 1615 1584 1549 1529 1516 1497 1451 1425 1405 1391 1379 1369 1347 1321 1308 1298 1300 1307 1313 1324 1322 1347 1389 1371 1344
-339999999999999996123846586046231871488.000000000000000 -3.4e+38 1566 1567 1569 1565 1565 1566 1570 1569 1567 1563 1566 1565 1563 1561 1565 1565 1564 1564 1565 1564 1565 1565 1566 1568 1570 1573 1575 1578 1582 1583 1585 1588 1591 1597 1617 1631 1644 1628 1663 1676 1676 1674 1672 1668 1665 1664 1666 1662 1658 1644 1618 1599 1603 1624 1632 1635 1637 1636 1611 1548 1527 1520 1503 1466 1428 1390 1351 1346 1359 1368 1342 1332 1330 1330 1332 1338 1349 1375 1388 1418 1352 1343
-339999999999999996123846586046231871488.000000000000000 1569 1568 1569 1570 1567 1569 1566 1567 1569 1567 1563 1565 1565 1561 1560 1562 1564 1565 1565 1566 1566 1567 1566 1567 1568 1569 1571 1574 1577 1580 1582 1583 1586 1590 1593 1603 1618 1619 1620 1670 1676 1675 1674 1677 1678 1673 1668 1673 1670 1666 1654 1624 1600 1604 1620 1629 1634 1643 1641 1625 1550 1508 1520 1510 1483 1432 1380 1324 1315 1327 1358 1383 1379 1372 1352 1352 1359 1358 1384 1427 1453 1363 1348
-339999999999999996123846586046231871488.000000000000000 1570 1569 1573 1572 1569 1573 1570 1570 1570 1568 1565 1565 1565 1562 1563 1565 1566 1566 1567 1567 1569 1570 1569 1568 1568 1569 1570 1573 1577 1579 1581 1582 1585 1589 1591 1594 1607 1604 1626 1673 1673 1674 1675 1677 1684 1681 1678 1677 1677 1670 1664 1646 1608 1602 1617 1627 1642 1651 1645 1635 1580 1507 1511 1514 1502 1456 1412 1344 1310 1309 1331 1402 1429 1427 1389 1386 1389 1373 1393 1447 1464 1401 1368
-339999999999999996123846586046231871488.000000000000000 1571 1572 1575 1575 1572 1574 1572 1571 1571 1570 1567 1566 1565 1564 1565 1567 1568 1568 1569 1568 1570 1572 1571 1570 1569 1569 1571 1573 1576 1578 1580 1581 1585 1588 1591 1593 1597 1602 1631 1658 1662 1677 1682 1684 1685 1682 1679 1678 1684 1676 1670 1675 1638 1621 1631 1631 1654 1659 1650 1641 1629 1560 1507 1510 1524 1502 1468 1388 1326 1312 1309 1363 1442 1474 1445 1434 1420 1392 1440 1472 1448 1402 1389
-339999999999999996123846586046231871488.000000000000000 1574 1575 1574 1574 1573 1573 1570 1570 1571 1571 1570 1568 1568 1567 1565 1567 1568 1569 1570 1569 1570 1573 1573 1573 1571 1571 1572 1574 1574 1577 1579 1581 1584 1587 1588 1592 1595 1600 1631 1629 1637 1672 1686 1692 1685 1671 1659 1673 1689 1690 1679 1683 1683 1667 1658 1645 1661 1668 1657 1639 1635 1631 1538 1507 1536 1527 1478 1436 1385 1341 1314 1325 1416 1489 1483 1477 1451 1427 1464 1496 1446 1414 1405
1572.000000000000000 1574 1574 1573 1572 1572 1571 1568 1569 1570 1571 1571 1571 1572 1570 1567 1569 1569 1569 1569 1570 1572 1573 1574 1574 1573 1573 1572 1574 1573 1577 1579 1582 1583 1584 1587 1592 1597 1604 1610 1614 1619 1647 1682 1691 1682 1669 1664 1671 1686 1693 1690 1694 1698 1695 1678 1678 1676 1666 1638 1586 1572 1624 1608 1562 1548 1557 1522 1510 1487 1436 1394 1376 1404 1471 1521 1503 1495 1505 1517 1503 1433 1428 1419
1571.000000000000000 1572 1573 1573 1573 1573 1572 1571 1572 1572 1572 1571 1573 1575 1572 1572 1573 1572 1571 1571 1573 1575 1575 1575 1574 1573 1573 1573 1573 1572 1575 1579 1582 1581 1584 1587 1596 1602 1606 1611 1618 1622 1625 1651 1667 1699 1703 1676 1675 1687 1694 1693 1700 1703 1697 1683 1660 1650 1613 1556 1527 1543 1558 1602 1599 1590 1570 1540 1529 1510 1512 1471 1462 1478 1496 1516 1527 1526 1525 1522 1462 1442 1433 1434
1571.000000000000000 1572 1572 1572 1573 1575 1575 1575 1575 1577 1578 1579 1581 1580 1577 1574 1575 1575 1575 1577 1580 1581 1578 1577 1575 1573 1574 1576 1575 1573 1576 1583 1582 1582 1584 1592 1600 1625 1635 1645 1635 1624 1626 1635 1650 1673 1709 1708 1698 1693 1696 1697 1702 1710 1708 1687 1650 1612 1581 1539 1513 1532 1551 1537 1557 1592 1576 1567 1543 1514 1515 1517 1519 1487 1509 1534 1531 1526 1521 1531 1479 1453 1439 1444
1572.000000000000000 1572 1574 1576 1575 1576 1576 1576 1579 1580 1576 1574 1581 1579 1577 1578 1579 1580 1579 1580 1580 1584 1584 1585 1583 1579 1579 1580 1578 1577 1583 1583 1583 1582 1584 1590 1594 1622 1637 1655 1651 1633 1629 1633 1648 1665 1678 1695 1708 1701 1691 1682 1698 1713 1714 1707 1660 1609 1576 1539 1527 1545 1532 1542 1549 1568 1585 1572 1546 1523 1520 1522 1508 1508 1523 1529 1524 1514 1511 1528 1499 1459 1442 1459
1574.000000000000000 1576 1573 1573 1572 1573 1574 1575 1577 1578 1577 1572 1574 1575 1574 1575 1576 1578 1577 1576 1576 1579 1581 1582 1582 1582 1582 1582 1582 1581 1581 1582 1584 1584 1587 1591 1595 1608 1617 1634 1655 1648 1634 1634 1646 1660 1663 1688 1716 1715 1693 1670 1660 1694 1719 1719 1691 1626 1592 1572 1563 1558 1536 1515 1518 1558 1569 1574 1568 1535 1519 1519 1506 1506 1515 1520 1519 1513 1527 1503 1504 1471 1471 1496
1575.000000000000000 1573 1573 1573 1573 1573 1575 1575 1576 1577 1577 1574 1571 1573 1572 1574 1576 1576 1575 1576 1576 1576 1578 1580 1581 1582 1582 1581 1583 1581 1581 1582 1583 1585 1587 1592 1596 1599 1603 1612 1633 1638 1634 1634 1646 1657 1659 1689 1716 1726 1711 1683 1657 1676 1719 1725 1716 1664 1625 1604 1595 1576 1547 1516 1496 1534 1545 1563 1579 1562 1537 1525 1521 1518 1511 1519 1518 1514 1544 1518 1524 1507 1511 1512
1573.000000000000000 1571 1572 1574 1574 1574 1574 1575 1576 1576 1576 1575 1572 1573 1572 1573 1576 1575 1575 1576 1576 1576 1578 1579 1581 1582 1583 1581 1582 1582 1580 1584 1583 1585 1587 1591 1594 1597 1599 1602 1611 1619 1626 1632 1646 1655 1656 1683 1714 1727 1723 1703 1682 1663 1717 1732 1729 1705 1668 1638 1610 1577 1546 1542 1518 1506 1520 1545 1567 1587 1575 1553 1548 1551 1526 1516 1513 1507 1546 1540 1516 1508 1517 1515
1571.000000000000000 1571 1571 1573 1573 1573 1573 1574 1576 1577 1577 1576 1574 1574 1573 1573 1575 1575 1575 1574 1575 1575 1578 1579 1580 1582 1583 1582 1581 1583 1583 1585 1584 1585 1587 1589 1591 1594 1596 1598 1604 1610 1617 1626 1642 1652 1651 1672 1707 1724 1721 1710 1692 1659 1723 1739 1737 1728 1708 1680 1621 1566 1549 1546 1554 1513 1492 1533 1551 1576 1596 1574 1572 1571 1551 1521 1513 1514 1534 1500 1447 1436 1471 1513
1571.000000000000000 1572 1572 1572 1572 1572 1572 1574 1576 1576 1577 1577 1576 1574 1574 1574 1576 1575 1574 1574 1574 1576 1578 1579 1580 1582 1582 1582 1583 1586 1587 1586 1585 1585 1586 1587 1589 1592 1593 1595 1598 1603 1608 1616 1630 1644 1647 1662 1682 1719 1728 1718 1698 1686 1736 1744 1741 1738 1725 1694 1645 1602 1576 1570 1550 1544 1488 1517 1539 1527 1570 1529 1551 1568 1569 1563 1555 1561 1496 1462 1420 1406 1421 1446
-339999999999999996123846586046231871488.000000000000000 1571 1572 1571 1571 1572 1572 1574 1575 1575 1575 1576 1577 1574 1574 1576 1576 1575 1575 1576 1575 1577 1578 1580 1581 1582 1581 1583 1585 1585 1585 1585 1584 1584 1584 1585 1587 1590 1591 1593 1596 1598 1602 1607 1616 1625 1634 1654 1669 1710 1736 1720 1711 1721 1730 1745 1744 1739 1729 1689 1669 1627 1596 1584 1566 1545 1553 1542 1537 1525 1524 1516 1532 1520 1501 1518 1562 1569 1505 1478 1444 1408 1407 1438
-339999999999999996123846586046231871488.000000000000000 1570 1571 1571 1571 1572 1571 1573 1574 1573 1574 1576 1576 1574 1574 1576 1576 1575 1576 1575 1578 1577 1577 1578 1580 1582 1582 1583 1584 1582 1582 1585 1584 1584 1584 1585 1586 1588 1591 1593 1595 1595 1597 1603 1613 1619 1630 1640 1674 1717 1735 1723 1725 1737 1705 1744 1748 1745 1737 1721 1693 1670 1656 1607 1578 1551 1533 1510 1488 1518 1527 1525 1449 1384 1386 1433 1483 1540 1558 1545 1529 1497 1459 1426
-339999999999999996123846586046231871488.000000000000000 1570 1570 1570 1571 1571 1571 1573 1573 1573 1573 1574 1575 1575 1574 1575 1576 1575 1575 1576 1578 1579 1578 1579 1579 1582 1583 1583 1584 1583 1581 1583 1585 1585 1585 1586 1589 1588 1590 1593 1592 1595 1598 1602 1607 1619 1631 1641 1667 1711 1739 1733 1717 1733 1696 1745 1716 1714 1737 1728 1720 1677 1630 1612 1562 1543 1529 1524 1501 1515 1528 1512 1503 1451 1395 1389 1449 1499 1523 1529 1524 1501 1496 1443
-339999999999999996123846586046231871488.000000000000000 1570 1570 1570 1570 1571 1571 1572 1572 1572 1573 1575 1576 1576 1576 1576 1576 1577 1576 1576 1577 1578 1578 1579 1579 1580 1583 1584 1584 1584 1584 1583 1587 1587 1588 1588 1589 1589 1589 1590 1591 1594 1598 1604 1608 1619 1632 1641 1661 1696 1733 1739 1725 1720 1700 1748 1727 1706 1727 1712 1697 1665 1606 1601 1573 1572 1553 1526 1501 1512 1531 1508 1511 1489 1423 1343 1376 1450 1473 1472 1468 1467 1461 1465
-339999999999999996123846586046231871488.000000000000000 -3.4e+38 1570 1569 1569 1570 1571 1572 1572 1572 1574 1575 1576 1577 1577 1577 1576 1577 1578 1578 1577 1578 1578 1579 1580 1581 1581 1583 1585 1586 1586 1586 1589 1589 1589 1588 1588 1588 1587 1589 1591 1594 1600 1606 1610 1617 1626 1635 1651 1689 1727 1739 1730 1725 1705 1734 1730 1702 1710 1701 1681 1661 1610 1601 1589 1567 1553 1519 1476 1476 1509 1506 1509 1506 1466 1355 1340 1384 1417 1422 1389 1415 1421 1439
-339999999999999996123846586046231871488.000000000000000 -3.4e+38 1570 1570 1571 1571 1570 1571 1571 1572 1574 1576 1577 1578 1578 1578 1577 1578 1579 1579 1577 1578 1578 1580 1581 1582 1582 1583 1586 1587 1587 1587 1589 1589 1589 1587 1586 1586 1586 1588 1591 1596 1601 1607 1612 1616 1620 1630 1643 1672 1712 1732 1728 1730 1701 1720 1730 1706 1700 1702 1683 1669 1631 1618 1605 1572 1549 1524 1474 1454 1475 1508 1512 1514 1501 1429 1363 1338 1380 1407 1335 1364 1414 1419
-339999999999999996123846586046231871488.000000000000000 -3.4e+38 -3.4e+38 1571 1572 1571 1570 1571 1571 1573 1575 1577 1577 1578 1578 1579 1579 1580 1580 1580 1578 1578 1579 1580 1582 1582 1582 1583 1586 1587 1588 1588 1588 1588 1588 1587 1586 1586 1586 1588 1593 1599 1602 1609 1614 1617 1621 1627 1639 1658 1692 1722 1728 1729 1699 1715 1735 1714 1702 1709 1695 1685 1655 1642 1617 1599 1559 1539 1511 1490 1472 1508 1510 1516 1515 1498 1411 1334 1360 1407 1328 1326 1404 1426
-339999999999999996123846586046231871488.000000000000000 -3.4e+38 -3.4e+38 1570 1571 1570 1570 1572 1572 1573 1576 1577 1577 1578 1578 1579 1581 1582 1581 1580 1578 1579 1580 1581 1582 1583 1583 1585 1586 1588 1587 1588 1587 1587 1588 1588 1587 1588 1586 1590 1595 1600 1603 1609 1614 1616 1622 1625 1639 1658 1674 1702 1717 1725 1704 1715 1736 1716 1709 1715 1709 1698 1675 1660 1619 1602 1573 1547 1544 1540 1511 1510 1505 1518 1518 1513 1452 1355 1335 1392 1337 1307 1347 1406
