Dropbox/GRP Data/GRP mammal paper/NN_analysis/DATA/2014 input files/yo_h_bio06Apr2014.asc
NCOLS 224 
NROWS 139 
XLLCORNER -69800.8126435 
YLLCORNER -76370.3008923 
CELLSIZE 821.1860311 
NODATA_value -3.4e+38 
[rows 100 to 119 of 139, columns 46 to 91 of 224]
207.270034790039 222.4150390625 280.017944335938 318.435485839844 334.818664550781 318.778198242188 298.302124023438 263.874450683594 306.706024169922 280.556365966797 278.877075195312 274.862579345703 247.753463745117 209.456253051758 170.20947265625 117.52507019043 74.2945175170898 77.2188186645508 58.2772407531738 45.8984260559082 59.3831520080566 105.935073852539 136.340408325195 165.057891845703 156.350891113281 143.781845092773 133.214294433594 137.476348876953 112.406753540039 98.8508911132812 80.1707229614258 72.1458435058594 104.278167724609 88.9855346679688 67.7597198486328 61.5329627990723 62.2365570068359 66.5636138916016 38.112232208252 9.50026702880859 -15.2849321365356 -12.8951377868652 14.5399160385132 48.6195526123047 -18.8737564086914 -81.6727447509766
204.76008605957 215.493438720703 265.656402587891 301.313293457031 334.3056640625 328.132232666016 313.8798828125 263.008422851562 313.065521240234 287.754058837891 283.557678222656 280.481201171875 276.853179931641 253.416442871094 186.497589111328 97.7465896606445 74.0675430297852 77.7757415771484 93.9366607666016 53.2760238647461 34.1333084106445 89.0261917114258 96.5376434326172 130.31413269043 159.150009155273 149.276992797852 149.945571899414 155.662460327148 142.522705078125 105.32787322998 84.0289535522461 76.7272033691406 87.7910919189453 43.1532897949219 5.44875288009644 -7.52218389511108 13.0643739700317 57.8979568481445 78.268196105957 33.3288879394531 10.6373529434204 29.8610954284668 35.3159141540527 27.7299365997314 -49.9688682556152 -62.6245956420898
202.815505981445 214.112701416016 228.242462158203 284.628814697266 339.0634765625 336.393218994141 314.537414550781 294.308441162109 314.736877441406 293.714965820312 287.613433837891 281.976257324219 281.646881103516 272.454406738281 225.165466308594 168.883377075195 123.407203674316 121.560279846191 92.3364715576172 89.1351318359375 31.4674739837646 61.2093315124512 65.5781631469727 72.4797210693359 128.740524291992 79.9000930786133 119.217308044434 141.712554931641 142.981552124023 142.352340698242 129.780731201172 117.436111450195 37.903694152832 18.2925624847412 -24.9443607330322 -44.4010581970215 -30.483060836792 -11.1828918457031 65.6707458496094 38.8980178833008 20.5972232818604 33.6156578063965 38.8474311828613 47.7631340026855 7.03022956848145 -69.5342864990234
199.111770629883 205.017974853516 221.479965209961 269.797973632812 342.727416992188 339.888397216797 329.307983398438 327.285003662109 284.232421875 295.221954345703 287.940124511719 287.330322265625 285.862579345703 265.272216796875 257.088592529297 196.657562255859 163.701110839844 165.35075378418 128.394256591797 72.0275421142578 82.2030258178711 80.8310699462891 66.7399978637695 56.5094413757324 66.8913345336914 48.4178009033203 68.0716171264648 48.2532005310059 23.3375778198242 69.6442031860352 145.436279296875 124.703277587891 47.5170021057129 48.8932800292969 10.5771703720093 -44.3071098327637 -44.2251930236816 -20.22607421875 49.0516662597656 73.9507446289062 57.1211128234863 37.0319595336914 41.9537086486816 45.6557922363281 -4.23543930053711 -101.019821166992
188.436706542969 202.221237182617 222.623138427734 281.875549316406 336.666900634766 339.806091308594 340.29541015625 320.401214599609 245.271697998047 275.689849853516 318.590240478516 290.275146484375 288.839599609375 280.031982421875 270.876190185547 256.551208496094 240.667678833008 181.795349121094 144.191558837891 89.4024429321289 50.0928649902344 37.1447410583496 23.2698097229004 51.3238716125488 67.0142211914062 65.7714538574219 -19.2830104827881 -142.118240356445 -127.617256164551 -36.8133735656738 31.6219959259033 81.3434982299805 109.412490844727 95.137077331543 77.5235366821289 51.0613021850586 3.51413798332214 -36.2975959777832 -27.357328414917 -10.9997034072876 -46.9202041625977 -70.337760925293 11.7781133651733 47.1881980895996 2.57293152809143 -103.758445739746
185.403442382812 198.229598999023 211.125793457031 269.686676025391 330.890441894531 344.553619384766 334.398010253906 337.474578857422 237.087310791016 323.775238037109 311.906372070312 289.403137207031 292.065002441406 282.359741210938 275.234161376953 255.024154663086 211.965576171875 194.225814819336 105.991134643555 80.3279190063477 56.7546615600586 56.566837310791 41.6241455078125 54.5169372558594 68.416862487793 29.4051628112793 33.3673820495605 -25.9625015258789 -106.926856994629 -111.238304138184 -19.2862186431885 36.6788330078125 71.0152282714844 74.8707962036133 71.7057571411133 49.7908325195312 43.097843170166 -11.495265007019 -47.8841934204102 -42.2959747314453 -75.45556640625 -91.5144577026367 -77.1463394165039 7.04057264328003 -5.88651704788208 -108.688385009766
191.948318481445 199.049819946289 213.541122436523 256.491790771484 318.272033691406 341.215606689453 334.702819824219 323.964263916016 243.865463256836 336.410491943359 322.467956542969 296.539489746094 296.165283203125 283.373107910156 271.397796630859 251.208190917969 172.164962768555 172.294891357422 129.343231201172 120.275215148926 87.9026947021484 55.6035537719727 42.2051773071289 50.938850402832 69.4453430175781 27.0896396636963 37.224063873291 23.7523765563965 -50.8057823181152 -167.667572021484 -111.380058288574 -1.90736889839172 15.341438293457 8.31096744537354 4.71411895751953 12.3447685241699 3.44910383224487 10.6483211517334 -25.657886505127 -53.2625312805176 -69.3683242797852 -90.000129699707 -106.298042297363 -65.3947296142578 -28.5277767181396 -81.7878036499023
193.646362304688 197.335845947266 209.252166748047 249.521286010742 308.871612548828 337.869781494141 339.052337646484 330.86376953125 250.970565795898 297.488037109375 325.91064453125 298.45166015625 293.135437011719 283.833068847656 268.280670166016 252.531890869141 182.456100463867 170.966033935547 150.591293334961 108.987800598145 82.0883560180664 46.9425392150879 10.9674129486084 14.9881048202515 47.532543182373 32.7459487915039 33.2039451599121 33.7520217895508 6.50415468215942 -129.336761474609 -119.126525878906 -71.2298965454102 -44.453010559082 -38.3400039672852 -110.105918884277 -50.9394187927246 -32.1479148864746 -14.4713563919067 -36.2420387268066 -56.2364273071289 -64.0271606445312 -82.2582855224609 -104.644309997559 -93.7919387817383 -83.9589233398438 -72.8201293945312
192.439468383789 194.971069335938 201.150802612305 228.482833862305 287.030975341797 329.931579589844 335.278045654297 334.463500976562 247.206787109375 263.789825439453 324.409637451172 303.624694824219 293.308197021484 290.063293457031 273.599395751953 263.199401855469 214.524826049805 193.203521728516 172.853393554688 125.309379577637 90.7020721435547 66.6390075683594 8.0678129196167 -1.31533122062683 21.8927383422852 50.356086730957 36.7703857421875 38.5360641479492 39.7531509399414 -35.1965522766113 -96.6063385009766 -132.290649414062 -86.199089050293 -51.8328552246094 -188.300186157227 -134.073913574219 -39.2872924804688 -37.6469039916992 -49.4802360534668 -58.3127517700195 -63.2077445983887 -72.1899337768555 -84.6575088500977 -95.0392608642578 -153.794784545898 -80.7308654785156
194.603561401367 194.0849609375 197.874847412109 212.702987670898 259.170867919922 313.330291748047 328.036651611328 326.287353515625 251.851928710938 260.900726318359 322.785675048828 311.268951416016 300.232513427734 300.450744628906 286.646850585938 277.613159179688 241.893142700195 223.733062744141 196.434173583984 177.203826904297 121.661689758301 90.8351211547852 55.5934715270996 42.6155433654785 32.1965675354004 69.6036376953125 38.7785797119141 42.0073394775391 47.4989433288574 27.9686183929443 -79.1839370727539 -134.560958862305 -118.012901306152 -58.3314476013184 -196.028427124023 -199.120498657227 -80.8432693481445 -41.8584480285645 -48.1351470947266 -58.2710800170898 -58.1496658325195 -63.4138069152832 -71.9160919189453 -100.409690856934 -167.903549194336 -89.7705688476562
196.080139160156 195.319580078125 198.867126464844 215.976181030273 234.113327026367 277.802642822266 302.897979736328 319.452972412109 268.128540039062 272.94189453125 319.200744628906 313.186553955078 306.891937255859 307.19775390625 297.4697265625 284.556945800781 265.133697509766 250.009094238281 203.007232666016 186.259460449219 135.576507568359 84.0639572143555 97.5529708862305 94.8591003417969 71.1100158691406 74.8968200683594 41.5715293884277 48.0329933166504 51.908275604248 36.8091659545898 -20.5898151397705 -100.478775024414 -162.880126953125 -82.6986465454102 -184.558746337891 -196.961776733398 -170.659362792969 -77.3933410644531 -58.3928604125977 -55.6164703369141 -50.6870040893555 -58.4964866638184 -82.270133972168 -94.1550445556641 -101.194900512695 -95.5731811523438
188.292877197266 197.265319824219 197.446212768555 206.786926269531 203.667083740234 220.542709350586 233.121871948242 299.410217285156 255.621139526367 286.993347167969 315.458526611328 314.404693603516 310.901000976562 308.924255371094 296.552673339844 284.063690185547 274.570587158203 257.072204589844 216.605728149414 193.598358154297 168.602478027344 97.7175979614258 81.6354064941406 60.4846496582031 65.2395095825195 95.4088973999023 52.5608940124512 58.1114273071289 60.5356597900391 49.9679489135742 27.3003311157227 -100.199554443359 -174.278671264648 -109.487266540527 -183.52131652832 -129.09016418457 -157.520233154297 -140.244415283203 -51.7420310974121 -61.8511428833008 -54.12744140625 -53.4372291564941 -59.2175636291504 -63.1323089599609 -73.7057418823242 -87.5650482177734
187.141784667969 190.46907043457 201.584899902344 204.591979980469 201.750640869141 217.347213745117 231.717102050781 243.357803344727 249.017868041992 280.119659423828 309.674102783203 314.679840087891 314.803588867188 309.092864990234 297.089324951172 289.363555908203 282.864624023438 271.676879882812 255.996612548828 222.059188842773 208.837829589844 149.556594848633 106.256484985352 85.0658187866211 74.2604446411133 53.1833419799805 56.3266181945801 56.6458015441895 55.7747497558594 43.4344139099121 34.5425643920898 3.20412611961365 -17.2300338745117 -10.2432622909546 -132.388626098633 -59.9370040893555 -67.8232192993164 -85.9860458374023 -61.4787292480469 -52.0878791809082 -54.9042091369629 -38.8693580627441 -89.4463272094727 -101.309059143066 -109.812713623047 -111.620452880859
187.482864379883 189.480606079102 197.522445678711 193.571868896484 199.558288574219 213.49755859375 226.695877075195 232.745590209961 282.371826171875 302.232849121094 311.586090087891 319.487762451172 325.520080566406 312.800476074219 298.427062988281 289.921813964844 280.450958251953 273.967132568359 263.081939697266 252.230743408203 224.068984985352 181.591583251953 120.03246307373 91.6016006469727 88.1725540161133 78.1316757202148 56.5775337219238 53.767936706543 50.4200553894043 36.3628921508789 30.9005088806152 24.5987110137939 19.2150592803955 -0.130544677376747 -20.246509552002 -37.0253028869629 -53.4247055053711 -53.0462989807129 -59.1541404724121 -52.6630172729492 -54.259105682373 -63.019702911377 -83.4821014404297 -98.8329391479492 -101.285682678223 -104.169952392578
187.395446777344 188.020080566406 190.306884765625 196.217300415039 209.085403442383 218.952011108398 227.201553344727 237.949981689453 283.986755371094 318.658996582031 316.173004150391 320.150024414062 321.068786621094 308.162445068359 298.547393798828 291.004058837891 286.766876220703 275.570861816406 265.371398925781 260.361083984375 240.254974365234 216.716812133789 176.519348144531 156.252395629883 110.732528686523 90.9416656494141 68.5733413696289 56.1178550720215 52.5436553955078 40.522590637207 35.2859153747559 30.8434638977051 25.6555919647217 9.80810642242432 7.20087957382202 2.69503712654114 -0.697214066982269 -18.4138031005859 -45.8775062561035 -29.8508262634277 -12.9037628173828 -33.2244834899902 -50.9293556213379 -57.8415069580078 -80.9143371582031 -89.966682434082
187.899307250977 187.544479370117 188.066482543945 191.136489868164 203.077774047852 223.230895996094 245.520751953125 251.67903137207 293.620056152344 315.574340820312 317.131195068359 318.158477783203 314.799682617188 305.192077636719 304.930969238281 294.815490722656 292.197601318359 281.963348388672 268.57958984375 263.080413818359 253.015029907227 238.411041259766 219.30615234375 209.718399047852 179.081115722656 127.245887756348 115.866638183594 112.721664428711 90.6423416137695 41.801700592041 37.7929916381836 29.7135944366455 10.5928602218628 7.51921939849854 14.2779016494751 18.3580741882324 20.3507537841797 4.44595336914062 -32.0941505432129 -22.2394542694092 14.5534868240356 12.5681524276733 -1.30454552173615 -5.24365615844727 -33.7522735595703 -87.0171203613281
189.352401733398 187.732971191406 189.641586303711 196.93440246582 208.991226196289 224.256866455078 243.204254150391 248.428649902344 289.539031982422 299.561737060547 308.139587402344 310.154296875 310.680084228516 304.292419433594 304.717926025391 299.423278808594 291.028625488281 286.116363525391 269.169677734375 266.388092041016 259.353149414062 249.51676940918 241.022079467773 233.90251159668 217.372482299805 147.440093994141 147.128707885742 139.557754516602 101.490501403809 56.8943634033203 39.95703125 30.1832866668701 12.9308280944824 13.3229475021362 19.2498550415039 23.1286735534668 25.5373229980469 19.2407932281494 2.25277948379517 -14.6410341262817 20.5970401763916 45.1225051879883 35.2209243774414 24.4066066741943 -13.7368402481079 -79.8712921142578
196.678588867188 189.142166137695 191.883728027344 203.489624023438 215.671875 223.608062744141 234.80290222168 241.685943603516 270.521514892578 270.7373046875 290.336639404297 298.156524658203 303.330688476562 299.469604492188 295.036682128906 295.304504394531 291.886444091797 285.773162841797 269.941375732422 269.008453369141 262.928100585938 257.340698242188 248.572677612305 238.648040771484 223.472259521484 170.895843505859 155.362075805664 138.430236816406 94.286262512207 66.130973815918 45.3718643188477 32.7913284301758 21.3750019073486 22.3065738677979 24.1435642242432 27.3892269134521 29.961576461792 28.2231769561768 30.039888381958 8.42054748535156 22.0401153564453 48.1602783203125 53.3629188537598 44.1843414306641 1.07116305828094 -77.4806442260742
228.548828125 204.305038452148 201.30534362793 208.602767944336 217.31819152832 222.474700927734 233.144226074219 237.101379394531 246.238632202148 246.462478637695 273.935882568359 283.349334716797 293.428924560547 287.867218017578 279.078277587891 281.865814208984 291.970886230469 282.847198486328 274.852752685547 271.195495605469 265.326934814453 261.605346679688 249.429473876953 237.539352416992 223.273483276367 200.899215698242 162.975631713867 148.116455078125 108.472068786621 66.9040985107422 49.8272819519043 37.6297035217285 23.8959255218506 23.7834434509277 28.3554229736328 31.6648139953613 34.4927711486816 32.2108879089355 34.538028717041 34.4075622558594 32.2069129943848 40.4846000671387 58.3170700073242 59.8036422729492 36.6166725158691 -53.9105834960938
270.138610839844 230.369400024414 216.502075195312 218.034393310547 220.663482666016 221.19580078125 231.056579589844 228.307571411133 227.82600402832 240.907577514648 263.434722900391 269.639556884766 286.610382080078 275.456329345703 266.260772705078 269.713836669922 277.743072509766 277.753814697266 280.215698242188 274.736297607422 264.832550048828 259.914367675781 248.405014038086 236.240356445312 219.451095581055 202.027160644531 176.558334350586 164.490539550781 133.770965576172 79.1424331665039 49.141471862793 45.2301788330078 33.3177452087402 24.6454811096191 28.5090770721436 36.2730979919434 41.7271156311035 39.1132125854492 39.4269104003906 42.2219047546387 46.7209129333496 51.4779052734375 53.8024940490723 54.7690353393555 65.1217498779297 22.6291465759277
