Dropbox/GRP Data/GRP mammal paper/NN_analysis/DATA/2014 input files/yo_h_bio12Apr2014.asc
NCOLS 224 
NROWS 139 
XLLCORNER -69800.8126435 
YLLCORNER -76370.3008923 
CELLSIZE 821.1860311 
NODATA_value -3.4e+38 
[rows 23 to 45 of 139, columns 153 to 203 of 224]
64514.13671875 58097.3046875 57865.2890625 53031.87890625 47226.53125 44396.02734375 42766.1171875 40822.21484375 39023.9765625 36766.79296875 34238.890625 32155.669921875 31079.796875 30662.470703125 31071.837890625 31651.322265625 32526.576171875 33460.171875 34295.54296875 35165.77734375 36051.1875 36650.625 36647.0703125 36005.07421875 35250.921875 34698.98046875 33967.39453125 33152.51953125 32314.158203125 31481.38671875 30596.3671875 29624.2421875 28180.6875 27249.13671875 26472.423828125 26083.0625 26092.068359375 26132.474609375 26117.642578125 -3.4e+38 -3.4e+38 -3.4e+38 -3.4e+38 -3.4e+38 -3.4e+38 -3.4e+38 -3.4e+38 -3.4e+38 -3.4e+38 -3.4e+38 -3.4e+38
62085.5625 57694.5390625 56791.12109375 52864.45703125 49389.21875 48159.6953125 46872.34375 45064.15625 43173.58203125 40501.765625 37425.7109375 34783.59375 33601.6875 33273.3828125 33761.72265625 33680.234375 33639.8828125 34131.01171875 34255.53125 35234.62890625 36105.36328125 36573.328125 36380.34375 35493.51953125 34806.26171875 34253.109375 33825.12890625 33011.98828125 32169.47265625 31434.28515625 30616.900390625 29758.712890625 28495.177734375 27136.87890625 26475.81640625 26047.41796875 25987.400390625 26129.42578125 26057.935546875 25962.146484375 25962.51953125 25759.76171875 -3.4e+38 -3.4e+38 -3.4e+38 -3.4e+38 -3.4e+38 -3.4e+38 -3.4e+38 -3.4e+38 -3.4e+38
56549.5859375 55982.265625 54374.828125 53524.01953125 52419.1171875 51873.16796875 50578.1796875 48459.375 46248.83203125 43599.05078125 40395.01171875 37736.1171875 36838.4375 36714.15234375 37155.1953125 36498.12890625 35678.14453125 35361.1171875 35126.25390625 35823.19140625 36581.35546875 36915.81640625 36163.43359375 35241.48828125 34420.15234375 34187.9609375 34036.1875 33416.5859375 32550.107421875 31868.576171875 31239.306640625 30304.958984375 28957.0546875 27390.01953125 26768.376953125 26257.974609375 26036.34765625 26132.86328125 26000.919921875 25947.974609375 25787.43359375 25391.76171875 25027.94921875 24650.91796875 24462.0546875 -3.4e+38 -3.4e+38 -3.4e+38 -3.4e+38 -3.4e+38 -3.4e+38
51188.9375 50262.671875 52242.63671875 54348.16015625 55751.8203125 55890.4921875 54361.2578125 52280.0546875 49632.1484375 46308.80078125 43027.52734375 41002.2421875 40228.56640625 40166.0625 40600.03515625 39929.03125 38175.88671875 37125.34765625 36663.94140625 36867.390625 37698.8125 37806.61328125 36829.7890625 36053.95703125 34941.50390625 34925.61328125 34746.4140625 34125.4296875 33741.35546875 33180.7421875 32485.953125 31265.7578125 29551.794921875 27934.767578125 27160.49609375 26694.541015625 26307.3125 26278.142578125 26156.302734375 26044.943359375 25590.92578125 25029.486328125 24687.625 24575.61328125 24377.62890625 24277.8515625 24176.611328125 -3.4e+38 -3.4e+38 -3.4e+38 -3.4e+38
48181.234375 49914.05859375 53590.73046875 57993.00390625 59637.875 59440.78125 57814.65234375 55828.46875 53517.1171875 50645.55078125 47019.48828125 44517.81640625 43755.1484375 44402.609375 44570.06640625 43327.734375 41153.671875 39188.7421875 38237.3203125 38055.7109375 38471.58203125 39396.14453125 39121.08203125 37927.6328125 36717.83203125 36048.3046875 35549.07421875 34793.890625 34564.86328125 34207.9140625 33316.01953125 31915.501953125 30201.263671875 28576.955078125 27588.25 27174.4921875 26754.830078125 26519.572265625 26120.4609375 25896.28125 25451.078125 24867.236328125 24708.677734375 24553.89453125 24411.92578125 24299.986328125 24300.2265625 24405.0859375 24588.052734375 25002.966796875 -3.4e+38
48472.58984375 53758.9921875 57779.703125 60514.28515625 61265.69140625 60977.5625 59923.953125 58696.9296875 57968.34765625 55822.86328125 53013.41015625 50572.921875 49233.8359375 48600.796875 47930.4453125 45914.8203125 43186.5859375 41016.38671875 39811.12109375 39361.4140625 39126.33984375 39774.9609375 40632.84765625 39659.12890625 38352.20703125 37090.03515625 36233.328125 35426.17578125 34805.3359375 34551.4140625 33603.01171875 32234.416015625 30518.1484375 28938.736328125 28034.849609375 27466.541015625 26898.560546875 26455.099609375 25652.078125 25419.69921875 25381.056640625 24905.15234375 24831.748046875 24935.314453125 24684.87109375 24482.095703125 24594.802734375 24747.056640625 24983.142578125 25284.03125 26005.259765625
56153.53515625 61703.95703125 66668.484375 68002.6484375 68288.9921875 67595.859375 64199.8515625 60048.7578125 59725.22265625 58175.37890625 57038.921875 55104.69921875 53081.87890625 51804.34765625 50436.5546875 48335.3359375 45186.19140625 43174.8203125 41930.6171875 41225.765625 41011.71484375 41101.53515625 41397.796875 41116.4765625 39701.0859375 37746.53125 35815.99609375 34433.6640625 33551.90234375 33057.20703125 32786.17578125 32080.421875 30630.51953125 29307.203125 28208.619140625 27427.509765625 27069.91015625 26436.490234375 25693.248046875 25747.05859375 25428.123046875 25077.759765625 25167.314453125 25239.224609375 25073.4921875 24861.869140625 24966.51953125 24991.19921875 25330.375 25751.232421875 26443.978515625
66339.6328125 71165.2578125 75053.203125 75433.4609375 75399.25 75129.8046875 71237.21875 64694.03515625 60521.671875 59320.6640625 58519.36328125 57216.90234375 55315.1953125 53551.93359375 51795.3671875 49605.9765625 46625.5078125 44614.984375 43378.0390625 42502.55859375 41936.671875 41403.6328125 41234.6484375 41795.6875 40311.6484375 38230.97265625 35247 33544.03515625 32565.974609375 32167.412109375 32089.9140625 32037.806640625 30744.76171875 29406.61328125 28122.865234375 27415.19921875 27340.712890625 26734.51171875 25992.5546875 25816.09375 25764.03125 25448.0625 25659.421875 25760.82421875 25586.228515625 25529.75 25458.0078125 25543.5390625 25674.708984375 26174.205078125 26747.404296875
75272.21875 79181.0703125 80767.2421875 81204.484375 81055.4140625 80256.828125 76811.1640625 69090.5078125 61080.359375 59642.72265625 58685.93359375 57688.1953125 56186.140625 54494.22265625 52773.98828125 50601.890625 47648.35546875 45576.34765625 44371.75 43406.03515625 42690.203125 41957.40234375 41333.6953125 41672.03515625 40264.86328125 38378.15625 35224.08984375 33422.5625 32494.349609375 32144.0390625 31679.203125 31213.271484375 29951.58203125 28972.232421875 28209.55859375 27620.056640625 27487.501953125 26888.87109375 26223.23046875 26049.271484375 26081.390625 25908.26953125 26078.6796875 26247.775390625 26152.31640625 26130.81640625 26017.80859375 26096.0078125 26213.18359375 26560.716796875 27122.16796875
84443.65625 85805.4375 85862.0390625 87361.765625 86569.5078125 82715.8046875 77855.078125 69305.390625 60947.578125 59646.20703125 58745.1484375 57686.07421875 56530.84375 55197.12109375 53605.65625 51676.03515625 48539.59765625 46286.640625 44875.10546875 43811.1328125 43038.05078125 42220.8359375 41293.66015625 40881.03125 39721.21875 38169.796875 35666.34765625 33800.6953125 32932.60546875 32404.607421875 31483.939453125 30004.0703125 29502.404296875 28874.779296875 28368.45703125 27934.701171875 27737.7109375 27189.8984375 26594.8515625 26482.345703125 26400.763671875 26396.814453125 26484.576171875 26581.08203125 26488.91796875 26575.23828125 26589.1171875 26523.2265625 26738.490234375 27043.986328125 27701.390625
96445.734375 94121.71875 92796.890625 94201.1953125 90433.7265625 82930.9921875 75499.2265625 67145.09375 60563.71875 60512.921875 59492.16015625 58285.62890625 57296.08203125 55835.875 54280.2265625 52735.85546875 49734.99609375 47214.03125 45288.05078125 44026.0625 42917.71875 41806.41015625 40789.5859375 39892.84375 38898.078125 37717.6640625 36212.3203125 34378.1796875 33549.3828125 32658.3359375 31233.103515625 29540.71484375 29684.912109375 29094.7734375 28444.400390625 28188.85546875 28090.720703125 27581.98828125 27004.94921875 26898.59765625 26942.16015625 26830.466796875 26880.998046875 27065.103515625 26951.453125 26984.380859375 27123.1015625 27061.66796875 27360.666015625 27500.95703125 28206.984375
107454.375 104354.671875 101710.2421875 98049.0625 89223.9921875 80319.3046875 72022.75 65988.5390625 62616.9140625 63062.578125 62397.37109375 60799.7109375 58742.62109375 56714.22265625 55309.421875 54075.32421875 51612.75 49181.87109375 46807.953125 44905.76171875 43125 41477.81640625 40143.5 39159.48828125 38149.73828125 37321.70703125 36601.390625 34941.140625 34114.7890625 32787.81640625 30938.822265625 29920.6953125 29927.494140625 29177.80859375 28553.23828125 28354.060546875 28438.052734375 27957.330078125 27396.224609375 27294.181640625 27590.46875 27296.521484375 27330.6015625 27728.21875 27658.099609375 27615.791015625 27640.578125 27686.86328125 27881.5 28023.853515625 28679.94921875
118753.96875 114463.8203125 108349.6640625 96418.765625 84530.96875 75958.0234375 69551.03125 66728.984375 68642.234375 71818.21875 71198.1328125 66646.0234375 61784.703125 58707.42578125 56327.88671875 54919.16796875 53343.46875 51729.92578125 49322.48046875 45779.32421875 43021.734375 40468.07421875 38670.37890625 38355.0625 37802.34765625 37354.12109375 36692.5703125 35155.625 34183.06640625 32538.248046875 31004.3046875 30103.4921875 30077.927734375 29253.89453125 28946.7265625 28600.123046875 28793.521484375 28361.955078125 27864.576171875 27793.05078125 28047.56640625 27899.099609375 27884.4296875 28374.373046875 28373.7421875 28346.673828125 28127.90625 28213.267578125 28275.919921875 28535.88671875 29104.62109375
126823.1875 122062.7421875 109495.4609375 95058.734375 82689.390625 74428.453125 69936.25 69905.453125 73900.09375 78893.3203125 78996.859375 74663.6328125 67396.5546875 61185.015625 57710.59765625 56129.59375 54576.22265625 53105.53515625 50035.19140625 46605.71484375 42655.31640625 39489.58984375 37856.3203125 37366.79296875 37361.875 36958.78125 36298.93359375 35339.09375 34025.4453125 32418.01953125 31383.27734375 30590.75 30414.294921875 29837.0546875 29443.189453125 29158.13671875 29221.5 28795.158203125 28353.126953125 28287.6171875 28381.044921875 28539.41015625 28490.55078125 28953.099609375 28921.94140625 28790.0859375 28538.919921875 28602.62109375 28730.564453125 28876.353515625 29334.337890625
125842.6640625 120799.1484375 107253.375 93890.3671875 84131.625 76847.1015625 72886.75 73672.3671875 78003.96875 83432.4453125 84397.4609375 80150.6640625 72818.390625 65411.890625 60753.2109375 57858.1640625 55537.875 53495.5546875 50693.8671875 47592.921875 43139.55859375 38662.16015625 36982.04296875 36577.4140625 36635.828125 36465.3203125 36002.28125 35058.6796875 33750.46484375 32421.974609375 31615.10546875 31048.5234375 30746.826171875 30230.5625 29619.142578125 29488.16796875 29482.662109375 29109.578125 28660.24609375 28712.443359375 28937.17578125 29114.125 29142.939453125 29628.052734375 29491.044921875 29222.08984375 29015.638671875 29074.04296875 29053.86328125 29223.974609375 29409.18359375
116431.1328125 112218.3828125 101602.3828125 92699.6484375 86119.515625 79788.171875 76204.1171875 76785.40625 81199.984375 87184.296875 87475.15625 82923.359375 75992.15625 68728.4296875 63198.04296875 59642.23828125 57045.52734375 54464.59375 50662.390625 46701.94140625 42461.91015625 38155.578125 36471.5234375 36195.15234375 36201.27734375 36020.0546875 35487.98046875 34360.8671875 33389.75 32605.130859375 31893.3046875 30785.48828125 30492.40234375 30501.087890625 29945.583984375 29867.275390625 29798.474609375 29330.873046875 28998.130859375 28920.978515625 29295.640625 29535.599609375 29526.38671875 29915.103515625 30094.8046875 29899.609375 29666.26953125 29645.67578125 29382.7265625 29425.0390625 29502.6171875
108872.671875 104508.5859375 96141.921875 91241.2109375 87583.4765625 83276.3203125 80091.390625 79214.71875 83425.3984375 87917.7890625 87026 82433.0390625 76665.234375 70179.1015625 65167.91015625 61342.93359375 58382.13671875 55093.6328125 50739.85546875 45802.04296875 41342.0625 38005.58984375 36535.55078125 36244.8203125 36011.44140625 35924.234375 35345.9609375 34183.19921875 33287.5859375 32760.859375 31818.107421875 30906.6015625 30490.134765625 30607.408203125 30279.359375 30114.830078125 29957.83203125 29563.35546875 29414.92578125 29331.892578125 29526.72265625 29540.8515625 29529.638671875 29705.169921875 29869.97265625 29799.3671875 29735.5703125 29782.404296875 29916.56640625 29929.65234375 29853.1875
107038.7890625 101755.9765625 93439.2265625 90628.0234375 88554.3125 85916.3828125 83516.3203125 81873.5 84023.1484375 85967.28125 83826.0234375 79696.2265625 75738.4375 70587.15625 66311.484375 62256.1953125 58993.875 55721.3046875 51226.64453125 45399.359375 40590.93359375 37916.15625 36599.56640625 35917.32421875 35586.8515625 35426.80859375 34909.25 33995.77734375 33184.75 32574.361328125 31653.943359375 31079.7265625 30697.9140625 30585.2578125 30447.734375 30225.8515625 30080.931640625 29793.451171875 29666.486328125 29682.8359375 29572.291015625 29496.3359375 29451.541015625 29694.572265625 29833.7578125 29891.06640625 29925.677734375 29892.60546875 29921.85546875 29992.009765625 29955.283203125
106436.953125 101055.421875 93320.15625 91456.9296875 89715.359375 87569.609375 85869.8359375 84382.1953125 83274 83183.2421875 79907.84375 76462.1484375 73623.484375 69675.6953125 65653.984375 61953.82421875 58919.74609375 56214.90234375 51807.00390625 45485.69140625 40363.47265625 37808.3359375 36424.0703125 35451.88671875 35019.515625 34806.86328125 34370.02734375 33785.73828125 33100.32421875 32382.560546875 31632.830078125 31144.0234375 30933.5546875 30668.00390625 30510.041015625 30330.53515625 30202.892578125 30016.333984375 29926.1328125 29885.517578125 29634.3515625 29622.28125 29355.83984375 29670.7109375 29863.4765625 29927.650390625 29974.474609375 29962.333984375 30027.767578125 30087.80859375 30194.29296875
103227.796875 98043.4375 93999.3984375 92704.0234375 92535.5625 91540.28125 89468.0859375 85682.4375 82217.734375 80265.3046875 76593.3515625 73445.6953125 70187.6015625 66717.546875 63406.5 60989.87890625 58506.09765625 55951.65625 51992.57421875 45834.23046875 40494.74609375 37742.08984375 36165.94140625 35123.4765625 34507.11328125 34369.63671875 34046.66015625 33735.03125 33154.96484375 32437.775390625 31702.783203125 31182.810546875 31005.599609375 30789.357421875 30578.80078125 30473.49609375 30355.3125 30215.66015625 30123.876953125 29978.02734375 29783.232421875 29794.87109375 29474.876953125 29771.443359375 29948.392578125 29974.814453125 29980.62890625 30043.69921875 30240.712890625 30317.017578125 30530.060546875
98815.109375 95268.625 93315.9453125 94912.78125 99292.28125 99405.984375 97353.4453125 87611.03125 80072.796875 76590.1640625 73338.203125 69742.859375 66199.9453125 63574.84765625 62121.125 60635.359375 58169.35546875 55491.1796875 52097.68359375 46259.70703125 40997.38671875 37800.65625 35876.3359375 34546.75 33901.7265625 33811.5703125 33735.01953125 33672.125 33241.02734375 32529.66015625 31712.17578125 31268.181640625 30980.052734375 30787.8359375 30677.427734375 30608.830078125 30508.185546875 30353.787109375 30202.9609375 30072.939453125 29988.94921875 29853.833984375 29795.84765625 29975.07421875 30056.904296875 30069.806640625 30067.0625 30177.234375 30342.994140625 30552.453125 30854.240234375
94452.859375 93070.921875 94117.6875 99520.359375 102921.296875 102460.7578125 99581.03125 88029.234375 76981.7265625 72894.3046875 68916.7734375 66354.625 64276.5078125 63101.41015625 62567.8125 61150.15625 59327.3984375 57518.4375 54275.08984375 47797 42173.57421875 38192.01171875 35333.34765625 33755.078125 33009.453125 33096.90234375 33115.734375 33235.8203125 32956.2578125 32320.798828125 31645.38671875 31312.578125 31090.947265625 30766.59375 30762.763671875 30726.81640625 30636.876953125 30475.34765625 30303.263671875 30242.96875 30175.908203125 29914.4765625 30071.51953125 30110.63671875 30137.736328125 30163.89453125 30228.517578125 30327.62890625 30341.26953125 30712.396484375 31120.37890625
90778.71875 91572.9296875 96001.6484375 101318.0234375 105699.8125 105182.53125 99467.6875 88721.6640625 76567.1875 71161.6171875 68329.7109375 67310.015625 66407.359375 65682.4140625 65465.75 64663.58203125 62855.2890625 60487.96875 57552.2265625 51241.13671875 44739.9453125 39470.828125 35489.91796875 33313.57421875 32202.125 32430.970703125 32376.763671875 32532.818359375 32320.373046875 31908.103515625 31383.646484375 31244.77734375 31041.783203125 30856.9453125 30912.310546875 30923.697265625 30887.974609375 30791.802734375 30533.716796875 30394.82421875 30258.099609375 30242.61328125 30161.9140625 30229.83203125 30228.2265625 30258.53125 30373.728515625 30409.60546875 30419.50390625 30819.740234375 31366.728515625
