Dropbox/GRP Data/GRP mammal paper/NN_analysis/DATA/2014 input files/yo_h_bio01Apr2014.asc
NCOLS 224 
NROWS 139 
XLLCORNER -69800.8126435 
YLLCORNER -76370.3008923 
CELLSIZE 821.1860311 
NODATA_value -3.4e+38 
[rows 0 to 36 of 139, columns 84 to 167 of 224]
-3.4e+38 -3.4e+38 -3.4e+38 -3.4e+38 -3.4e+38 -3.4e+38 -3.4e+38 -3.4e+38 -3.4e+38 -3.4e+38 -3.4e+38 -3.4e+38 -3.4e+38 -3.4e+38 -3.4e+38 -3.4e+38 -3.4e+38 -3.4e+38 -3.4e+38 -3.4e+38 -3.4e+38 -3.4e+38 -3.4e+38 -3.4e+38 -3.4e+38 -3.4e+38 -3.4e+38 -3.4e+38 -3.4e+38 -3.4e+38 -3.4e+38 -3.4e+38 -3.4e+38 -3.4e+38 -3.4e+38 -3.4e+38 -3.4e+38 -3.4e+38 -3.4e+38 -3.4e+38 -3.4e+38 -3.4e+38 -3.4e+38 -3.4e+38 228 264 -3.4e+38 -3.4e+38 -3.4e+38 -3.4e+38 -3.4e+38 -3.4e+38 -3.4e+38 -3.4e+38 -3.4e+38 -3.4e+38 -3.4e+38 -3.4e+38 -3.4e+38 -3.4e+38 -3.4e+38 -3.4e+38 -3.4e+38 -3.4e+38 -3.4e+38 -3.4e+38 -3.4e+38 -3.4e+38 -3.4e+38 -3.4e+38 -3.4e+38 -3.4e+38 -3.4e+38 -3.4e+38 -3.4e+38 -3.4e+38 -3.4e+38 -3.4e+38 -3.4e+38 -3.4e+38 -3.4e+38 -3.4e+38 -3.4e+38 -3.4e+38
-3.4e+38 -3.4e+38 -3.4e+38 -3.4e+38 -3.4e+38 -3.4e+38 -3.4e+38 -3.4e+38 -3.4e+38 -3.4e+38 -3.4e+38 -3.4e+38 -3.4e+38 -3.4e+38 -3.4e+38 -3.4e+38 -3.4e+38 -3.4e+38 -3.4e+38 -3.4e+38 -3.4e+38 -3.4e+38 -3.4e+38 -3.4e+38 -3.4e+38 -3.4e+38 -3.4e+38 -3.4e+38 -3.4e+38 -3.4e+38 -3.4e+38 -3.4e+38 -3.4e+38 -3.4e+38 -3.4e+38 -3.4e+38 -3.4e+38 118 98 52 37 71 128 162 211 260 331 408 461 512 562 -3.4e+38 -3.4e+38 -3.4e+38 -3.4e+38 -3.4e+38 -3.4e+38 -3.4e+38 -3.4e+38 -3.4e+38 -3.4e+38 -3.4e+38 -3.4e+38 -3.4e+38 -3.4e+38 -3.4e+38 -3.4e+38 -3.4e+38 -3.4e+38 -3.4e+38 -3.4e+38 -3.4e+38 -3.4e+38 -3.4e+38 -3.4e+38 -3.4e+38 -3.4e+38 -3.4e+38 -3.4e+38 -3.4e+38 -3.4e+38 -3.4e+38 -3.4e+38 -3.4e+38
-3.4e+38 -3.4e+38 -3.4e+38 -3.4e+38 -3.4e+38 -3.4e+38 -3.4e+38 -3.4e+38 -3.4e+38 -3.4e+38 -3.4e+38 -3.4e+38 -3.4e+38 -3.4e+38 -3.4e+38 -3.4e+38 -3.4e+38 -3.4e+38 -3.4e+38 -3.4e+38 -3.4e+38 -3.4e+38 -3.4e+38 -3.4e+38 -3.4e+38 -3.4e+38 -3.4e+38 -3.4e+38 -3.4e+38 -3.4e+38 -3.4e+38 -3.4e+38 -3.4e+38 -3.4e+38 -3.4e+38 146 113 150 163 141 140 134 164 187 234 280 347 422 479 525 561 557 537 520 -3.4e+38 -3.4e+38 -3.4e+38 -3.4e+38 -3.4e+38 -3.4e+38 -3.4e+38 -3.4e+38 -3.4e+38 -3.4e+38 -3.4e+38 -3.4e+38 -3.4e+38 -3.4e+38 -3.4e+38 -3.4e+38 -3.4e+38 -3.4e+38 -3.4e+38 -3.4e+38 -3.4e+38 -3.4e+38 -3.4e+38 -3.4e+38 -3.4e+38 -3.4e+38 -3.4e+38 -3.4e+38 -3.4e+38 -3.4e+38
-3.4e+38 -3.4e+38 -3.4e+38 -3.4e+38 -3.4e+38 -3.4e+38 -3.4e+38 -3.4e+38 -3.4e+38 -3.4e+38 -3.4e+38 -3.4e+38 -3.4e+38 -3.4e+38 -3.4e+38 -3.4e+38 -3.4e+38 -3.4e+38 -3.4e+38 -3.4e+38 -3.4e+38 -3.4e+38 -3.4e+38 -3.4e+38 -3.4e+38 -3.4e+38 -3.4e+38 -3.4e+38 -3.4e+38 -3.4e+38 -3.4e+38 -3.4e+38 -3.4e+38 295 268 200 160 184 161 162 210 236 238 244 260 283 349 428 486 505 550 542 502 487 455 471 507 -3.4e+38 -3.4e+38 -3.4e+38 -3.4e+38 -3.4e+38 -3.4e+38 -3.4e+38 -3.4e+38 -3.4e+38 -3.4e+38 -3.4e+38 -3.4e+38 -3.4e+38 -3.4e+38 -3.4e+38 -3.4e+38 -3.4e+38 -3.4e+38 -3.4e+38 -3.4e+38 -3.4e+38 -3.4e+38 -3.4e+38 -3.4e+38 -3.4e+38 -3.4e+38 -3.4e+38
-3.4e+38 -3.4e+38 -3.4e+38 -3.4e+38 -3.4e+38 -3.4e+38 -3.4e+38 -3.4e+38 -3.4e+38 -3.4e+38 -3.4e+38 -3.4e+38 -3.4e+38 -3.4e+38 -3.4e+38 -3.4e+38 -3.4e+38 -3.4e+38 -3.4e+38 -3.4e+38 -3.4e+38 -3.4e+38 -3.4e+38 -3.4e+38 -3.4e+38 -3.4e+38 -3.4e+38 -3.4e+38 -3.4e+38 -3.4e+38 -3.4e+38 411 389 370 315 243 223 186 96 115 205 281 289 286 285 296 364 440 486 478 528 520 461 421 383 402 458 497 509 -3.4e+38 -3.4e+38 -3.4e+38 -3.4e+38 -3.4e+38 -3.4e+38 -3.4e+38 -3.4e+38 -3.4e+38 -3.4e+38 -3.4e+38 -3.4e+38 -3.4e+38 -3.4e+38 -3.4e+38 -3.4e+38 -3.4e+38 -3.4e+38 -3.4e+38 -3.4e+38 -3.4e+38 -3.4e+38 -3.4e+38 -3.4e+38 -3.4e+38
-3.4e+38 -3.4e+38 -3.4e+38 -3.4e+38 -3.4e+38 -3.4e+38 -3.4e+38 -3.4e+38 -3.4e+38 -3.4e+38 -3.4e+38 -3.4e+38 -3.4e+38 -3.4e+38 -3.4e+38 -3.4e+38 -3.4e+38 -3.4e+38 -3.4e+38 -3.4e+38 -3.4e+38 -3.4e+38 -3.4e+38 -3.4e+38 -3.4e+38 -3.4e+38 -3.4e+38 -3.4e+38 -3.4e+38 544 507 448 349 283 232 237 252 144 18 29 146 273 329 342 347 364 408 439 489 470 495 500 445 339 326 358 430 472 491 521 490 482 -3.4e+38 -3.4e+38 -3.4e+38 -3.4e+38 -3.4e+38 -3.4e+38 -3.4e+38 -3.4e+38 -3.4e+38 -3.4e+38 -3.4e+38 -3.4e+38 -3.4e+38 -3.4e+38 -3.4e+38 -3.4e+38 -3.4e+38 -3.4e+38 -3.4e+38 -3.4e+38 -3.4e+38 -3.4e+38
-3.4e+38 -3.4e+38 -3.4e+38 -3.4e+38 -3.4e+38 -3.4e+38 -3.4e+38 -3.4e+38 -3.4e+38 -3.4e+38 -3.4e+38 -3.4e+38 -3.4e+38 -3.4e+38 -3.4e+38 -3.4e+38 -3.4e+38 -3.4e+38 -3.4e+38 -3.4e+38 -3.4e+38 -3.4e+38 -3.4e+38 -3.4e+38 -3.4e+38 -3.4e+38 -3.4e+38 -3.4e+38 644 523 420 356 235 126 159 45 111 123 20 32 173 272 301 356 403 425 391 396 474 466 468 486 427 269 226 311 405 447 472 485 470 469 455 450 451 -3.4e+38 -3.4e+38 -3.4e+38 -3.4e+38 -3.4e+38 -3.4e+38 -3.4e+38 -3.4e+38 -3.4e+38 -3.4e+38 -3.4e+38 -3.4e+38 -3.4e+38 -3.4e+38 -3.4e+38 -3.4e+38 -3.4e+38 -3.4e+38 -3.4e+38
-3.4e+38 -3.4e+38 -3.4e+38 -3.4e+38 -3.4e+38 -3.4e+38 -3.4e+38 -3.4e+38 -3.4e+38 -3.4e+38 -3.4e+38 -3.4e+38 -3.4e+38 -3.4e+38 -3.4e+38 -3.4e+38 -3.4e+38 -3.4e+38 -3.4e+38 -3.4e+38 -3.4e+38 -3.4e+38 -3.4e+38 -3.4e+38 -3.4e+38 -3.4e+38 451 546 654 526 410 290 189 155 70 -5 83 82 33 49 127 145 189 355 373 324 292 372 466 462 466 447 364 233 224 315 394 430 449 458 448 430 422 430 436 417 386 -3.4e+38 -3.4e+38 -3.4e+38 -3.4e+38 -3.4e+38 -3.4e+38 -3.4e+38 -3.4e+38 -3.4e+38 -3.4e+38 -3.4e+38 -3.4e+38 -3.4e+38 -3.4e+38 -3.4e+38 -3.4e+38 -3.4e+38
-3.4e+38 -3.4e+38 -3.4e+38 -3.4e+38 -3.4e+38 -3.4e+38 -3.4e+38 -3.4e+38 -3.4e+38 -3.4e+38 -3.4e+38 -3.4e+38 -3.4e+38 -3.4e+38 -3.4e+38 -3.4e+38 -3.4e+38 -3.4e+38 -3.4e+38 -3.4e+38 -3.4e+38 -3.4e+38 -3.4e+38 -3.4e+38 -3.4e+38 414 453 489 591 556 479 410 352 284 145 24 0 -1 -10 -12 82 152 268 346 255 201 190 303 420 460 419 435 281 194 210 272 339 385 432 439 440 441 415 389 369 353 349 370 431 412 -3.4e+38 -3.4e+38 -3.4e+38 -3.4e+38 -3.4e+38 -3.4e+38 -3.4e+38 -3.4e+38 -3.4e+38 -3.4e+38 -3.4e+38 -3.4e+38 -3.4e+38 -3.4e+38
-3.4e+38 -3.4e+38 -3.4e+38 -3.4e+38 -3.4e+38 -3.4e+38 -3.4e+38 -3.4e+38 -3.4e+38 -3.4e+38 -3.4e+38 -3.4e+38 -3.4e+38 -3.4e+38 -3.4e+38 -3.4e+38 -3.4e+38 -3.4e+38 -3.4e+38 -3.4e+38 -3.4e+38 -3.4e+38 -3.4e+38 -3.4e+38 328 380 435 490 568 543 510 470 456 420 340 212 56 -49 -61 9 123 203 277 273 133 129 214 311 392 448 416 362 202 162 218 266 290 329 423 436 439 435 403 366 328 268 280 371 382 390 427 491 -3.4e+38 -3.4e+38 -3.4e+38 -3.4e+38 -3.4e+38 -3.4e+38 -3.4e+38 -3.4e+38 -3.4e+38 -3.4e+38 -3.4e+38 -3.4e+38
-3.4e+38 -3.4e+38 -3.4e+38 -3.4e+38 -3.4e+38 -3.4e+38 -3.4e+38 -3.4e+38 -3.4e+38 -3.4e+38 -3.4e+38 -3.4e+38 -3.4e+38 -3.4e+38 -3.4e+38 -3.4e+38 -3.4e+38 -3.4e+38 -3.4e+38 -3.4e+38 -3.4e+38 -3.4e+38 439 363 309 361 424 497 560 529 453 355 374 433 423 363 220 98 41 26 96 190 234 148 98 162 222 298 387 426 413 382 248 147 129 167 167 260 402 419 414 403 373 327 281 219 258 308 321 380 440 481 514 528 544 -3.4e+38 -3.4e+38 -3.4e+38 -3.4e+38 -3.4e+38 -3.4e+38 -3.4e+38 -3.4e+38 -3.4e+38
-3.4e+38 -3.4e+38 -3.4e+38 -3.4e+38 -3.4e+38 -3.4e+38 -3.4e+38 -3.4e+38 -3.4e+38 -3.4e+38 -3.4e+38 -3.4e+38 -3.4e+38 -3.4e+38 -3.4e+38 -3.4e+38 -3.4e+38 -3.4e+38 -3.4e+38 -3.4e+38 -3.4e+38 445 456 392 316 350 406 484 548 530 378 217 214 326 411 424 363 283 219 88 60 139 142 63 96 149 193 287 383 395 401 396 265 133 84 91 90 208 386 398 367 357 338 291 235 189 214 233 291 380 449 502 520 529 543 605 632 641 -3.4e+38 -3.4e+38 -3.4e+38 -3.4e+38 -3.4e+38 -3.4e+38
-3.4e+38 -3.4e+38 -3.4e+38 -3.4e+38 -3.4e+38 -3.4e+38 -3.4e+38 -3.4e+38 -3.4e+38 -3.4e+38 -3.4e+38 -3.4e+38 -3.4e+38 -3.4e+38 -3.4e+38 -3.4e+38 -3.4e+38 -3.4e+38 -3.4e+38 355 299 385 431 408 346 346 386 485 544 537 362 210 138 218 374 414 412 370 355 200 86 90 73 89 129 142 221 323 379 377 384 399 265 128 90 106 135 249 372 351 328 330 310 246 190 176 190 210 298 379 443 506 529 532 547 622 634 639 641 643 -3.4e+38 -3.4e+38 -3.4e+38 -3.4e+38
-3.4e+38 -3.4e+38 -3.4e+38 -3.4e+38 -3.4e+38 -3.4e+38 -3.4e+38 -3.4e+38 -3.4e+38 -3.4e+38 -3.4e+38 -3.4e+38 -3.4e+38 -3.4e+38 -3.4e+38 -3.4e+38 -3.4e+38 -3.4e+38 399 347 249 309 347 377 383 360 406 515 551 537 393 298 181 182 346 385 366 338 388 293 148 74 104 190 202 216 311 370 375 372 369 382 255 113 123 204 250 311 304 257 302 312 270 206 186 212 224 220 312 394 453 503 526 533 566 632 635 636 637 639 639 638 638 -3.4e+38
-3.4e+38 -3.4e+38 -3.4e+38 -3.4e+38 -3.4e+38 -3.4e+38 -3.4e+38 -3.4e+38 -3.4e+38 -3.4e+38 -3.4e+38 -3.4e+38 -3.4e+38 -3.4e+38 -3.4e+38 -3.4e+38 -3.4e+38 313 327 324 296 274 257 289 346 390 475 517 535 523 395 301 215 163 323 355 277 223 324 315 190 118 202 231 247 297 348 360 364 364 365 326 213 94 176 286 267 245 152 148 286 280 219 202 242 287 300 270 349 444 484 511 526 546 597 628 633 632 633 635 635 634 634 635
-3.4e+38 -3.4e+38 -3.4e+38 -3.4e+38 -3.4e+38 -3.4e+38 -3.4e+38 -3.4e+38 -3.4e+38 -3.4e+38 -3.4e+38 -3.4e+38 -3.4e+38 -3.4e+38 -3.4e+38 353 299 327 347 365 390 378 323 254 210 349 475 503 501 479 414 228 130 122 257 216 263 100 200 310 250 204 171 114 195 274 327 334 349 356 369 281 207 140 217 228 87 43 -6 106 287 231 192 242 322 354 379 395 445 511 510 523 542 579 615 624 629 628 630 632 632 631 630 630
-3.4e+38 -3.4e+38 -3.4e+38 -3.4e+38 -3.4e+38 -3.4e+38 -3.4e+38 -3.4e+38 -3.4e+38 -3.4e+38 -3.4e+38 -3.4e+38 -3.4e+38 -3.4e+38 421 389 391 387 414 391 385 332 313 262 295 389 432 406 322 350 413 307 113 72 110 95 100 64 181 217 107 57 44 98 253 322 322 328 341 335 318 246 167 128 164 216 25 -76 -60 137 270 145 166 305 404 442 468 500 517 519 522 527 560 606 619 620 627 627 631 633 631 630 628 624
-3.4e+38 -3.4e+38 -3.4e+38 -3.4e+38 -3.4e+38 -3.4e+38 -3.4e+38 -3.4e+38 -3.4e+38 -3.4e+38 -3.4e+38 -3.4e+38 498 483 459 449 446 437 423 401 384 309 284 270 313 335 358 310 270 265 349 348 269 183 160 124 91 79 123 96 64 82 152 220 282 316 314 324 337 337 314 235 78 72 138 228 70 -67 1 195 191 111 252 346 444 471 455 472 450 471 487 504 541 604 620 621 624 629 634 636 634 631 628 621
-3.4e+38 -3.4e+38 -3.4e+38 -3.4e+38 -3.4e+38 -3.4e+38 -3.4e+38 -3.4e+38 -3.4e+38 -3.4e+38 -3.4e+38 545 539 537 531 517 492 467 430 402 344 311 306 302 319 288 252 185 193 190 271 293 295 257 243 211 172 114 141 99 107 135 207 239 290 308 307 311 326 333 303 249 66 32 113 216 86 -26 105 170 61 104 281 406 434 408 342 331 358 443 431 473 551 609 626 632 629 635 637 638 636 632 628 625
-3.4e+38 -3.4e+38 -3.4e+38 -3.4e+38 -3.4e+38 -3.4e+38 -3.4e+38 -3.4e+38 -3.4e+38 -3.4e+38 587 551 554 538 527 504 478 441 412 390 352 341 332 332 330 274 210 158 143 140 176 180 196 230 245 192 178 174 181 153 147 161 188 207 278 281 291 295 318 313 267 252 166 40 83 186 110 42 112 46 59 236 369 433 394 319 256 284 336 394 372 443 558 606 618 629 635 640 641 641 639 636 632 639
-3.4e+38 -3.4e+38 -3.4e+38 -3.4e+38 -3.4e+38 -3.4e+38 -3.4e+38 -3.4e+38 686 649 593 557 529 492 456 438 427 409 389 384 376 365 350 359 346 294 236 210 160 154 147 124 138 178 214 168 153 201 199 183 166 171 173 186 230 261 275 282 308 299 266 233 217 55 45 146 86 46 63 83 151 335 418 417 333 219 197 265 329 309 344 446 556 595 618 635 640 643 645 645 643 639 635 636
-3.4e+38 -3.4e+38 -3.4e+38 -3.4e+38 -3.4e+38 -3.4e+38 -3.4e+38 674 640 606 590 565 520 487 434 396 398 408 391 390 376 370 360 375 357 321 284 269 223 212 200 170 184 168 201 186 149 184 197 186 175 172 170 175 171 226 258 266 278 279 277 221 189 70 10 72 45 54 75 199 281 391 410 343 215 144 165 257 300 234 339 459 552 577 602 638 644 646 649 650 648 643 637 637
-3.4e+38 -3.4e+38 -3.4e+38 -3.4e+38 -3.4e+38 772 730 647 578 559 564 554 551 542 489 412 423 428 415 395 379 372 363 379 351 331 314 300 274 257 273 257 241 187 207 208 164 174 192 192 187 169 159 151 139 181 236 242 228 244 274 229 142 94 27 6 16 75 164 286 360 382 314 190 61 89 161 254 233 192 344 475 553 566 566 625 621 617 646 651 649 645 643 641
-3.4e+38 -3.4e+38 -3.4e+38 -3.4e+38 786 770 718 649 595 583 573 549 516 542 467 459 478 451 432 401 411 367 376 394 350 338 316 311 286 273 334 305 224 198 226 232 192 201 188 204 207 179 157 135 145 180 210 208 188 213 267 238 138 113 116 58 53 109 250 323 328 274 122 2 -52 58 164 225 153 173 346 488 556 561 538 585 578 560 610 640 646 646 643 636
-3.4e+38 -3.4e+38 -3.4e+38 803 783 756 701 662 655 640 627 571 525 569 540 479 472 472 431 420 389 364 406 413 350 340 335 325 284 314 359 296 274 278 259 239 191 217 190 214 211 191 174 168 204 186 174 175 175 212 235 225 202 104 188 245 259 274 283 265 221 133 -61 -99 -57 69 136 149 132 192 351 494 561 551 536 533 540 521 552 612 643 645 629 619
-3.4e+38 854 818 786 777 748 739 741 742 722 651 575 559 563 522 481 477 456 472 438 418 409 460 395 364 359 351 325 366 373 323 296 270 240 230 234 215 197 187 165 159 147 176 201 159 150 148 142 148 198 209 233 244 182 182 195 236 256 221 92 72 29 -103 -28 37 67 77 121 249 333 414 514 567 537 518 516 511 523 549 580 638 636 609 597
864 824 811 798 774 767 760 744 715 709 682 628 613 604 549 485 481 490 518 476 466 468 449 415 385 371 367 358 401 357 327 313 275 243 222 205 195 195 186 165 145 140 170 200 120 47 49 73 150 193 215 232 173 118 102 168 243 264 158 -24 -57 22 69 122 204 253 261 288 353 454 535 562 525 500 508 509 509 529 541 579 624 601 575 555
856 814 803 797 796 768 723 679 637 635 651 651 629 610 589 560 536 523 512 484 507 465 439 420 399 392 392 391 413 372 348 335 307 266 241 222 211 196 183 167 141 160 176 201 148 103 66 68 102 88 145 199 176 90 94 152 195 238 211 8 126 236 304 332 392 441 458 473 510 539 530 490 458 437 472 520 524 526 563 590 597 559 540 542
848 819 805 803 825 768 702 660 627 617 635 653 620 579 574 564 544 529 511 500 489 454 429 410 402 402 403 404 409 389 375 353 325 289 260 243 231 206 186 168 149 171 178 184 147 131 85 112 68 28 112 136 115 121 109 73 112 195 219 126 232 323 372 387 403 448 499 511 505 466 459 392 323 324 350 426 470 525 535 534 543 549 539 535
844 832 824 826 816 753 710 687 671 661 651 637 603 558 554 538 538 536 509 493 460 452 427 408 407 424 431 432 402 394 390 371 332 302 277 262 237 215 201 167 172 191 194 167 131 145 122 147 81 82 113 96 41 90 129 80 133 189 183 192 285 289 324 293 283 372 416 442 423 345 298 271 244 248 269 290 347 418 435 495 508 515 529 512
861 856 854 844 779 729 718 710 700 688 649 610 586 569 566 558 566 552 508 473 467 456 443 433 434 460 472 452 395 399 408 395 351 309 282 258 217 191 204 167 190 210 202 165 164 187 177 146 120 159 119 85 65 94 149 143 186 199 173 225 304 222 240 195 184 289 327 365 310 295 206 171 202 218 216 209 277 295 340 442 471 489 501 494
897 889 874 826 770 735 726 723 693 655 612 601 584 583 577 596 595 555 537 505 500 471 468 469 477 483 478 422 393 417 441 411 378 328 280 230 192 139 172 169 198 217 203 186 234 218 190 140 169 178 115 89 157 165 148 176 195 195 191 231 270 172 171 140 140 212 263 327 220 284 228 147 166 219 176 161 261 268 355 423 449 467 475 484
904 911 852 791 759 755 759 740 670 625 614 619 610 605 635 661 616 578 566 554 555 479 471 471 493 496 457 428 425 435 440 395 390 357 298 254 227 133 145 182 229 249 251 233 245 182 142 164 227 179 104 115 187 157 126 181 200 177 156 176 195 134 134 98 112 148 194 289 177 233 262 177 146 221 158 156 290 333 413 431 436 449 463 478
955 937 844 795 789 808 743 642 628 632 626 631 663 733 709 643 653 691 654 639 538 520 478 492 529 483 447 454 447 444 390 417 399 319 220 200 183 131 164 228 282 284 259 267 226 150 148 196 202 158 119 182 184 99 169 184 201 137 40 111 132 105 119 110 130 131 133 209 161 164 218 166 137 180 165 237 368 392 368 384 401 430 448 466
963 938 903 874 805 772 742 695 665 633 665 685 741 725 613 647 676 663 569 576 585 591 568 565 568 527 507 467 434 369 403 425 329 291 253 201 211 232 217 267 314 286 281 266 208 196 204 240 212 173 171 203 119 119 194 216 204 134 76 47 42 154 159 138 146 130 119 181 180 157 146 117 65 80 190 288 388 369 274 263 340 379 400 442
965 933 900 840 797 785 714 657 651 665 715 771 758 644 716 759 729 628 532 515 527 545 563 533 487 457 455 447 375 393 472 417 294 244 205 174 231 269 268 325 334 300 288 258 220 207 219 255 215 201 214 220 172 179 223 214 193 146 76 20 34 192 162 126 116 145 69 98 163 152 139 148 170 169 255 344 367 206 193 239 256 300 337 407
956 915 869 815 830 777 704 662 685 722 745 814 711 690 796 797 704 566 519 503 526 543 539 523 482 443 437 448 462 500 493 347 254 218 206 223 264 281 311 372 358 312 296 249 230 268 307 284 265 251 262 229 191 206 223 175 144 139 81 39 133 198 161 126 141 122 101 139 156 29 25 136 172 203 305 321 359 185 149 203 217 249 299 380
