Dropbox/GRP Data/GRP mammal paper/NN_analysis/DATA/2014 input files/yo_h_bio12Apr2014.asc
NCOLS 224 
NROWS 139 
XLLCORNER -69800.8126435 
YLLCORNER -76370.3008923 
CELLSIZE 821.1860311 
NODATA_value -3.4e+38 
[rows 23 to 45 of 139, columns 102 to 152 of 224]
129997.578125 129254.3359375 129063.1796875 129414.2265625 129865.8828125 129983.96875 129420.9609375 129012.6015625 131136.671875 133974.671875 134522.265625 135623.53125 135826.109375 136285.296875 138516.09375 139850.125 139166.578125 139167.96875 138896.703125 138873.765625 138646.328125 138570.03125 139192.796875 140291.125 141366.671875 144335.359375 143777.296875 141384.75 138551.171875 134603.140625 127478.9609375 118940.8515625 112021.6796875 113223.625 117828.2265625 125609.7109375 132674.4375 131936.6875 127456.9296875 118815.4140625 107405.125 97095.8359375 93489.34375 99467.265625 109023.703125 112551.140625 109599.609375 101098.21875 88112.3984375 77760.21875 71071.40625
126424.1796875 126334.1484375 127014.1953125 127756.7578125 128545.46875 129261.1875 128915.1328125 127609.34375 129082.7734375 130848.3671875 132239.34375 132642.6875 133221.859375 133531.875 135957.59375 137811.453125 138172.421875 138098.421875 138084.953125 138345.890625 138245.609375 137910.0625 138532.875 139484.8125 140379.125 141554.171875 142809.640625 142913.328125 142587.375 140503.40625 134661.375 125944.1796875 118076.234375 116314.453125 116991.3828125 122156.5546875 124536.703125 123149.421875 116001.90625 109496.1953125 105438.1015625 105828.4921875 112071.6171875 122503.1875 129356.6953125 128005.6015625 120976.8984375 105310.3828125 89324.7578125 77811.1953125 69755.609375
122649.859375 122597.265625 123475.4140625 125182.90625 126984.5078125 128407.734375 128890.7578125 128308.8828125 128083.8828125 128456.640625 129259.71875 130732.7578125 132015.671875 131826.34375 134068.0625 136539.203125 137122.421875 136793.34375 136669.8125 137533.84375 138778.609375 138518.9375 138801.453125 139035.28125 139379.796875 140212.09375 142759.890625 144134.71875 145436.171875 144460.6875 140043.546875 133204.65625 125110.3984375 121615.5703125 118399.4375 121082.375 121645.0078125 117531.265625 110617.0546875 106693.53125 110641.71875 119295.7265625 127644.5703125 133446 134500.484375 129082.53125 117416.7109375 98538.671875 83705.3671875 73328.3125 64633.5
118989.3671875 119710.203125 120536.4375 122729.8203125 125161.2578125 127136.3671875 128338.21875 128422.546875 127183.3046875 126085.0546875 126950.0234375 128158.875 129092.046875 130360.4453125 132362.71875 134732.875 136006.109375 134902.390625 135462.0625 138102.609375 139356.5625 138675.15625 138406.359375 138318.234375 138225.375 139319.265625 142587.828125 145764.90625 148482.890625 148324.203125 144640.046875 138626.984375 131047.703125 127869.6796875 124096.390625 126308.46875 125421.7578125 119399.859375 113585.8359375 111150.8046875 117341.8984375 125022.5078125 130727.1328125 128683.3203125 120714.3125 107848.6640625 93111.75 78577.515625 67793.625 59106.078125 51833.296875
116510.875 117651.5390625 118912.21875 121244.9765625 123935.3203125 126275.234375 127568.7421875 127648.265625 126725.0390625 125270.921875 124948.4921875 125247.1328125 126928.15625 128053.1015625 129391.6328125 131124.59375 132415.09375 133213.640625 134921 139127.15625 139310 138861.84375 138116.953125 137300.09375 136109.703125 137945.421875 141847.71875 145509.8125 149001.421875 149993.765625 148481.71875 143546.125 136111.109375 132765.46875 128310.7109375 129573.4140625 129300.7578125 125696.2421875 121759.953125 116729.1484375 119916.546875 122847.59375 120960.203125 110608.9453125 96479.84375 81822.3046875 69801.1953125 60648.734375 53144.46875 48288.65234375 46751.23046875
114875.3984375 116427.2734375 118433.96875 120471.6015625 123301.875 125640.65625 126862.453125 126460.53125 125714.3515625 124761.9140625 123907.7421875 123897.8671875 125795.9375 126014.953125 126732.3046875 127850.40625 129628.421875 131546.28125 133545.984375 138273.46875 139162.84375 138582.03125 137544.71875 135655.15625 134385.0625 136896.75 140616.421875 143638.28125 146674.046875 148355.796875 148980.296875 145991.109375 139755.203125 136037.140625 131766.609375 131478.984375 131204.625 129038.34375 125876.9453125 121949.7265625 119009.71875 116072.5390625 108964.4140625 94717.0078125 80726.3125 70076.5546875 61509.8828125 54717.44921875 48328.578125 45149.84375 45340.73828125
113431.296875 115678.4765625 117990.171875 120059.515625 122667.109375 124718.1875 125705.484375 125132.625 124321.8203125 124034.40625 123658.2890625 123576.7734375 124659.0390625 124903.2421875 125616.921875 126700.359375 128873.484375 131345.5625 133798.875 137962.328125 140363.6875 138345.046875 136573.4375 133949.34375 133478.3125 136152.015625 139341.375 141441.375 143633.8125 145555.390625 146953.484375 145656.640625 141303.84375 138379.265625 134547.890625 132212.34375 130939.5859375 128615.7734375 125607.8828125 122339.171875 116209.8203125 110174.9375 102174.5625 91628.6328125 83933.9609375 78685.453125 71490.2109375 62659.8203125 54374.453125 50530.94921875 51177.33984375
112009.8671875 114490.6484375 116780.9921875 119221.6640625 121351.625 122998.6328125 123719.875 123515.671875 123074.296875 123318.4609375 123558.3046875 123250.0390625 123523.015625 124465.90625 125897.40625 127826.1328125 130308.234375 133747.4375 137258.703125 140368.734375 142168.109375 138510.734375 135256.140625 132287.46875 132845.5 135252.21875 137859.546875 139452.875 141278.59375 143113.625 144337.40625 144171.375 141609.34375 139093.53125 136116.703125 132134.5625 129926.328125 127054.9453125 124201.0703125 120851.109375 116159.2578125 109520.8984375 103335.453125 100587.4375 100468.71875 99431.5703125 91989.0234375 78994.5546875 66631.7890625 60872.6640625 60939.66015625
110715.4765625 112317.578125 114761.3671875 117284.8359375 119296.8828125 120615.1640625 121436.9609375 121688.28125 122136.8671875 122758.296875 123186.4921875 122930.7578125 123177.2890625 124432.578125 126813.8828125 130159.0390625 133697.84375 137934.171875 142195.0625 144273.765625 143063.015625 138479.015625 133481.609375 130208 131625.296875 133987.515625 136091.984375 137865.78125 139656.640625 141043.78125 142165.96875 142653.171875 141324.1875 138696.890625 136773.859375 132338.640625 129366.2578125 126347.3046875 123721.9765625 121380.3125 119392.859375 114578.453125 111434.0234375 112730.203125 116348.8203125 117904.140625 112327.859375 97951.2109375 81496.9375 73097.0390625 72724.5234375
109173.140625 110283.65625 112065.15625 115047.2265625 117370.28125 118766.1328125 119838.890625 120564.4375 121599.9296875 122099.0703125 122558.5078125 122966.625 123200.8984375 125135.3359375 128032.7890625 132476.859375 137656.984375 141426.828125 145411.953125 146388.28125 143436.828125 137121.609375 131144.46875 127648.6015625 129555.3046875 132578.0625 134759.96875 137028.421875 138297.765625 138930.765625 140081.65625 140810.265625 140302.1875 138971.734375 137310.875 133415.140625 129413.6875 126195.6171875 124104.5234375 123569.0703125 122912.1953125 121670.984375 120902.828125 119353.125 122472.8359375 125021.515625 124163.1953125 114494.5 98004.5546875 87775.3671875 86155.25
107944.15625 109056.71875 110620.484375 112724.9296875 115591.03125 117216.96875 118340.8125 119919.890625 121045.875 121341.6953125 121770.859375 122687.1171875 123877.453125 125217.6171875 128128.84375 133466.046875 140107.71875 142720.671875 145111.15625 145461.609375 141900.796875 134394.859375 129117.2421875 125770.28125 127710.765625 131163.4375 134178.390625 135933.359375 136585.359375 136684.234375 137451.421875 139366.515625 139991.734375 138323.125 136667.125 133516.5 129803.96875 126027.2265625 124963.0703125 125546.0859375 127204.1484375 126398.4296875 123896.8984375 119963.40625 121940.2734375 123489.625 124912.1015625 123723.1640625 114724.2578125 105817.8125 99304.3046875
108067.21875 109171.75 110193.4140625 111886.4296875 113660.296875 116000.2265625 117845.3671875 120626.6015625 122356.1171875 122010.8671875 120850.96875 122750.4765625 124071.5390625 125865.8984375 128591.34375 132760.484375 138314.28125 142517.40625 143360.875 141804.125 135356.1875 129879.390625 126742.7578125 125679.3125 127230.578125 131498.296875 133348.625 134025.828125 134192.171875 133866.25 135076.015625 137123.34375 138016.15625 137375.5 136976.71875 133901.328125 129821.9296875 126234.3984375 126079.78125 127194.7109375 129553.359375 129864.921875 128222.4140625 124269.5078125 119216.7734375 119976.078125 123305 127793.546875 126316.375 118617.515625 110794.015625
108433.3671875 109576.6015625 110545.15625 111673.8515625 113196.7578125 116161.5234375 119481.75 123165.171875 125999.0078125 123667.8671875 121781.859375 122719.703125 123978.8828125 126757.2109375 130059.6015625 132989.765625 136923.328125 139748.515625 140266.46875 136671.03125 130805.1875 127246.640625 125279.078125 125411.9453125 127071.140625 130534.234375 132105.328125 132057.625 131202.140625 130319.1640625 132473.859375 134656.96875 135846.484375 136297.40625 134473.171875 132587.21875 129617.078125 127211.7109375 126996.046875 128181.9765625 130006.7421875 129824.515625 126978.3984375 121558.3515625 118705.1328125 117446.140625 120098.2734375 125318.6484375 128145.0703125 125164.1015625 121316.0078125
109214.625 109745.9453125 110360.7734375 111377.1953125 113223.21875 116166.875 119889.1015625 123273.515625 125849.4296875 124243.3125 121230.8828125 120984.75 123355.34375 127529.5234375 131721.109375 133325.453125 133928.34375 134410.765625 134354.3125 132176.15625 128788.5 125796.046875 124645.8515625 124949.6796875 126341.3359375 129736.5234375 129940.734375 128684.8828125 126793.015625 126800.4921875 129881.9140625 132508.859375 134272.875 134893.796875 133027.921875 131516.921875 129458.984375 127998.0703125 127367.5078125 128095.0625 128553.734375 127002.7421875 123755.3203125 120049.875 117941.5625 116058.140625 117749.5546875 122357.40625 126909.40625 127299.2890625 128595.6015625
109296.53125 109458.7109375 109866.6953125 110677.765625 112452.1015625 115025.46875 118385.90625 121232.625 122584.3515625 121632.828125 118680.5703125 118818.8515625 122246.59375 127476.4296875 131730.328125 133520.546875 131831.875 130251.84375 129551.828125 128309.484375 126369.8515625 124734.46875 124372.3984375 125032.171875 126236.671875 127753.3125 127400.421875 124570.7734375 124027.1640625 125320.90625 129003.4921875 131963.796875 133909.890625 134167.84375 132886.59375 130896.9140625 129026.1640625 127655.2890625 126860.4453125 127152 125860.15625 123430.0234375 120935.9921875 118799.1015625 116661.234375 114654.0546875 114859.109375 117534.2421875 120632.5625 121432.359375 125750.7734375
108932.9765625 109032.953125 109327.984375 109914.3828125 110848.265625 112766.59375 115338.6796875 117653.03125 118431.34375 117110.6953125 115448.96875 116857.625 121139.71875 126349.7890625 129667.5703125 131496.890625 129633.328125 127740.7734375 126969.484375 125957.2890625 124544.6875 124085.6484375 124410.046875 125121.7421875 125968.0859375 125519.5234375 124593.4765625 121452.7890625 122469.484375 125293.390625 129495.765625 132517.859375 134099.78125 133674.4375 131776.890625 129274.65625 128214.2578125 126927.6015625 125638.5234375 124970.796875 122739.515625 120213.2890625 118815.90625 117290.484375 115229.03125 112891.4140625 112418.515625 113453.3046875 114122.875 113913.4140625 116652.6484375
108871.875 108971.375 109039.5 109456.3125 109505.7265625 110325.4921875 111575.25 112995.46875 114028.828125 113039.5390625 112908.8125 115160.2109375 120026.859375 124092.9453125 126652.4609375 128032.9921875 127298.4453125 126039.9375 125593.1171875 124900.8046875 124087.4921875 124059.3359375 124366.390625 124605.8984375 124692.0234375 123818.7890625 122508.578125 120658.6328125 121595.0234375 125224.671875 129636.71875 132542.5 133477.125 132324.75 129824.734375 127560.6953125 126637.8125 125277.8359375 123385.6171875 121543.0546875 119117.2890625 117853.9140625 117407.34375 115559.6328125 114098.8359375 111610.7109375 110167.7578125 110108.96875 109677.5390625 109774.625 110310.78125
109257.5 109657.4765625 109593.546875 109487.0859375 109318.921875 108790.6015625 108298.6015625 108491.6875 109524.4765625 110304.53125 111584.015625 114055.328125 118450.2265625 121310.1640625 124079.84375 125844.84375 126115.1328125 124773.6953125 124401.71875 123940.7421875 123848.65625 124270.9375 124023.1328125 123829.6484375 123036.1328125 122452.578125 121730.546875 121614.0703125 122024.875 125071.4296875 128537.5625 130913.7578125 131071.0390625 129475.8359375 127547.4453125 125856.0703125 123837.5546875 122215.9609375 119927.859375 117697.5703125 115623.421875 116127.3046875 116823.9375 115045.1640625 113429.203125 110238.4609375 107538.296875 106692.9453125 106519.5546875 108206.71875 109155.734375
110655.921875 111407.1640625 111203.2890625 110423.1171875 109573.4296875 108301.15625 106753.3046875 106177.8203125 107805.3671875 108892.6796875 111619.5625 114010.140625 116848.9453125 119869.9296875 122079.34375 123336.8671875 123594.65625 123188.28125 123066.0546875 123168.796875 123476.28125 123783.6484375 123917.1875 123327.0078125 122084.4140625 121322.3046875 121018.9453125 122241.1875 123696.4453125 125827.171875 127423.71875 128255.203125 127300.9375 125377.265625 123689.921875 122008.3046875 119887.875 118516.5859375 115996.3828125 114181.1953125 113689.3359375 114860.6328125 116764.28125 116234.0234375 113331.4375 108001.140625 104566.265625 103269.7109375 103582.3125 106464.734375 108817.234375
112426.8515625 112903.6953125 111651.171875 109398.4375 109140.78125 108038.21875 107179.0078125 107606.953125 108989.3984375 111135.4453125 113137.7109375 115000.3984375 116858.1640625 118188.40625 119143.859375 119949.703125 120790.3984375 121500.921875 122216.9140625 122389.0234375 122904.8515625 122967.6171875 122033.265625 120312.0703125 119835.265625 120253.2421875 120688.71875 122890.21875 124238.953125 124793.796875 127832.6484375 126669.9609375 124084.4296875 120696.9296875 118826.9921875 117926.953125 115848.21875 114545.46875 112820.046875 110709.59375 113203.015625 114912.109375 116208.9296875 115652.84375 113681.7421875 106862.3359375 101684.03125 100343.6953125 101501.796875 104963.0546875 105861.2265625
112673.0625 112497 111181.296875 108112.265625 107349.7265625 106985.1015625 107277.71875 108097.5078125 110043.84375 112152.1015625 113552.8515625 114940.84375 115775.59375 115883.1875 116238.1015625 117104.546875 118652.96875 120054.4609375 121932.171875 122715.5390625 122405.6796875 121961.125 120265.8828125 118806.1640625 119043.375 119781.2421875 122274.25 124558.8359375 127239.703125 129871.6171875 130993.671875 127692.9609375 121490.9375 117196.1484375 115323.21875 113171.9453125 112129.25 111443.625 111607.84375 112011.109375 114362.609375 114850.4921875 115358.265625 115051.796875 111075.90625 104365.8828125 99186 98125.5703125 99775.46875 102088.3203125 101237.953125
112304.484375 110884.8125 109142.171875 106436.0703125 106120.75 106374.8515625 107753.9609375 109097.640625 110972.546875 112450.734375 113564.5859375 113451.65625 113261.453125 113132.71875 113478.4921875 114790.90625 116735.0546875 118998.296875 121533.671875 123011.3515625 122710.0546875 121080.4765625 118596.0625 117659.953125 118139.859375 119579.0859375 123259.28125 126157.765625 129498.859375 131374.34375 130946.2890625 126317.71875 119284.0859375 113951.390625 111177.1328125 110018.0234375 110172.4140625 111559.046875 113134.59375 113016.71875 114705.984375 114471.8203125 114110.9375 112247.1171875 108024.8515625 102315.90625 97527.890625 95842.609375 96750.6796875 98144.3984375 96764.6640625
110820.875 107669.2578125 105786.6484375 103740.296875 104114.7109375 106124.2109375 108052.8515625 109519.5390625 110752.78125 111620.296875 112667.3359375 111625 111201.6015625 111414.2734375 112074.921875 113889.0546875 115637.9921875 117752.6796875 121100.84375 123703.6875 122687.0234375 120308.25 117152.8515625 116155.78125 117328.09375 119217.53125 123503.6328125 127490.4765625 129566.8125 128911.796875 127225.7109375 122815.9140625 116498.28125 113531.2109375 110726.1640625 110741.0078125 111638.1015625 113127.3125 113888.265625 113982.921875 114876.5 113475.7109375 111016 107736.0546875 103929.1328125 99299.4609375 95466.1640625 93624 93012.3984375 93031.234375 90842.5
