Dropbox/GRP Data/GRP mammal paper/NN_analysis/DATA/2014 input files/yo_h_bio05Apr2014.asc
NCOLS 224 
NROWS 139 
XLLCORNER -69800.8126435 
YLLCORNER -76370.3008923 
CELLSIZE 821.1860311 
NODATA_value -3.4e+38 
[rows 105 to 125 of 139, columns 94 to 140 of 224]
3283.24243164062 3254.33959960938 3160.40551757812 3170.46826171875 3118.7353515625 3136.34619140625 3208.119140625 3189.02319335938 3158.0185546875 3228.99096679688 3363.02685546875 3400.85498046875 3341.2841796875 3198.3642578125 2922.61987304688 2784.240234375 2840.34057617188 2766.40112304688 2781.82153320312 2687.22778320312 2848.94970703125 2978.54858398438 3136.80517578125 3142.59423828125 2962.8701171875 2840.10913085938 2746.06103515625 2655.1396484375 2562.51220703125 2491.65502929688 2444.36083984375 2491.08178710938 2522.3876953125 2510.47265625 2509.67749023438 2482.89990234375 2428.66967773438 2362.35278320312 2313.4248046875 2264.76000976562 2237.7939453125 2214.33569335938 2202.60620117188 2182.01513671875 2106.583984375 2071.564453125 2124.30297851562
3280.04565429688 3259.87622070312 3182.19921875 3120.86450195312 3110.8701171875 3165.61547851562 3202.66064453125 3214.44360351562 3241.62060546875 3293.642578125 3338.41821289062 3385.54052734375 3273.38891601562 3059.18286132812 2899.1220703125 2733.63891601562 2716.64916992188 2662.5732421875 2692.99877929688 2746.330078125 2868.53833007812 2924.9365234375 3074.55639648438 3117.63745117188 2914.21508789062 2802.09326171875 2725.19287109375 2646.27294921875 2637.79443359375 2578.86596679688 2586.12817382812 2622.796875 2615.00512695312 2581.50268554688 2517.6376953125 2477.21484375 2436.70141601562 2365.99877929688 2332.353515625 2282.65283203125 2268.53564453125 2262.75268554688 2268.052734375 2247.34375 2154.767578125 2163.76708984375 2162.6728515625
3288.43115234375 3284.3515625 3255.861328125 3143.11083984375 3142.98022460938 3201.01782226562 3220.65991210938 3245.30541992188 3254.80078125 3259.75024414062 3265.6337890625 3364.50537109375 3295.88037109375 3034.966796875 2878.59375 2714.92578125 2618.91284179688 2573.63427734375 2649.95434570312 2774.47119140625 2861.98828125 2867.03442382812 2972.87939453125 3108.7255859375 2969.26391601562 2818.4833984375 2742.69458007812 2770.8408203125 2835.80102539062 2733.64453125 2757.2978515625 2760.1171875 2661.5 2579.19555664062 2516.943359375 2487.185546875 2467.38818359375 2428.98828125 2380.02075195312 2360.27734375 2362.48754882812 2328.32153320312 2312.63891601562 2251.19970703125 2191.1328125 2268.96459960938 2301.83129882812
3311.73681640625 3317.59985351562 3313.74462890625 3226.97021484375 3194.76416015625 3227.20190429688 3232.4248046875 3264.46215820312 3238.44750976562 3174.80029296875 3191.29150390625 3330.34155273438 3362.65380859375 3156.06982421875 2964.40502929688 2763.84130859375 2641.9404296875 2556.90014648438 2590.14575195312 2709.7001953125 2816.478515625 2836.72045898438 2900.81909179688 3053.29638671875 3064.05883789062 2953.7998046875 2860.07348632812 2933.0966796875 3017.19140625 2964.87182617188 2932.916015625 2844.83447265625 2708.58935546875 2641.14575195312 2597.40405273438 2565.72021484375 2571.89208984375 2541.95068359375 2491.75952148438 2497.29565429688 2503.44482421875 2454.974609375 2419.01293945312 2332.02221679688 2300.63647460938 2373.578125 2400.54174804688
3338.54077148438 3344.50146484375 3329.01342773438 3295.18383789062 3230.34985351562 3254.49633789062 3236.4658203125 3264.87426757812 3251.94116210938 3146.49389648438 3147.9775390625 3260.98608398438 3337.43408203125 3277.20654296875 3085.32006835938 2896.2724609375 2798.1611328125 2634.52465820312 2534.29541015625 2617.61010742188 2720.32568359375 2815.53857421875 2895.04931640625 2986.23510742188 3083.5029296875 3085.99975585938 3016.6025390625 3047.88525390625 3102.39672851562 3126.40747070312 3070.00854492188 2963.81201171875 2840.88330078125 2773.63696289062 2722.14990234375 2689.17822265625 2695.32885742188 2667.79370117188 2648.03979492188 2650.30590820312 2637.68408203125 2589.9560546875 2545.07202148438 2462.17602539062 2449.75 2479.95385742188 2474.95922851562
3366.48803710938 3364.71533203125 3331.9931640625 3312.525390625 3235.12182617188 3267.97436523438 3264.314453125 3273.25 3287.041015625 3191.79907226562 3132.3212890625 3167.3017578125 3198.86181640625 3277.927734375 3142.10302734375 3065.75 2972.20239257812 2746.55297851562 2538.8974609375 2564.63818359375 2608.82080078125 2752.30859375 2900.13159179688 2966.45361328125 3031.71704101562 3090.40209960938 3087.20361328125 3098.4775390625 3115.67504882812 3130.2880859375 3105.57836914062 3084.5126953125 2995.62646484375 2899.42895507812 2843.30590820312 2821.5419921875 2801.46069335938 2786.37719726562 2778.91064453125 2750.95361328125 2720.56616210938 2683.21948242188 2630.56567382812 2549.57446289062 2514.3525390625 2481.64135742188 2490.16381835938
3389.62548828125 3372.111328125 3355.03344726562 3354.9111328125 3274.36791992188 3229.2109375 3288.69458007812 3310.87133789062 3329.2705078125 3271.09350585938 3143.35229492188 3092.39306640625 3062.94384765625 3114.67602539062 3182.72778320312 3184.65014648438 3028.7548828125 2802.5888671875 2564.71752929688 2533.38012695312 2604.9150390625 2699.5029296875 2853.20263671875 2916.9287109375 2980.40307617188 3026.80493164062 3040.18310546875 3082.2373046875 3091.29565429688 3100.259765625 3054.34350585938 3031.97607421875 2995.26904296875 2954.95678710938 2935.65747070312 2916.78295898438 2883.08715820312 2853.77221679688 2800.95385742188 2732.69555664062 2706.38623046875 2701.43359375 2633.75561523438 2533.58642578125 2442.31762695312 2352.78857421875 2413.98510742188
3397.36840820312 3347.36669921875 3365.83471679688 3389.13842773438 3328.60888671875 3177.41723632812 3236.92993164062 3341.61840820312 3369.22485351562 3344.31591796875 3232.1416015625 3063.69873046875 2965.50634765625 2895.02416992188 2945.85205078125 3127.24633789062 3045.53076171875 2821.13745117188 2613.73413085938 2537.22680664062 2595.8134765625 2694.00610351562 2800.98364257812 2884.912109375 2939.27856445312 2977.12963867188 2984.89990234375 2988.35205078125 2991.64013671875 3051.57275390625 3085.53588867188 3020.5068359375 2916.94897460938 2837.5390625 2828.96752929688 2819.76123046875 2787.39306640625 2732.92504882812 2655.15698242188 2563.994140625 2539.77197265625 2573.1044921875 2495.6328125 2384.91625976562 2347.7177734375 2341.30712890625 2393.4130859375
3391.04931640625 3351.23657226562 3381.52709960938 3397.76342773438 3382.21728515625 3345.87182617188 3344.03833007812 3386.30639648438 3411.68603515625 3388.11157226562 3326.00854492188 3185.61938476562 3010.83862304688 2912.484375 2902.3525390625 2952.70825195312 2989.037109375 2878.62158203125 2705.17700195312 2574.30126953125 2585.10913085938 2619.74291992188 2689.01904296875 2790.0927734375 2842.8291015625 2879.19653320312 2926.10595703125 2860.95581054688 2832.03051757812 2942.92407226562 2979.83447265625 2921.173828125 2825.4453125 2756.66723632812 2704.77392578125 2656.27856445312 2605.42407226562 2507.5126953125 2436.89111328125 2373.14990234375 2379.30590820312 2503.66918945312 2470.07275390625 2266.68627929688 2229.51293945312 2326.52514648438 2351.05932617188
3394.478515625 3393.50756835938 3409.53857421875 3414.65673828125 3404.6435546875 3399.33618164062 3404.77392578125 3427.39697265625 3421.64038085938 3414.53759765625 3392.77026367188 3331.994140625 3194.6416015625 3072.50268554688 2979.615234375 2857.1796875 2825.98876953125 2760.35522460938 2668.22583007812 2612.7958984375 2758.82836914062 2796.19213867188 2726.04516601562 2713.66015625 2757.5625 2822.53515625 2853.32641601562 2809.38989257812 2750.5654296875 2827.91552734375 2859.16137695312 2836.02905273438 2802.80932617188 2789.99438476562 2752.98168945312 2715.52514648438 2571.60717773438 2448.71899414062 2404.27465820312 2318.11645507812 2319.23095703125 2408.48510742188 2442.61938476562 2345.98046875 2244.38305664062 2278.5078125 2289.85180664062
3411.43017578125 3419.99047851562 3420.1259765625 3419.55712890625 3416.82934570312 3427.46020507812 3424.22338867188 3432.80224609375 3429.44262695312 3431.40649414062 3431.86279296875 3413.02416992188 3351.40576171875 3227.82861328125 3105.48828125 2948.95239257812 2878.59814453125 2867.16333007812 2806.16430664062 2753.57177734375 2925.83642578125 2986.22827148438 2864.41943359375 2716.17138671875 2713.03076171875 2758.03833007812 2772.18530273438 2773.34399414062 2771.41235351562 2793.51489257812 2815.59985351562 2805.099609375 2810.39990234375 2812.87255859375 2797.23754882812 2750.20971679688 2652.47973632812 2535.39184570312 2421.6337890625 2340.45385742188 2304.67236328125 2380.552734375 2398.12109375 2353.30151367188 2291.8154296875 2241.97290039062 2242.61596679688
3423.42431640625 3433.03491210938 3431.91772460938 3430.671875 3431.28540039062 3436.93115234375 3423.48266601562 3434.49291992188 3443.662109375 3443.94067382812 3457.19848632812 3451.12939453125 3431.60815429688 3348.1337890625 3209.4521484375 3049.45825195312 3005.35693359375 3060.6474609375 3043.10546875 2953.31201171875 3070.46557617188 3102.05786132812 2942.19262695312 2743.2998046875 2679.9736328125 2696.50610351562 2692.59448242188 2706.16064453125 2742.90942382812 2799.23388671875 2808.21533203125 2804.578125 2809.828125 2812.22583007812 2808.90698242188 2763.63232421875 2704.13525390625 2611.28344726562 2454.07373046875 2381.23461914062 2343.5458984375 2332.36791992188 2328.15576171875 2294.45947265625 2261.29907226562 2201.33666992188 2229.64013671875
3430.68920898438 3442.087890625 3441.55859375 3444.57934570312 3448.47534179688 3438.40966796875 3429.14331054688 3435.82788085938 3439.345703125 3451.90258789062 3473.4248046875 3476.09887695312 3466.28295898438 3427.22705078125 3328.75390625 3178.81591796875 3109.71728515625 3203.43017578125 3241.720703125 3150.20092773438 3194.48046875 3162.52685546875 2985.08984375 2760.48168945312 2658.63208007812 2659.47973632812 2639.11206054688 2657.05859375 2719.52905273438 2815.18383789062 2826.3583984375 2812.47412109375 2809.40576171875 2811.34912109375 2807.73217773438 2767.07299804688 2721.45751953125 2650.69384765625 2534.75561523438 2423.83422851562 2361.810546875 2318.58056640625 2287.09375 2248.29760742188 2183.60205078125 2144.4306640625 2200.94360351562
3436.68286132812 3447.923828125 3445.26513671875 3453.79711914062 3459.96166992188 3444.126953125 3443.11376953125 3436.51782226562 3434.1943359375 3461.97119140625 3482.9306640625 3497.21264648438 3495.3486328125 3468.58154296875 3443.57250976562 3333.24682617188 3208.56884765625 3276.490234375 3351.62084960938 3299.03344726562 3288.31640625 3196.72583007812 3024.03247070312 2764.39990234375 2654.49438476562 2665.94384765625 2659.548828125 2679.0078125 2736.8515625 2828.33666992188 2849.51953125 2826.841796875 2817.63793945312 2817.62426757812 2799.142578125 2768.90185546875 2730.51879882812 2668.12280273438 2601.24047851562 2477.21435546875 2375.35791015625 2350.46166992188 2281.51416015625 2248.548828125 2188.6845703125 2132.27978515625 2174.85864257812
3438.03637695312 3448.66235351562 3453.35400390625 3463.31518554688 3462.87109375 3452.72265625 3448.57299804688 3446 3467.04174804688 3480.23266601562 3490.09033203125 3509.88159179688 3527.84643554688 3496.46923828125 3490.02026367188 3422.12158203125 3338.96533203125 3336.88134765625 3408.876953125 3390.31225585938 3342.00708007812 3201.04809570312 3035.49169921875 2793.15991210938 2687.06030273438 2719.1181640625 2740.63720703125 2742.71484375 2763.74389648438 2861.01147460938 2873.712890625 2849.6826171875 2825.75854492188 2817.5830078125 2783.4970703125 2770.13842773438 2737.29248046875 2674.00854492188 2609.7939453125 2533.11840820312 2430.78588867188 2377.9755859375 2288.54760742188 2282.650390625 2275.49047851562 2193.51489257812 2208.57055664062
3442.69921875 3450.22534179688 3461.57202148438 3472.15551757812 3471.80029296875 3459.9287109375 3451.97631835938 3451.90942382812 3486.2421875 3489.29931640625 3496.05981445312 3513.20336914062 3553.56323242188 3546.12158203125 3529.90112304688 3482.53125 3468.12573242188 3432.2451171875 3453.60400390625 3449.50073242188 3364.05126953125 3179.2275390625 3042.88061523438 2905.29565429688 2795.2177734375 2803.8916015625 2787.65966796875 2762.01611328125 2793.67626953125 2945.32495117188 2931.28662109375 2882.08374023438 2828.26879882812 2796.724609375 2757.86059570312 2744.37451171875 2724.5537109375 2677.28369140625 2619.53637695312 2569.35131835938 2498.83447265625 2375.27416992188 2312.14331054688 2325.29272460938 2317.49780273438 2267.22900390625 2299.23559570312
3452.072265625 3459.31884765625 3470.9638671875 3472.94604492188 3471.84594726562 3461.57934570312 3461.21411132812 3461.20288085938 3461.77026367188 3480.4228515625 3513.16455078125 3537.95288085938 3571.09033203125 3579.15087890625 3554.94995117188 3537.81201171875 3533.39208984375 3517.04711914062 3507.91333007812 3470.2294921875 3390.20190429688 3241.12939453125 3091.9296875 3037.04760742188 2919.56201171875 2917.15502929688 2885.19140625 2794.01733398438 2811.53881835938 2978.3193359375 2977.07690429688 2966.1396484375 2853.31909179688 2755.27905273438 2658.16796875 2623.09252929688 2658.88940429688 2687.07153320312 2635.16821289062 2608.2744140625 2502.0478515625 2416.47631835938 2389.66748046875 2358.98559570312 -3.4e+38 -3.4e+38 -3.4e+38
3459.98095703125 3460.04956054688 3479.634765625 3473.6220703125 3463.85986328125 3463.837890625 3471.1474609375 3470.6650390625 3465.57861328125 3463.48974609375 3474.57421875 3548.29541015625 3579.9892578125 3631.28662109375 3593.4814453125 3559.0615234375 3583.99243164062 3576.8720703125 3558.17919921875 3488.63989257812 3415.4619140625 3250.47192382812 3101.05493164062 3048.45849609375 2953.3388671875 2983.20971679688 2929.66357421875 2851.3193359375 2910.001953125 2998.94995117188 2993.05322265625 2979.22045898438 2883.36572265625 2751.37329101562 2622.75732421875 2553.22338867188 2562.84716796875 2598.0341796875 2625.04418945312 2649.77954101562 2606.93408203125 2536.7021484375 -3.4e+38 -3.4e+38 -3.4e+38 -3.4e+38 -3.4e+38
3476.06811523438 3479.1337890625 3490.86669921875 3489.61596679688 3471.31640625 3479.64770507812 3476.70678710938 3461.68896484375 3463.10961914062 3468.43969726562 3475.8974609375 3544.60107421875 3596.064453125 3645.86376953125 3605.53393554688 3607.18579101562 3664.20483398438 3658.78491210938 3600.4765625 3506.36254882812 3357.97021484375 3213.80249023438 3114.94262695312 3048.69604492188 2970.04638671875 3012.84521484375 3010.56420898438 2942.55126953125 2978.79077148438 3018.99536132812 3040.88500976562 2991.24340820312 2869.81494140625 2770.9833984375 2714.3427734375 2672.79907226562 2705.52734375 2698.45263671875 2682.96875 2696.65405273438 -3.4e+38 -3.4e+38 -3.4e+38 -3.4e+38 -3.4e+38 -3.4e+38 -3.4e+38
3476.83129882812 3495.3212890625 3507.92041015625 3509.70239257812 3495.14990234375 3492.1044921875 3487.25244140625 3469.27319335938 3465.375 3471.41577148438 3478.39599609375 3558.77563476562 3600.779296875 3572.90771484375 3559.61157226562 3584.39599609375 3661.544921875 3655.48315429688 3595.55419921875 3546.64990234375 3433.56494140625 3242.65161132812 3115.322265625 3036.81323242188 2982.22583007812 3000.72216796875 3062.66723632812 3042.90478515625 3037.34643554688 3044.34692382812 3065.74243164062 3010.13818359375 2884.39135742188 2787.91528320312 2794.95751953125 2790.28857421875 2787.8134765625 -3.4e+38 -3.4e+38 -3.4e+38 -3.4e+38 -3.4e+38 -3.4e+38 -3.4e+38 -3.4e+38 -3.4e+38 -3.4e+38
3481.06909179688 3490.2490234375 3504.84301757812 3530.36254882812 3518.92456054688 3506.7763671875 3498.4453125 3483.8623046875 3473.06518554688 3471.97729492188 3478.72412109375 3590.58447265625 3596.68432617188 3594.23974609375 3529.72973632812 3585.22705078125 3659.82495117188 3599.966796875 3541.6650390625 3537.53515625 3499.44848632812 3334.814453125 3191.4541015625 3073.22485351562 3041.09204101562 3043.48583984375 3091.1455078125 3130.41674804688 3107.04809570312 3078.0107421875 3106.30493164062 3048.25903320312 2905.73413085938 2823.634765625 2863.16650390625 -3.4e+38 -3.4e+38 -3.4e+38 -3.4e+38 -3.4e+38 -3.4e+38 -3.4e+38 -3.4e+38 -3.4e+38 -3.4e+38 -3.4e+38 -3.4e+38
