Dropbox/GRP Data/GRP mammal paper/NN_analysis/DATA/2014 input files/yo_h_bio05Apr2014.asc
NCOLS 224 
NROWS 139 
XLLCORNER -69800.8126435 
YLLCORNER -76370.3008923 
CELLSIZE 821.1860311 
NODATA_value -3.4e+38 
[rows 63 to 83 of 139, columns 47 to 93 of 224]
3426.5068359375 3490.17456054688 3487.42016601562 3458.67211914062 3435.55419921875 3413.5908203125 3450.45361328125 3444.26513671875 3464.82470703125 3387.4619140625 3308.35693359375 3342.2978515625 3397.9921875 3427.72607421875 3382.73315429688 3382.21948242188 3379.38818359375 3355.79028320312 3309.32885742188 3344.46166992188 3409.73974609375 3403.79736328125 3394.84741210938 3345.77661132812 3210.55004882812 3130.6259765625 3084.67651367188 3076.60986328125 3150.42236328125 3252.36669921875 3197.90991210938 3141.40112304688 3110.2197265625 3114.73510742188 3141.94775390625 3217.29443359375 3258.3427734375 3267.70458984375 3289.724609375 3293.20068359375 3312.447265625 3302.26245117188 3209.095703125 3232.078125 3204.46899414062 3205.16772460938 3224.48510742188
3406.490234375 3501.41625976562 3507.70263671875 3429.51147460938 3457.29565429688 3471.49609375 3504.46337890625 3452.55029296875 3371.98461914062 3272.83325195312 3221.83959960938 3222.27685546875 3293.0048828125 3314.24658203125 3253.94970703125 3270.8857421875 3279.83862304688 3283.787109375 3257.318359375 3267.04565429688 3340.34204101562 3398.56518554688 3449.26318359375 3385.92846679688 3228.73901367188 3168.9580078125 3132.9765625 3119.72436523438 3150.82690429688 3249.1455078125 3229.9287109375 3176.2998046875 3128.77026367188 3126.31494140625 3163.75854492188 3270.5263671875 3306.16845703125 3301.43701171875 3302.05541992188 3290.59252929688 3271.32421875 3275.2744140625 3226.56176757812 3245.2021484375 3239.74047851562 3254.97583007812 3244.55126953125
3422.32568359375 3537.10791015625 3514.27905273438 3376.080078125 3407.54858398438 3445.9775390625 3454.74951171875 3365.12475585938 3285.326171875 3263.63134765625 3226.44580078125 3226.23559570312 3235.90551757812 3239.568359375 3218.67822265625 3222.48901367188 3238.009765625 3249.49853515625 3244.3203125 3231.48828125 3270.89086914062 3314.94165039062 3389.04931640625 3402.32177734375 3289.53637695312 3261.42993164062 3231.14086914062 3186.95092773438 3195.330078125 3245.91650390625 3279.38598632812 3242.84448242188 3156.93383789062 3153.19213867188 3209.9599609375 3331.6298828125 3308.26586914062 3263.05688476562 3227.96313476562 3196.48046875 3184.556640625 3242.85766601562 3262.10107421875 3247.13525390625 3231.37548828125 3216.24633789062 3156.99365234375
3440.0029296875 3558.5029296875 3495.3896484375 3352.951171875 3315.78369140625 3313.42822265625 3330.611328125 3294.56005859375 3269.52587890625 3251.8349609375 3240.4169921875 3234.33984375 3233.78173828125 3237.17236328125 3239.25854492188 3232.10815429688 3231.2822265625 3228.71362304688 3229.97314453125 3231.12573242188 3245.04345703125 3245.43286132812 3273.42749023438 3323.1611328125 3346.1025390625 3363.00756835938 3337.1064453125 3299.18798828125 3301.548828125 3267.23583984375 3280.48486328125 3301.27221679688 3204.01782226562 3189.58227539062 3263.16650390625 3341.06958007812 3246.08129882812 3162.71508789062 3134.83251953125 3117.36791992188 3106.16430664062 3118.39233398438 3114.38305664062 3136.6494140625 3098.98510742188 3123.83813476562 3132.15625
3465.38525390625 3504.44287109375 3561.8203125 3439.07568359375 3403.71948242188 3340.064453125 3278.08618164062 3261.67724609375 3235.18481445312 3230.74609375 3227.51025390625 3215.14135742188 3244.71313476562 3274.93481445312 3285.66918945312 3258.95092773438 3255.1708984375 3272.41259765625 3242.24536132812 3218.20483398438 3225.47827148438 3225.94213867188 3205.12426757812 3213.99658203125 3292.8818359375 3367.41528320312 3340.61572265625 3348.20654296875 3339.4775390625 3338.84619140625 3342.29541015625 3337.693359375 3266.40625 3242.28466796875 3328.89428710938 3326.85034179688 3216.15942382812 3152.74658203125 3137.79345703125 3129.97143554688 3124.35546875 3078.169921875 3044.7880859375 3110.2958984375 3125.96313476562 3143.52514648438 3107.35131835938
3521.21435546875 3547.47729492188 3584.2685546875 3515.07421875 3427.86547851562 3310.46533203125 3264.48950195312 3237.0927734375 3226.2353515625 3215.45385742188 3214.18823242188 3214.50512695312 3219.099609375 3234.53686523438 3266.73706054688 3288.92504882812 3283.32690429688 3272.38891601562 3259.7626953125 3233.40405273438 3209.63525390625 3215.7431640625 3219.43920898438 3206.82470703125 3280.40258789062 3357.54443359375 3329.46313476562 3252.9208984375 3234.38403320312 3268.17895507812 3293.59350585938 3268.80786132812 3259.36669921875 3315.27978515625 3361.26684570312 3348.98876953125 3252.119140625 3158.7294921875 3143.9599609375 3148.14868164062 3168.55419921875 3120.19873046875 3128.35278320312 3149.11743164062 3135.0390625 3100.77978515625 3053.2939453125
3595.93237304688 3624.93383789062 3509.93237304688 3399.30908203125 3368.21044921875 3314.03002929688 3263.66381835938 3224.083984375 3224.28271484375 3223.03881835938 3213.583984375 3210.83618164062 3200.9716796875 3215.6962890625 3224.1259765625 3226.939453125 3244.43896484375 3271.1845703125 3275.94018554688 3252.69873046875 3229.85986328125 3214.30517578125 3209.94360351562 3209.02807617188 3226.38500976562 3292.21948242188 3352.58520507812 3337.03833007812 3341.31909179688 3349.67993164062 3352.34228515625 3339.17602539062 3342.96655273438 3352.189453125 3338.50439453125 3290.19116210938 3209.1416015625 3184.32104492188 3188.83251953125 3191.20043945312 3216.22680664062 3177.57983398438 3091.7978515625 3083.0615234375 3095.0908203125 3075.59741210938 3033.052734375
3619.32373046875 3628.5751953125 3577.92041015625 3434.04638671875 3359.62060546875 3319.98168945312 3268.79150390625 3228.33715820312 3209.41088867188 3207.57470703125 3200.59350585938 3189.11450195312 3186.041015625 3184.77685546875 3191.63403320312 3202.43041992188 3202.70825195312 3216.4501953125 3229.3037109375 3244.13525390625 3218.6953125 3205.072265625 3199.57397460938 3195.31103515625 3209.5341796875 3257.41870117188 3336.51220703125 3346.02392578125 3349.02978515625 3347.89599609375 3356.14868164062 3364.46923828125 3362.42260742188 3347.57275390625 3278.99389648438 3239.54150390625 3221.45141601562 3222.29150390625 3221.50708007812 3207.45361328125 3199.14501953125 3169.09448242188 3060.1826171875 3010.0537109375 3021.81274414062 3019.27905273438 3006.77172851562
3524.38452148438 3583.06494140625 3614.41845703125 3550.04663085938 3452.45947265625 3353.2197265625 3281.03247070312 3253.13745117188 3219.45288085938 3201.13110351562 3199.2080078125 3184.873046875 3174.0439453125 3172.04077148438 3174.91333007812 3184.6416015625 3207.12451171875 3188.21020507812 3197.82275390625 3204.68212890625 3205.28930664062 3216.416015625 3217.24682617188 3212.02001953125 3217.65063476562 3220.69995117188 3237.40087890625 3246.82153320312 3243.2802734375 3237.6572265625 3245.41870117188 3251.34936523438 3277.41186523438 3331.81372070312 3302.22241210938 3258.82739257812 3246.34448242188 3238.26611328125 3221.11694335938 3175.30688476562 3150.94555664062 3135.53393554688 3075.21044921875 2993.49340820312 2934.9716796875 2973.54614257812 3057.09252929688
3447.33740234375 3471.91479492188 3542.84643554688 3574.1650390625 3534.89453125 3444.88525390625 3365.61254882812 3291.82397460938 3241.31518554688 3211.646484375 3199.31079101562 3192.7568359375 3180.82421875 3174.59204101562 3174.95434570312 3181.95458984375 3204.91259765625 3194.67309570312 3190.517578125 3204.95141601562 3212.26904296875 3211.90576171875 3217.39453125 3216.5986328125 3212.12329101562 3197.57421875 3187.27197265625 3184.12963867188 3181.58666992188 3187.88549804688 3188.6806640625 3190.88232421875 3205.0615234375 3245.63037109375 3222.3232421875 3219.02978515625 3232.1181640625 3220.48022460938 3169.76879882812 3130.22802734375 3124.48779296875 3113.57104492188 3109.54052734375 3062.15283203125 3014.80224609375 3040.65747070312 3107.29516601562
3454.00854492188 3409.90893554688 3421.6396484375 3502.076171875 3538.7197265625 3527.30029296875 3462.50732421875 3326.36572265625 3257.52294921875 3233.59790039062 3211.79248046875 3204.9052734375 3193.19458007812 3184.37768554688 3185.224609375 3187.10107421875 3196.25439453125 3205.8623046875 3194.68310546875 3215.88842773438 3213.40014648438 3193.84765625 3201.97875976562 3207.95141601562 3197.16723632812 3193.72924804688 3185.35815429688 3186.06225585938 3175.60864257812 3196.95434570312 3199.015625 3193.71337890625 3174.35083007812 3152.91796875 3117.30249023438 3117.28491210938 3150.11328125 3172.90307617188 3144.45678710938 3117.85961914062 3097.5634765625 3104.4560546875 3123.4931640625 3125.0927734375 3126.82299804688 3119.47705078125 3112.04028320312
3499.25390625 3425.6162109375 3355.97192382812 3414.755859375 3471.35986328125 3515.87719726562 3506.19091796875 3392.93383789062 3276.20434570312 3258.95288085938 3237.37963867188 3224.39990234375 3212.138671875 3204.34130859375 3205.93920898438 3199.15087890625 3202.12060546875 3209.3681640625 3203.98681640625 3214.98657226562 3206.04223632812 3182.5146484375 3192.78466796875 3203.29931640625 3191.537109375 3212.5625 3190.11840820312 3186.169921875 3167.61889648438 3192.75952148438 3204.392578125 3190.6201171875 3159.85327148438 3118.03930664062 3110.44873046875 3065.8740234375 3056.93969726562 3088.79809570312 3126.53173828125 3097.20288085938 3044.66381835938 3070.17626953125 3089.10522460938 3104.69262695312 3112.39111328125 3105.646484375 3069.67309570312
3520.80297851562 3455.89770507812 3386.76879882812 3384.00415039062 3403.1396484375 3433.06616210938 3488.90014648438 3488.9853515625 3329.41967773438 3286.55737304688 3265.09301757812 3257.73046875 3250.986328125 3243.38208007812 3240.65893554688 3228.32666015625 3223.39819335938 3220.94970703125 3221.46997070312 3232.22875976562 3226.9892578125 3202.43969726562 3211.0693359375 3217.41870117188 3209.11865234375 3235.06567382812 3203.2802734375 3153.857421875 3154.38330078125 3175.38916015625 3190.93334960938 3187.99462890625 3155.19970703125 3112.65014648438 3137.42553710938 3117.27221679688 3052.03564453125 2999.66186523438 3015.44555664062 2997.2939453125 2981.07299804688 2988.03173828125 3015.91723632812 3035.71923828125 3039.17163085938 3049.94555664062 2993.93725585938
3531.54248046875 3480.9541015625 3440.32055664062 3422.578125 3411.61743164062 3413.78442382812 3428.08227539062 3470.98364257812 3430.35620117188 3326.4140625 3305.37622070312 3299.8916015625 3289.53271484375 3294.63549804688 3279.158203125 3265.42309570312 3256.63110351562 3246.51318359375 3245.666015625 3250.20190429688 3272.69580078125 3291.6279296875 3293.18188476562 3283.51684570312 3270.05395507812 3187.57104492188 3176.80493164062 3145.73486328125 3151.90649414062 3160.06689453125 3175.62060546875 3180.453125 3143.91162109375 3131.16040039062 3144.7021484375 3149.2646484375 3115.8388671875 3049.56127929688 2958.35278320312 2927.07275390625 2899.45288085938 2917.193359375 2964.806640625 2985.541015625 2981.30639648438 3009.75219726562 2931.62036132812
3552.27026367188 3487.77880859375 3404.06396484375 3423.11694335938 3433.46997070312 3414.49609375 3402.3505859375 3378.93505859375 3475.27319335938 3392.3203125 3367.80688476562 3348.61645507812 3322.55297851562 3315.71240234375 3321.54077148438 3290.93090820312 3280.34057617188 3279.72338867188 3280.13427734375 3286.974609375 3290.12475585938 3294.54736328125 3286.60229492188 3280.66870117188 3261.07788085938 3212.97802734375 3149.02856445312 3148.12036132812 3154.65576171875 3161.83471679688 3175.16479492188 3161.57373046875 3129.03735351562 3141.9462890625 3163.73706054688 3141.10864257812 3124.00415039062 3087.19360351562 3055.154296875 2999.90576171875 2851.91040039062 2789.17602539062 2858.89135742188 2900.13745117188 2915.7685546875 2948.5732421875 2955.75756835938
3598.921875 3542.06909179688 3461.88549804688 3449.13354492188 3393.74780273438 3366.46875 3363.1181640625 3375.08544921875 3400.45776367188 3412.68701171875 3355.81567382812 3337.31713867188 3341.60278320312 3331.37890625 3331.55395507812 3307.5732421875 3299.10375976562 3297.71069335938 3298.74291992188 3313.96606445312 3315.23022460938 3316.87231445312 3315.41625976562 3302.53295898438 3280.50341796875 3260.75390625 3198.78271484375 3145.4013671875 3179.13354492188 3177.71044921875 3178.83959960938 3208.46411132812 3160.82202148438 3163.73388671875 3177.40795898438 3150.525390625 3127.15307617188 3114.10620117188 3084.98583984375 3057.85791015625 2990.60424804688 2840.45874023438 2694.18627929688 2781.29321289062 2858.73559570312 2865.50048828125 2876.72509765625
3623.09155273438 3565.12255859375 3492.92553710938 3482.89208984375 3426.84106445312 3381.84423828125 3365.14990234375 3369.49536132812 3360.16674804688 3401.91723632812 3367.50244140625 3334.43872070312 3332.78076171875 3333.36352539062 3340.6025390625 3329.75830078125 3317.39624023438 3307.71508789062 3320.0732421875 3324.595703125 3331.27490234375 3330.154296875 3324.27270507812 3300.93481445312 3280.85034179688 3243.4140625 3208.72924804688 3154.27001953125 3189.7412109375 3206.24975585938 3183.1123046875 3185.68432617188 3210.5283203125 3199.83520507812 3180.72119140625 3142.09521484375 3122.96533203125 3129.12329101562 3124.54565429688 3106.74438476562 3049.75073242188 2946.28979492188 2810.24755859375 2739.16625976562 2746.54736328125 2726.20922851562 2782.29736328125
3568.2255859375 3550.03442382812 3537.27758789062 3514.57421875 3443.759765625 3398.39697265625 3380.42065429688 3378.47265625 3368.5712890625 3398.64770507812 3384.40747070312 3366.6689453125 3356.57104492188 3348.66821289062 3349.92016601562 3348.55810546875 3347.97827148438 3347.61010742188 3345.23681640625 3341.68212890625 3338.81005859375 3339.13696289062 3332.96899414062 3314.04907226562 3281.53076171875 3215.76123046875 3194.14477539062 3170.71118164062 3183.28344726562 3216.96337890625 3224.75561523438 3213.86889648438 3232.18212890625 3240.40454101562 3204.20092773438 3149.4736328125 3136.2333984375 3161.28662109375 3148.91088867188 3114.20532226562 3074.52001953125 3004.28930664062 2914.82006835938 2837.90673828125 2729.94995117188 2707.46557617188 2769.97705078125
3590.99853515625 3599.3544921875 3589.71240234375 3542.73071289062 3463.7568359375 3416.00170898438 3391.66284179688 3386.48754882812 3377.76049804688 3402.9716796875 3393.68920898438 3389.615234375 3387.810546875 3379.5673828125 3373.36840820312 3363.41015625 3368.06469726562 3382.9248046875 3373.7685546875 3358.3193359375 3345.35766601562 3344.65991210938 3340.50073242188 3331.83813476562 3301.3369140625 3244.60375976562 3196.91186523438 3184.380859375 3184.13891601562 3205.97241210938 3224.55737304688 3227.60375976562 3243.67431640625 3268.74365234375 3239.18188476562 3187.12475585938 3172.02905273438 3161.7001953125 3141.61254882812 3099.8076171875 3072.16625976562 3044.98413085938 2999.95336914062 2937.056640625 2811.29272460938 2830.6689453125 2905.87670898438
3617.62353515625 3627.28491210938 3621.146484375 3555.41381835938 3496.01489257812 3442.56298828125 3394.54077148438 3393.30737304688 3384.54565429688 3404.64404296875 3398.56762695312 3402.75610351562 3417.08325195312 3422.05737304688 3408.17260742188 3387.08227539062 3391.099609375 3400.12231445312 3402.3330078125 3375.56884765625 3350.52124023438 3343.11181640625 3342.42114257812 3325.24633789062 3295.99682617188 3264.73950195312 3205.51196289062 3186.42260742188 3191.54711914062 3198.90185546875 3206.796875 3224.96875 3250.05639648438 3279.49853515625 3260.77563476562 3223.16162109375 3184.19653320312 3146.15893554688 3137.17529296875 3103.75732421875 3062.07177734375 3080.80981445312 3060.09008789062 2988.94848632812 2915.97631835938 2966.4775390625 3054.43896484375
3591.5078125 3594.79614257812 3613.49584960938 3553.58544921875 3504.93603515625 3455.94799804688 3407.54174804688 3408.46459960938 3393.30346679688 3402.36254882812 3402.6162109375 3416.85083007812 3443.86791992188 3461.35693359375 3445.146484375 3413.30078125 3418.91040039062 3407.95581054688 3414.09619140625 3393.68676757812 3357.38696289062 3342.06103515625 3342.11669921875 3307.51049804688 3274.90869140625 3251.59985351562 3217.83081054688 3190.5244140625 3198.31298828125 3205.37548828125 3208.744140625 3222.50463867188 3241.08251953125 3277.53100585938 3249.10717773438 3221.05224609375 3173.85693359375 3157.82250976562 3149.4228515625 3127.58422851562 3071.61547851562 3099.61596679688 3083.3818359375 3032.48413085938 2990.59716796875 3028.3447265625 3103.46704101562
