Dropbox/GRP Data/GRP mammal paper/NN_analysis/DATA/2014 input files/yo_h_bio05Apr2014.asc
NCOLS 224 
NROWS 139 
XLLCORNER -69800.8126435 
YLLCORNER -76370.3008923 
CELLSIZE 821.1860311 
NODATA_value -3.4e+38 
[rows 84 to 104 of 139, columns 141 to 187 of 224]
2374.328125 2329.1982421875 2355.25732421875 2307.82836914062 2264.5869140625 2244.1494140625 2246.88037109375 2277.58129882812 2401.91040039062 2393.27978515625 2212.47241210938 2061.70336914062 1964.48364257812 1883.30151367188 1870.05004882812 1815.78527832031 1752.86083984375 1748.13989257812 1800.96215820312 1779.97277832031 1651.61889648438 1586.9228515625 1590.64709472656 1466.91955566406 1589.95776367188 1653.01733398438 1724.75415039062 1839.90478515625 1836.81860351562 1820.11096191406 1878.30529785156 1905.46508789062 1915.34582519531 1946.80053710938 1986.79699707031 2014.04663085938 1969.0498046875 1875.83911132812 1830.38366699219 1826.32629394531 1731.7177734375 1962.27514648438 2058.87744140625 2119.6298828125 2142.931640625 2097.85571289062 2056.0380859375
2269.25537109375 2227.68725585938 2188.72045898438 2136.58129882812 2090.1982421875 2046.60717773438 2047.99340820312 2091.49951171875 2267.0029296875 2377.115234375 2337.64038085938 2179.61010742188 2017.41247558594 1954.45629882812 1922.28186035156 1870.97180175781 1853.43286132812 1840.44812011719 1848.68469238281 1777.13232421875 1685.03515625 1666.9794921875 1674.74560546875 1448.99645996094 1593.7099609375 1674.67358398438 1681.56750488281 1725.25415039062 1734.11474609375 1821.07385253906 1928.60412597656 1953.79150390625 1937.95495605469 1943.50402832031 1999.92297363281 2069.3388671875 2085.59204101562 1991.02770996094 1877.37512207031 1723.98278808594 1689.37426757812 1876.79443359375 2071.44702148438 2143.04248046875 2151.26733398438 2133.87890625 2141.51391601562
2165.88012695312 2142.17846679688 2109.33984375 2056.52514648438 1982.10998535156 1897.05017089844 1995.17224121094 2071.705078125 2157.74096679688 2105.63916015625 2245.77587890625 2321.96704101562 2148.92041015625 2012.00415039062 1945.76635742188 1952.94995117188 1959.65051269531 1962.32678222656 1881.19738769531 1758.61608886719 1780.42626953125 1767.98669433594 1675.45104980469 1521.29931640625 1688.53088378906 1792.04174804688 1673.75915527344 1567.15258789062 1614.03979492188 1824.95483398438 1946.29150390625 1951.69421386719 1915.94067382812 1936.17797851562 1962.84851074219 2048.88208007812 2145.53051757812 2137.37255859375 2004.88293457031 1782.39489746094 1708.06726074219 1879.0126953125 2078.9033203125 2169.54272460938 2234.96264648438 2261.09985351562 2292.07861328125
2157.01635742188 2156.55810546875 2084.18041992188 1973.59631347656 1903.56994628906 1841.67895507812 1966.18469238281 2059.0302734375 2105.4716796875 2019.7314453125 2131.61572265625 2333.97241210938 2345.19775390625 2172.86328125 2072.7451171875 2068.1328125 2077.74609375 2057.99340820312 2042.33312988281 1961.83459472656 1890.92443847656 1802.63684082031 1657.06555175781 1521.01098632812 1686.6416015625 1876.73156738281 1826.45886230469 1600.57971191406 1571.04150390625 1750.40869140625 1878.08581542969 1924.99670410156 1953.6416015625 1995.36645507812 1978.99951171875 1982.74304199219 2107.96728515625 2233.03955078125 2161.39331054688 1966.6357421875 1809.50036621094 1895.96704101562 2034.06372070312 2173.06274414062 2296.43041992188 2352.134765625 2406.62963867188
2216.017578125 2163.91064453125 2117.9755859375 1993.17419433594 1852.73596191406 1778.05932617188 1877.72814941406 2031.13146972656 2085.91723632812 1996.04931640625 2057.47534179688 2194.88891601562 2272.61572265625 2318.8974609375 2237.70874023438 2029.87609863281 1919.78637695312 1861.98510742188 1904.12487792969 1899.93078613281 1828.3642578125 1692.00329589844 1616.77478027344 1582.00903320312 1682.93322753906 1815.55627441406 1908.14221191406 1727.70495605469 1655.33569335938 1600.76403808594 1646.61767578125 1896.58435058594 1956.76135253906 1928.30725097656 1936.85412597656 2019.11254882812 2066.64111328125 2189.009765625 2295.62231445312 2166.62036132812 2052.3095703125 1892.13208007812 1964.57543945312 2098.50561523438 2189.10546875 2343.50854492188 2416.03002929688
2261.0224609375 2242.67553710938 2185.68725585938 2057.36279296875 1900.73205566406 1752.16772460938 1804.56274414062 1966.666015625 2051.69018554688 1985.22058105469 2064.17456054688 2128.49194335938 2118.09204101562 2253.25634765625 2209.1787109375 2035.90515136719 1945.77563476562 1889.01843261719 1855.33117675781 1770.43872070312 1685.48193359375 1700.32775878906 1808.21252441406 1707.72619628906 1833.44506835938 1893.37487792969 2008.63879394531 1930.59301757812 1740.80786132812 1506.57629394531 1628.47473144531 1846.23388671875 1940.89831542969 1992.46838378906 2095.89306640625 2157.400390625 2199.19873046875 2188.06567382812 2335.18383789062 2346.00732421875 2211.13818359375 2148.28759765625 2029.59484863281 2029.09838867188 2163.67236328125 2302.359375 2399.7646484375
2324.12475585938 2292.01025390625 2218.6591796875 2106.22216796875 1958.87182617188 1831.080078125 1756.39477539062 1950.53967285156 1984.8994140625 1978.59252929688 2066.77807617188 2044.10900878906 2048.28881835938 2170.48291015625 2140.55444335938 2080.43334960938 1983.15393066406 1938.37487792969 1889.50378417969 1791.5400390625 1767.02490234375 1824.3173828125 1906.55090332031 1904.64099121094 1917.93127441406 1979.61962890625 2049.85131835938 1975.57946777344 1729.18542480469 1478.62377929688 1585.90356445312 1886.01025390625 2062.30712890625 2100.25756835938 2080.88232421875 2057.8662109375 2047.84118652344 2077.89379882812 2157.52514648438 2351.39672851562 2391.8212890625 2339.84057617188 2285.81884765625 2154.16674804688 2070.16455078125 2209.06762695312 2335.87329101562
2363.78759765625 2303.80493164062 2223.24389648438 2127.39721679688 1979.25366210938 1814.38818359375 1726.49194335938 1909.82788085938 1921.76867675781 1987.62316894531 2033.880859375 1995.62536621094 2046.89965820312 2138.28930664062 2113.86157226562 2086.60766601562 2000.33337402344 1949.74035644531 1921.46276855469 1846.03015136719 1833.45727539062 1912.90356445312 1953.51794433594 1997.64306640625 2084.12182617188 2127.23461914062 2132.49145507812 1943.48791503906 1714.70544433594 1584.04443359375 1650.37707519531 1898.35266113281 2072.91821289062 2042.10485839844 1908.18041992188 1878.15100097656 1880.23266601562 1971.2314453125 2085.45678710938 2201.59399414062 2324.54541015625 2437.6806640625 2396.26123046875 2303.45825195312 2148.67456054688 2181.8515625 2308.05834960938
2367.42138671875 2295.64184570312 2210.21411132812 2131.51489257812 2000.74328613281 1821.65051269531 1726.64465332031 1816.24328613281 1884.82080078125 1984.75170898438 1984.28625488281 1977.45922851562 2058.98706054688 2117.49267578125 2118.166015625 2088.04614257812 2029.56164550781 1956.05139160156 1893.82824707031 1842.66650390625 1872.35107421875 1974.20251464844 1986.22277832031 2022.98156738281 2131.45288085938 2259.17114257812 2178.46948242188 1952.96960449219 1819.40625 1775.79833984375 1793.33483886719 1813.29724121094 1967.89367675781 1949.74377441406 1842.59521484375 1899.74182128906 1936.81091308594 1937.44470214844 2049.6787109375 2152.5751953125 2227.12866210938 2335.943359375 2435.615234375 2408.96557617188 2237.521484375 2217.94897460938 2297.8388671875
2351.98046875 2275.9208984375 2188.33154296875 2118.12109375 1995.55773925781 1881.22680664062 1751.94787597656 1734.94116210938 1861.41442871094 1951.03454589844 1954.22998046875 1981.79504394531 2054.12231445312 2097.8642578125 2127.56762695312 2098.62890625 2047.31628417969 1955.57946777344 1889.90881347656 1847.05029296875 1899.80798339844 2009.77673339844 2051.5458984375 2035.01306152344 2097.00048828125 2310.36865234375 2258.41821289062 2066.38012695312 1987.82397460938 1983.6279296875 1942.31408691406 1747.76965332031 1772.22375488281 1879.09338378906 1928.8232421875 2025.95825195312 2095.8349609375 2056.54956054688 2091.55615234375 2176.04052734375 2228.42114257812 2281.55810546875 2486.80615234375 2459.63647460938 2297.99609375 2269.03686523438 2312.70190429688
2328.67578125 2245.68920898438 2169.48583984375 2082.94580078125 1910.15661621094 1833.66625976562 1778.63159179688 1720.64636230469 1821.56567382812 1901.82067871094 1952.72680664062 2002.84704589844 2038.74951171875 2100.845703125 2128.75927734375 2090.15258789062 2010.22778320312 1964.58410644531 1989.49194335938 1948.61437988281 1937.44299316406 2025.39184570312 2138.36840820312 2100.68090820312 2126.48828125 2306.78369140625 2383.5986328125 2232.36962890625 2151.94995117188 2138.04541015625 2015.16369628906 1795.91650390625 1709.05322265625 1836.50207519531 2007.46325683594 2115.73266601562 2198.21533203125 2205.76513671875 2210.90649414062 2266.11767578125 2313.47778320312 2306.6083984375 2524.208984375 2494.37817382812 2330.64135742188 2286.92944335938 2316.25024414062
2308.3369140625 2221.99072265625 2140.3154296875 2069.8720703125 1923.10095214844 1880.29626464844 1837.6728515625 1713.2587890625 1765.765625 1850.37939453125 1946.02648925781 1984.05700683594 2026.08251953125 2104.1298828125 2110.8671875 2066.62744140625 1955.95373535156 2054.45263671875 2125.01025390625 2097.68603515625 2016.31201171875 2053.43041992188 2177.65258789062 2226.66479492188 2228.87426757812 2320.90112304688 2449.533203125 2368.66796875 2288.31640625 2206.39208984375 2010.85192871094 1931.76745605469 1862.97570800781 1821.12377929688 1960.09265136719 2097.7265625 2175.79467773438 2217.32690429688 2272.63208007812 2338.22241210938 2397.6884765625 2382.63623046875 2545.86328125 2526.955078125 2347.7578125 2272.18627929688 2283.513671875
2229.28247070312 2222.236328125 2159.00952148438 2102.8994140625 2056.40112304688 2023.84533691406 1956.44763183594 1897.94592285156 1769.11999511719 1782.47045898438 1898.48645019531 1914.60290527344 1991.50085449219 2080.56372070312 2106.42163085938 2081.64892578125 2002.27099609375 2134.13549804688 2189.99853515625 2176.02392578125 2076.08911132812 2072.205078125 2157.326171875 2230.39990234375 2294.26123046875 2337.955078125 2461.28857421875 2481.19140625 2363.97778320312 2197.76489257812 2033.28051757812 2062.41528320312 1959.40637207031 1834.14147949219 1889.68176269531 2011.17004394531 2078.224609375 2108.97900390625 2187.27319335938 2287.62646484375 2415.63305664062 2498.11987304688 2580.24877929688 2533.357421875 2351.9072265625 2244.67700195312 2196.92626953125
2197.56323242188 2172.86840820312 2176.0263671875 2139.20263671875 2066.34130859375 1979.06262207031 1869.32385253906 1858.9794921875 1735.73950195312 1734.68737792969 1805.36022949219 1840.80346679688 1934.35998535156 2038.74084472656 2110.12744140625 2092.10791015625 2044.56140136719 2160.9287109375 2218.76025390625 2233.833984375 2208.27026367188 2134.138671875 2144.48486328125 2219.32739257812 2250.0771484375 2359.04833984375 2472.671875 2539.89697265625 2386.60815429688 2146.015625 2014.02612304688 2121.69555664062 2035.01867675781 1887.71740722656 1966.97631835938 2085.52416992188 2110.28686523438 2104.39599609375 2189.9697265625 2265.67504882812 2382.10791015625 2535.3125 2579.08666992188 2513.73901367188 2345.76953125 2217.4912109375 2085.26171875
2185.37329101562 2145.2265625 2147.65185546875 2131.36938476562 2072.0087890625 2008.466796875 1934.06591796875 1913.96813964844 1824.43615722656 1804.39343261719 1914.46484375 1927.81811523438 1961.73669433594 2033.19897460938 2122.82739257812 2109.2353515625 2089.66357421875 2220.18383789062 2247.646484375 2280.64184570312 2278.85986328125 2248.8134765625 2244.150390625 2310.6279296875 2365.90258789062 2384.75952148438 2506.658203125 2583.65014648438 2444.17309570312 2291.69653320312 2262.34985351562 2275.03198242188 1998.78063964844 1943.09924316406 2069.22241210938 2170.07958984375 2232.14184570312 2235.13159179688 2236.69995117188 2277.85986328125 2387.72338867188 2487.54760742188 2567.26806640625 2550.94067382812 2405.57861328125 2280.70825195312 2192.73779296875
2150.05029296875 2088.15771484375 2080.22534179688 2073.8212890625 2024.20788574219 2000.28686523438 1965.37890625 1934.69506835938 1918.92175292969 1915.74975585938 1975.22229003906 1984.94860839844 2069.8447265625 2138.4208984375 2186.91918945312 2187.41186523438 2144.04638671875 2230.91967773438 2268.23852539062 2309.9052734375 2356.5986328125 2321.68139648438 2294.224609375 2322.94897460938 2407.12573242188 2488.31396484375 2621.53002929688 2624.70654296875 2525.736328125 2433.29296875 2370.46899414062 2268.84204101562 2062.50463867188 1969.98840332031 2088.9150390625 2172.74560546875 2262.54052734375 2340.6162109375 2354.03686523438 2369.14111328125 2465.84692382812 2508.06005859375 2591.61889648438 2545.05029296875 2425.75 2341.83837890625 2282.53125
2107.626953125 2039.96630859375 2008.10510253906 2026.61730957031 1998.83386230469 2017.13598632812 1991.28271484375 1981.91162109375 1979.11328125 2006.85986328125 2002.32641601562 2047.37524414062 2160.06811523438 2211.70190429688 2223.5888671875 2230.62060546875 2235.76391601562 2239.87890625 2284.79296875 2333.72802734375 2396.95361328125 2392.814453125 2363.86962890625 2371.63891601562 2425.8515625 2567.33325195312 2669.15380859375 2614.91870117188 2529.15087890625 2420.8388671875 2324.08862304688 2183.03369140625 2054.30541992188 1970.49108886719 2054.9912109375 2208.61108398438 2277.35400390625 2371.80029296875 2415.4755859375 2479.189453125 2545.86157226562 2558.92431640625 2605.43383789062 2539.69946289062 2440.08178710938 2370.654296875 2318.30737304688
2043.57580566406 2008.22937011719 1982.09387207031 2029.63024902344 2032.44555664062 2059.48388671875 2038.68383789062 2057.12622070312 2041.74157714844 2049.68188476562 2028.19177246094 2108.65844726562 2206.04736328125 2230.71240234375 2240.18408203125 2246.49145507812 2284.55932617188 2275.88696289062 2305.71337890625 2358.17065429688 2418.1865234375 2444.39868164062 2439.890625 2455.70092773438 2473.72509765625 2615.90405273438 2676.9609375 2610.24682617188 2527.92138671875 2414.974609375 2333.99365234375 2237.43530273438 2167.22900390625 2112.66674804688 2030.11657714844 2158.38891601562 2240.4833984375 2300.95947265625 2349.83715820312 2477.2119140625 2559.40454101562 2616.06079101562 2608.57470703125 2544.75268554688 2468.80395507812 2383.951171875 -3.4e+38
2003.72863769531 2005.59631347656 2005.13696289062 2059.90161132812 2089.79638671875 2090.72485351562 2074.62109375 2103.36401367188 2100.47827148438 2061.248046875 2051.27734375 2141.88525390625 2222.7763671875 2240.98071289062 2251.6357421875 2269.5498046875 2286.1259765625 2323.09692382812 2336.61279296875 2385.29516601562 2441.54345703125 2470.77661132812 2489.38549804688 2518.81079101562 2539.33081054688 2631.61645507812 2671.65991210938 2623.65673828125 2551.818359375 2449.25927734375 2392.82666015625 2348.76489257812 2309.19653320312 2288.95654296875 2131.259765625 2208.99780273438 2287.1376953125 2288.24291992188 2301.04711914062 2423.67846679688 2564.22290039062 2643.42651367188 2617.7939453125 2552.64013671875 -3.4e+38 -3.4e+38 -3.4e+38
2099.36059570312 2079.17993164062 2029.47473144531 2075.47021484375 2129.6953125 2117.88208007812 2073.5087890625 2091.38696289062 2094.654296875 2072.57446289062 2070.2890625 2165.2939453125 2234.16479492188 2265.75244140625 2272.71142578125 2315.548828125 2319.51586914062 2350.89624023438 2370.52514648438 2400.32250976562 2459.82421875 2493.60815429688 2516.78198242188 2547.01513671875 2587.6923828125 2626.53637695312 2663.15771484375 2646.03540039062 2591.41723632812 2506.91162109375 2452.5810546875 2438.80859375 2406.28198242188 2412.87377929688 2293.9912109375 2344.67578125 2392.62036132812 2354.2998046875 2325.06323242188 2395.02124023438 2561.04736328125 2658.7783203125 -3.4e+38 -3.4e+38 -3.4e+38 -3.4e+38 -3.4e+38
2140.53955078125 2110.39892578125 2094.70288085938 2124.66552734375 2167.15454101562 2131.173828125 2080.05200195312 2043.70922851562 2058.95043945312 2073.2822265625 2105.63403320312 2219.53100585938 2272.54760742188 2300.39892578125 2353.37548828125 2395.134765625 2397.97729492188 2373.97192382812 2403.17797851562 2395.61303710938 2468.72143554688 2527 2551.54760742188 2572.80908203125 2601.37915039062 2628.8359375 2657.93872070312 2672.44750976562 2631.92822265625 2584.69287109375 2528.11352539062 2533.1279296875 2503.14184570312 2507.76977539062 2411.73217773438 2414.34741210938 2459.29028320312 2423.87670898438 2376.43090820312 2409.38452148438 -3.4e+38 -3.4e+38 -3.4e+38 -3.4e+38 -3.4e+38 -3.4e+38 -3.4e+38
