Dropbox/GRP Data/GRP mammal paper/NN_analysis/DATA/2014 input files/yo_h_bio01Apr2014.asc
NCOLS 224 
NROWS 139 
XLLCORNER -69800.8126435 
YLLCORNER -76370.3008923 
CELLSIZE 821.1860311 
NODATA_value -3.4e+38 
[rows 74 to 110 of 139, columns 84 to 167 of 224]
1176 1194 1178 1141 1152 1157 1149 1144 1141 1131 1115 1085 1061 1065 1033 1065 1067 1038 1019 972 959 968 884 869 870 867 863 822 793 757 756 728 675 656 644 626 601 535 480 531 609 640 693 693 669 618 555 551 567 569 592 612 561 544 545 493 457 431 398 353 312 299 285 254 253 232 230 218 214 205 184 194 163 151 140 148 171 146 181 225 203 126 97 118
1115 1132 1117 1097 1097 1111 1111 1114 1125 1098 1048 1016 1012 1035 1009 1032 1064 1070 1044 1021 1005 989 933 893 879 880 837 808 804 779 793 710 678 658 652 632 601 561 500 546 637 674 702 675 635 600 550 548 595 627 648 632 559 560 556 523 488 467 408 342 301 308 300 252 258 243 244 234 223 199 193 188 154 140 133 125 130 98 149 197 209 144 109 113
1158 1098 1073 1073 1085 1075 1076 1080 1101 1053 1000 1006 983 977 980 1028 1041 1061 1036 1001 957 956 950 901 854 866 861 830 827 823 806 707 670 654 656 641 599 567 529 547 636 704 743 690 626 610 577 582 597 648 673 630 587 585 616 571 503 464 424 342 294 322 314 276 260 253 257 256 221 203 198 190 171 160 162 127 113 103 155 193 207 152 123 114
1183 1167 1126 1113 1124 1076 1059 1049 1066 1074 1026 1008 1032 1032 1003 969 1003 1022 1024 1005 957 921 904 885 909 902 888 861 837 828 762 690 662 667 673 643 586 502 521 566 673 746 775 724 651 649 614 605 581 608 685 647 573 622 811 632 510 397 398 347 298 340 312 298 269 263 266 252 235 216 214 198 186 180 170 143 129 124 163 202 193 136 109 122
1205 1188 1166 1142 1095 1060 1100 1064 1062 1047 1036 1018 1011 1020 1024 1014 1003 999 998 963 944 930 953 934 859 822 833 825 846 823 724 689 673 678 664 635 547 486 462 559 657 699 771 754 700 664 668 660 572 616 727 671 643 790 792 514 331 344 368 322 300 381 353 287 280 273 263 250 241 245 235 191 171 191 162 128 135 112 167 210 201 117 117 124
1203 1208 1194 1151 1080 1076 1111 1087 1067 1060 1032 1015 1009 1031 1037 1034 1020 984 948 939 970 970 916 863 817 794 802 809 843 818 732 706 688 690 670 635 575 498 481 571 590 628 739 762 711 692 709 673 614 734 853 844 929 911 675 337 398 442 449 440 425 403 380 374 280 325 275 284 274 264 225 221 168 191 195 155 123 117 157 163 171 88 91 121
1197 1207 1201 1173 1111 1074 1083 1092 1071 1061 1045 1034 1020 1042 1040 1040 1019 978 962 925 915 933 897 842 818 796 798 811 842 812 772 738 720 709 683 642 575 534 558 577 549 607 706 761 765 831 743 717 725 951 1080 1039 929 751 511 373 528 552 542 504 491 469 401 347 355 334 300 296 299 268 246 227 207 187 178 153 96 111 126 102 89 109 90 132
1205 1208 1196 1180 1155 1121 1082 1085 1083 1103 1102 1078 1079 1083 1059 1047 1028 996 1011 953 925 910 905 884 867 839 844 839 846 839 819 783 773 739 683 641 590 580 603 608 572 613 705 881 999 1040 960 869 920 1099 1039 872 773 676 591 557 612 615 594 543 528 521 411 338 345 340 364 325 308 275 248 228 240 215 180 142 66 75 82 111 117 121 102 163
1214 1214 1201 1173 1187 1180 1114 1085 1108 1162 1167 1138 1151 1147 1096 1054 1048 1019 1047 1013 995 915 915 920 926 907 921 883 854 863 861 843 840 795 707 656 617 611 633 631 624 676 812 1046 1147 1150 1127 1057 1083 1073 853 731 752 735 688 655 685 661 630 590 565 563 490 417 413 412 410 359 313 295 263 230 227 177 145 127 73 32 9 33 74 131 127 166
1215 1217 1220 1181 1207 1201 1153 1113 1143 1193 1199 1189 1184 1187 1116 1064 1074 1039 1058 1068 1035 922 915 928 958 979 982 929 870 878 915 929 917 864 768 713 668 668 762 720 708 841 1001 1143 1129 1084 1134 1159 1134 954 788 776 819 806 731 694 728 675 633 610 574 553 530 483 481 492 449 372 311 308 271 244 221 149 139 163 143 61 6 11 40 136 152 179
1224 1229 1235 1211 1218 1222 1193 1167 1180 1208 1206 1184 1171 1168 1102 1088 1104 1074 1070 1098 1031 936 925 967 992 1047 1020 983 916 930 991 1047 1020 932 863 834 804 817 1009 955 893 1058 1144 1144 1033 885 993 1096 1115 918 876 850 833 823 770 751 704 639 597 583 544 508 495 474 458 501 480 389 310 303 277 265 234 187 183 216 205 105 56 80 15 114 159 181
1241 1238 1237 1238 1223 1231 1237 1221 1202 1221 1191 1120 1098 1110 1104 1103 1107 1104 1090 1098 1005 950 986 1099 1099 1095 1082 1085 1014 999 1047 1188 1168 1057 1029 1039 1049 1031 1162 1166 1165 1162 1143 1067 812 645 687 921 1089 990 892 839 817 801 759 740 637 579 552 535 501 475 446 435 402 444 456 425 334 289 287 276 246 245 227 226 204 132 121 152 16 121 171 169
1252 1252 1253 1267 1261 1242 1258 1242 1245 1227 1183 1152 1159 1101 1136 1111 1119 1136 1108 1123 1127 1062 1034 1120 1100 1088 1083 1068 1085 1065 1095 1297 1157 1186 1190 1188 1196 1203 1181 1093 1127 1134 1022 785 670 626 651 925 887 825 796 721 664 645 652 632 581 525 509 478 434 383 320 389 391 404 358 403 393 293 290 283 270 267 243 227 188 194 202 163 74 189 204 178
1286 1289 1299 1293 1270 1280 1280 1265 1220 1174 1149 1138 1163 1167 1136 1198 1148 1129 1097 1126 1120 1091 1117 1123 1125 1112 1098 1097 1104 1091 1244 1217 1065 996 971 1002 1044 1053 1027 990 968 981 884 704 631 619 625 883 909 827 709 623 611 620 612 584 553 512 506 445 349 303 265 361 388 379 345 329 425 410 381 327 317 327 317 296 245 237 214 162 86 186 204 208
1304 1303 1310 1307 1290 1296 1287 1252 1249 1226 1184 1140 1146 1176 1194 1224 1165 1169 1129 1144 1133 1183 1137 1130 1156 1141 1108 1105 1112 1114 1302 1186 1016 881 816 818 836 807 788 866 862 800 744 663 626 614 590 764 896 845 738 661 585 593 606 597 588 544 511 473 372 273 233 319 398 355 345 330 366 361 403 335 281 282 266 267 259 252 189 153 138 190 243 246
1315 1310 1322 1321 1309 1313 1290 1251 1285 1283 1248 1175 1204 1321 1272 1183 1177 1174 1156 1183 1161 1255 1147 1166 1221 1242 1156 1126 1135 1178 1337 1151 1048 920 822 744 739 722 711 788 797 754 709 669 636 628 625 734 885 863 812 763 673 629 629 656 640 568 543 511 428 313 219 270 346 330 342 336 379 368 366 332 279 264 286 267 231 197 198 248 200 266 280 280
1334 1331 1334 1337 1330 1328 1301 1280 1327 1362 1315 1244 1322 1427 1300 1158 1212 1264 1259 1245 1225 1330 1227 1253 1325 1357 1272 1198 1163 1317 1305 1125 1040 969 905 805 735 700 701 744 752 737 708 677 645 667 682 794 871 859 840 798 747 695 677 679 655 586 556 521 453 361 284 236 336 347 348 331 332 349 348 359 332 262 291 290 244 237 264 309 292 327 307 312
1358 1353 1343 1349 1349 1341 1312 1312 1362 1437 1394 1354 1431 1433 1288 1209 1282 1385 1409 1366 1356 1422 1370 1386 1434 1442 1404 1343 1299 1396 1212 1119 1006 939 907 847 750 685 695 728 725 720 708 680 661 716 742 818 796 806 815 781 764 733 703 682 656 603 555 516 470 386 278 217 319 323 316 302 302 340 359 380 351 268 315 318 270 271 315 341 333 398 405 404
1372 1363 1357 1359 1361 1354 1325 1332 1401 1472 1467 1466 1477 1424 1335 1337 1378 1441 1495 1494 1490 1497 1479 1490 1492 1476 1438 1395 1385 1308 1132 1102 984 868 814 795 747 682 687 726 718 714 708 689 684 738 775 792 720 716 742 748 745 729 704 685 657 609 549 504 480 400 281 219 271 295 292 289 292 333 362 381 346 299 339 307 273 291 351 368 363 418 452 451
1386 1380 1379 1374 1367 1365 1352 1366 1470 1504 1476 1497 1466 1430 1477 1481 1479 1497 1488 1473 1492 1511 1480 1466 1446 1410 1325 1194 1158 1158 1120 1051 945 837 769 749 732 683 674 715 721 713 707 703 701 719 756 786 726 650 660 706 716 694 695 673 642 596 532 486 472 395 325 239 228 298 308 297 281 309 348 375 341 340 340 300 281 307 372 388 400 421 465 453
1409 1396 1385 1372 1371 1371 1364 1351 1406 1483 1460 1487 1471 1490 1491 1478 1504 1491 1441 1354 1431 1469 1471 1326 1273 1198 1199 1185 1173 1163 1122 1044 926 847 813 759 703 671 670 708 726 713 707 706 708 704 725 761 735 669 650 673 682 644 664 635 603 575 507 474 452 355 302 261 236 298 325 298 270 287 336 372 353 348 343 354 338 332 385 401 428 440 487 472
1413 1404 1397 1391 1372 1379 1374 1366 1396 1482 1441 1446 1467 1489 1433 1333 1375 1381 1313 1247 1362 1365 1438 1317 1218 1158 1130 1130 1099 1099 1047 989 954 886 833 797 723 668 655 707 728 708 703 705 700 682 682 689 715 700 677 657 646 636 646 623 562 558 492 461 441 360 327 298 272 282 301 303 276 292 334 365 403 325 392 427 420 380 403 426 445 457 498 514
1412 1403 1399 1396 1391 1388 1378 1423 1480 1496 1420 1339 1351 1481 1467 1443 1456 1463 1385 1248 1238 1251 1280 1296 1191 1122 1132 1114 1040 992 987 952 976 962 938 888 810 746 685 700 722 702 698 701 705 700 673 648 672 670 658 640 640 622 615 594 553 509 487 455 439 410 397 370 312 274 285 304 313 321 345 364 405 352 432 413 438 419 409 462 491 492 510 526
1432 1400 1400 1396 1393 1444 1445 1484 1484 1441 1425 1333 1300 1396 1480 1475 1475 1481 1409 1281 1204 1160 1157 1202 1159 1119 1164 1161 1103 1018 999 994 1022 1036 1017 950 880 774 729 782 746 708 697 697 705 713 684 643 621 614 625 618 620 600 589 582 550 490 470 445 429 409 386 320 306 288 280 264 270 306 362 388 377 363 444 437 470 485 449 453 510 536 554 550
1441 1398 1397 1400 1394 1479 1498 1487 1457 1379 1380 1348 1264 1280 1336 1353 1414 1473 1437 1388 1285 1184 1163 1194 1170 1162 1214 1208 1133 1095 1089 1084 1074 1080 1041 967 901 811 819 860 775 715 697 685 685 688 678 642 598 574 567 571 595 587 572 565 548 488 465 453 436 407 388 357 343 294 284 310 298 316 360 406 386 388 466 476 505 518 523 527 560 600 577 577
1446 1416 1407 1408 1408 1504 1486 1428 1413 1361 1348 1351 1267 1221 1238 1275 1368 1455 1464 1461 1402 1338 1297 1317 1275 1255 1261 1266 1220 1231 1190 1182 1138 1116 1053 967 913 888 908 894 822 765 708 687 671 656 646 616 555 509 490 520 570 579 565 551 533 495 452 442 435 411 389 377 350 336 330 327 325 367 402 423 419 423 480 486 533 570 575 574 585 629 601 600
1482 1452 1428 1429 1447 1511 1431 1374 1371 1364 1349 1343 1302 1221 1255 1287 1342 1399 1427 1454 1464 1467 1427 1441 1406 1365 1329 1353 1338 1343 1291 1264 1193 1147 1070 967 912 943 949 908 866 806 715 684 654 635 622 612 562 501 471 495 534 542 531 514 502 486 434 411 429 419 396 387 371 365 364 352 367 414 425 444 451 482 499 525 559 596 604 606 620 646 645 642
1532 1483 1449 1468 1497 1492 1404 1374 1355 1349 1344 1332 1319 1228 1261 1271 1282 1308 1339 1425 1459 1437 1428 1435 1432 1431 1421 1416 1354 1320 1340 1323 1233 1152 1081 976 905 952 945 911 865 780 708 675 640 628 625 636 614 561 518 503 497 488 476 460 447 445 415 398 426 421 409 404 402 382 376 387 413 448 446 470 477 520 534 563 578 609 630 636 654 667 691 670
1511 1497 1484 1501 1504 1512 1452 1373 1348 1326 1331 1326 1318 1252 1227 1207 1218 1256 1315 1403 1452 1361 1340 1343 1321 1400 1440 1364 1258 1199 1241 1345 1285 1133 1085 1003 947 977 933 872 800 717 694 682 657 641 642 651 628 594 557 515 469 452 438 422 404 408 415 419 428 427 431 426 416 398 390 407 447 476 485 494 509 534 573 579 589 631 652 660 678 702 724 686
1503 1534 1523 1486 1480 1509 1439 1374 1310 1258 1275 1298 1298 1291 1233 1224 1250 1262 1290 1320 1438 1467 1250 1244 1225 1279 1285 1279 1230 1154 1204 1287 1303 1140 1096 1053 1031 998 925 807 712 680 686 675 679 670 668 673 640 595 555 501 444 445 432 419 443 448 454 438 444 455 461 444 420 405 407 414 474 506 520 521 556 557 595 590 591 652 667 680 700 743 750 713
1432 1443 1422 1404 1462 1476 1441 1361 1310 1264 1280 1277 1254 1278 1225 1217 1251 1277 1285 1309 1445 1469 1336 1229 1159 1195 1236 1194 1198 1108 1222 1263 1312 1197 1075 1049 1053 989 877 795 726 721 723 702 695 688 672 642 633 601 552 526 510 489 448 444 503 503 472 474 472 483 476 448 436 428 411 419 504 532 545 581 607 584 607 611 589 665 695 704 729 768 787 759
1409 1406 1385 1375 1388 1450 1434 1359 1322 1304 1318 1285 1231 1226 1236 1243 1271 1274 1273 1294 1435 1469 1396 1295 1191 1111 1146 1092 1100 1030 1166 1187 1251 1254 1126 1061 1037 963 862 794 737 762 759 739 732 696 679 645 618 582 558 538 528 510 470 454 495 517 512 501 509 510 490 454 452 423 409 424 518 551 558 573 610 630 636 668 686 723 727 732 760 774 814 822
1431 1399 1385 1372 1364 1403 1417 1379 1341 1330 1325 1301 1223 1240 1256 1273 1282 1294 1303 1326 1366 1455 1345 1281 1192 1072 1056 1013 1029 1050 1160 1173 1203 1238 1112 1073 1037 960 935 877 870 878 842 797 745 707 677 637 618 584 570 564 561 536 495 510 519 532 521 516 531 504 489 471 456 435 392 426 522 556 573 584 612 669 701 685 714 732 751 787 806 776 775 848
1424 1408 1401 1378 1365 1382 1389 1389 1379 1364 1338 1323 1269 1268 1275 1283 1296 1313 1304 1305 1307 1441 1365 1255 1190 1061 980 937 994 1062 1145 1166 1175 1230 1144 1081 1053 1016 1041 961 968 965 894 804 754 724 705 677 642 630 624 598 582 541 506 572 571 576 544 538 531 508 505 489 462 431 427 477 551 582 597 616 644 680 723 744 753 773 789 821 838 844 816 847
1419 1414 1404 1384 1375 1375 1346 1381 1406 1388 1348 1334 1317 1301 1281 1288 1302 1325 1299 1287 1294 1384 1426 1282 1211 1095 998 917 940 1025 1114 1162 1159 1203 1207 1146 1090 1106 1157 1115 1085 1010 931 880 845 816 820 800 765 769 764 723 686 614 586 611 610 610 563 561 550 538 524 497 468 452 458 489 544 594 620 639 657 675 727 766 794 817 840 863 872 880 855 846
1422 1414 1401 1390 1381 1368 1329 1371 1398 1389 1353 1338 1338 1331 1277 1308 1305 1328 1315 1303 1300 1305 1405 1335 1245 1180 1120 986 891 968 1047 1134 1149 1166 1225 1221 1164 1191 1233 1232 1188 1094 1019 977 929 895 895 882 863 864 851 810 767 696 665 645 637 623 586 579 567 562 537 507 466 469 481 487 534 582 617 655 680 693 744 778 819 847 867 883 890 892 873 844
1405 1411 1411 1399 1381 1375 1370 1370 1377 1382 1369 1351 1355 1340 1282 1325 1324 1327 1332 1302 1294 1275 1304 1340 1265 1264 1238 1088 898 924 967 1072 1149 1150 1185 1223 1227 1238 1246 1230 1206 1187 1131 1040 983 951 926 912 893 867 846 818 779 727 693 663 655 639 609 591 575 569 545 520 487 509 512 494 531 565 596 642 698 736 770 786 825 856 870 886 893 893 -3.4e+38 -3.4e+38
