Dropbox/GRP Data/GRP mammal paper/NN_analysis/DATA/2014 input files/yo_h_bio05Apr2014.asc
NCOLS 224 
NROWS 139 
XLLCORNER -69800.8126435 
YLLCORNER -76370.3008923 
CELLSIZE 821.1860311 
NODATA_value -3.4e+38 
[rows 105 to 125 of 139, columns 47 to 93 of 224]
3653.90209960938 3701.89868164062 3752.76489257812 3771.82763671875 3752.99462890625 3724.748046875 3751.85400390625 3750.82006835938 3765.38745117188 3715.92333984375 3730.86010742188 3777.2724609375 3767.29052734375 3757.88159179688 3704.87158203125 3661.50244140625 3658.03149414062 3581.68383789062 3574.47412109375 3563.28564453125 3524.88696289062 3488.57177734375 3513.39501953125 3512.369140625 3513.63305664062 3529.76635742188 3485.27197265625 3418.16235351562 3397.18286132812 3385.09521484375 3371.71704101562 3366.74975585938 3363.306640625 3353.58203125 3322.99487304688 3322.69946289062 3308.59814453125 3312.35473632812 3307.24731445312 3304.77319335938 3304.09692382812 3298.99047851562 3308.7978515625 3310.16284179688 3292.71020507812 3285.77514648438 3282.41943359375
3647.10400390625 3682.34692382812 3725.28344726562 3764.7099609375 3759.828125 3739.2255859375 3736.42065429688 3743.404296875 3765.01586914062 3735.31884765625 3711.1650390625 3751.0400390625 3739.35717773438 3721.47729492188 3688.21484375 3619.17163085938 3641.04443359375 3584.75805664062 3551.40747070312 3545.61938476562 3512.15478515625 3481.88842773438 3501.87524414062 3504.03100585938 3514.04833984375 3523.83666992188 3499.22729492188 3439.68603515625 3395.04516601562 3379.43286132812 3358.54809570312 3357.51220703125 3355.39770507812 3350.61352539062 3334.19921875 3330.47143554688 3306.81469726562 3318.37744140625 3312.70532226562 3308.47412109375 3303.59912109375 3287.41674804688 3300.05932617188 3304.9892578125 3292.37255859375 3288.11962890625 3289.19262695312
3632.98583984375 3660.70678710938 3709.29931640625 3758.23217773438 3761.47631835938 3747.28271484375 3747.48828125 3736.8935546875 3775.81787109375 3745.576171875 3707.15258789062 3721.27612304688 3716.65087890625 3692.88598632812 3679.30541992188 3630.86450195312 3640.40283203125 3619.49536132812 3573.72045898438 3547.22705078125 3501.74487304688 3478.74462890625 3483.63159179688 3484.37524414062 3506.34912109375 3519.64184570312 3513.00244140625 3476.8408203125 3398.39306640625 3370.17919921875 3363.55004882812 3357.92114257812 3362.76928710938 3363.86181640625 3350.865234375 3323.51245117188 3318.13256835938 3336.8671875 3359.513671875 3357.91284179688 3319.12841796875 3296.0234375 3350.3310546875 3346.4736328125 3296.8095703125 3303.69702148438 3305.01904296875
3621.21118164062 3643.927734375 3683.88745117188 3739.58911132812 3758.09326171875 3750.78662109375 3755.98852539062 3734.89233398438 3777.09643554688 3749.99389648438 3713.24633789062 3705.95263671875 3715.44970703125 3694.14038085938 3686.884765625 3664.49365234375 3660.45654296875 3652.29833984375 3618.77124023438 3562.47216796875 3500.09765625 3480.03466796875 3472.65625 3469.58642578125 3508.51806640625 3525.7763671875 3525.55151367188 3507.16796875 3446.47045898438 3396.10522460938 3372.53833007812 3362.09228515625 3368.92407226562 3371.83642578125 3349.26025390625 3332.24951171875 3342.17578125 3365.50732421875 3392.30786132812 3388.67309570312 3354.57348632812 3341.3046875 3392.31274414062 3371.68359375 3318.46069335938 3318.80395507812 3318.67797851562
3613.36767578125 3634.74951171875 3663.1904296875 3710.59741210938 3745.51440429688 3754.69897460938 3757.33227539062 3736.33569335938 3763.96362304688 3758.12426757812 3723.2666015625 3708.66918945312 3724.21557617188 3713.06323242188 3709.62109375 3692.0263671875 3685.54858398438 3664.38354492188 3645.95751953125 3581.77709960938 3514.54321289062 3490.240234375 3485.275390625 3473.22143554688 3505.2841796875 3524.00415039062 3527.08471679688 3524.0068359375 3507.17724609375 3433.138671875 3367.89428710938 3369.2255859375 3364.86840820312 3371.40112304688 3344.90356445312 3364.38623046875 3370.93627929688 3389.2197265625 3388.435546875 3378.06274414062 3384.3984375 3384.83740234375 3384.9423828125 3365.78637695312 3351.52197265625 3326.59790039062 3330.25170898438
3608.03735351562 3629.61181640625 3658.6796875 3683.60229492188 3720.24096679688 3740.2763671875 3744.91455078125 3725.306640625 3749.70043945312 3760.4990234375 3730.69897460938 3721.400390625 3733.88208007812 3738.36791992188 3734.29174804688 3719.95092773438 3703.18359375 3661.19970703125 3646.49145507812 3610.341796875 3547.41943359375 3507.85717773438 3510.41577148438 3493.97021484375 3486.05786132812 3516.75854492188 3530.86743164062 3537.9560546875 3521.86206054688 3444.67114257812 3367.91943359375 3379.83984375 3367.41430664062 3381.40356445312 3353.82006835938 3376.130859375 3386.6923828125 3392.24487304688 3386.6787109375 3373.02514648438 3380.20361328125 3381.20922851562 3376.86596679688 3376.58129882812 3374.01171875 3348.47265625 3357.54443359375
3606.70776367188 3620.443359375 3635.92236328125 3658.56494140625 3681.29418945312 3689.29614257812 3686.32299804688 3687.90869140625 3759.47265625 3761.91552734375 3739.95043945312 3737.60278320312 3753.328125 3755.81811523438 3741.35864257812 3743.07446289062 3714.00048828125 3662.26611328125 3637.76025390625 3635.9599609375 3574.52856445312 3510.59936523438 3521.01831054688 3547.26025390625 3504.01196289062 3512.70092773438 3533.935546875 3542.74560546875 3534.77124023438 3490.65942382812 3413.80859375 3384.23803710938 3390.21704101562 3392.05615234375 3325.44018554688 3335.36547851562 3380.44921875 3389.13037109375 3390.02783203125 3372.31298828125 3367.57983398438 3387.41186523438 3368.3642578125 3362.85473632812 3379.62719726562 3399.64868164062 3395.09033203125
3600.05712890625 3611.58227539062 3626.60009765625 3639.18139648438 3640.17578125 3654.14697265625 3668.16918945312 3689.83642578125 3767.95849609375 3754.35302734375 3743.17993164062 3765.68603515625 3771.89721679688 3760.48291015625 3756.53564453125 3746.0126953125 3724.9013671875 3700.14038085938 3663.64916992188 3653.943359375 3611.927734375 3535.74584960938 3534.06982421875 3566.63818359375 3515.69213867188 3532.55346679688 3544.55834960938 3546.84790039062 3545.21484375 3526.11303710938 3464.36083984375 3419.04809570312 3410.51635742188 3401.05029296875 3355.60180664062 3346.82885742188 3366.85229492188 3406.81689453125 3395.29321289062 3360.26025390625 3363.14575195312 3384.73803710938 3386.31396484375 3389.66845703125 3408.27734375 3409.015625 3409.0361328125
3599.876953125 3605.65966796875 3624.541015625 3635.95263671875 3646.361328125 3658.01538085938 3677.07885742188 3742.27416992188 3760.31396484375 3751.79833984375 3763.23120117188 3782.15698242188 3773.92749023438 3765.728515625 3754.67431640625 3732.45751953125 3727.18310546875 3713.27783203125 3688.67358398438 3662.50415039062 3632.61206054688 3584.21728515625 3572.82592773438 3566.70092773438 3538.13427734375 3528.16796875 3548.10107421875 3552.14868164062 3548.82592773438 3532.17407226562 3518.35595703125 3494.79907226562 3472.705078125 3442.53076171875 3428.45385742188 3432.5498046875 3419.3740234375 3415.98583984375 3423.740234375 3394.99780273438 3390.89819335938 3403.54956054688 3413.0966796875 3399.40258789062 3415.90478515625 3406.701171875 3401.06494140625
3592.61108398438 3598.04736328125 3620.14575195312 3636.73168945312 3653.25659179688 3673.77954101562 3688.72021484375 3742.681640625 3778.47973632812 3773.6025390625 3767.23876953125 3782.8642578125 3776.75439453125 3761.13159179688 3752.46020507812 3739.81396484375 3729.16455078125 3717.13037109375 3701.13012695312 3676.74975585938 3655.44506835938 3626.017578125 3610.58374023438 3580.17211914062 3559.333984375 3529.8974609375 3545.61352539062 3556.08764648438 3540.33129882812 3521.91650390625 3516.46850585938 3505.30541992188 3489.87841796875 3480.84375 3477.53247070312 3469.59399414062 3449.21313476562 3426.76171875 3436.86840820312 3431.60424804688 3421.66259765625 3422.70703125 3424.98779296875 3405.39501953125 3401.36596679688 3391.14379882812 3388.94873046875
3585.81665039062 3595.517578125 3610.46142578125 3627.36645507812 3648.6494140625 3666.81176757812 3696.58715820312 3769.306640625 3785.03271484375 3783.45922851562 3779.40869140625 3784.10278320312 3782.544921875 3776.54516601562 3758.14379882812 3756.02612304688 3738.12133789062 3725.01025390625 3708.1337890625 3697.5556640625 3683.23999023438 3663.00634765625 3646.55419921875 3617.50634765625 3581.00415039062 3574.6201171875 3578.9765625 3573.322265625 3535.17016601562 3519.07592773438 3512.15478515625 3498.82299804688 3484.99829101562 3491.265625 3496.9921875 3483.63159179688 3466.95629882812 3437.19775390625 3434.27880859375 3453.66333007812 3450.56616210938 3442.28442382812 3441.27758789062 3420.70678710938 3408.48193359375 3395.32788085938 3401.109375
3589.72192382812 3594.669921875 3604.09375 3624.06640625 3643.65405273438 3669.91259765625 3701.90112304688 3772.44653320312 3775.65795898438 3782.15844726562 3784.34204101562 3782.9482421875 3785.9345703125 3785.798828125 3775.12963867188 3765.77026367188 3749.47924804688 3737.486328125 3727.326171875 3718.83764648438 3709.85107421875 3697.90502929688 3683.91528320312 3644.7412109375 3586.16088867188 3615.19897460938 3594.53686523438 3573.19409179688 3547.8994140625 3523.0380859375 3510.27661132812 3500.1103515625 3480.72094726562 3490.87158203125 3490.9619140625 3486.32421875 3478.09155273438 3459.9560546875 3440.61743164062 3459.37622070312 3475.43579101562 3462.39990234375 3449.50415039062 3433.23706054688 3416.64282226562 3405.93286132812 3412.80249023438
3595.40844726562 3598.59399414062 3603.02221679688 3623.40966796875 3638.2255859375 3671.95458984375 3696.28735351562 3739.11157226562 3760.6845703125 3779.51586914062 3781.74536132812 3782.15893554688 3784.9169921875 3776.8388671875 3777.0556640625 3771.9609375 3760.73071289062 3750.26928710938 3747.13403320312 3739.66967773438 3737.03271484375 3722.81176757812 3709.06958007812 3662.634765625 3597.60278320312 3630.91552734375 3601.65283203125 3568.046875 3554.22534179688 3520.125 3500.90405273438 3499.30297851562 3489.18139648438 3493.51025390625 3484.35717773438 3490.65844726562 3483.82788085938 3477.24462890625 3455.55200195312 3454.93676757812 3473.29809570312 3479.91674804688 3463.46069335938 3448.75244140625 3418.19873046875 3412.67895507812 3419.595703125
3604.46704101562 3609.42919921875 3611.27026367188 3622.56298828125 3634.60229492188 3665.60278320312 3684.30810546875 3702.01293945312 3751.67944335938 3770.3779296875 3774.08471679688 3780.43237304688 3774.64404296875 3754.12084960938 3756.09741210938 3767.45483398438 3765.197265625 3761.4560546875 3759.38916015625 3758.37866210938 3756.91821289062 3734.97412109375 3715.47729492188 3675.9765625 3631.46411132812 3647.5576171875 3625.6484375 3584.46411132812 3556.09814453125 3516.734375 3482.283203125 3486.59057617188 3494.29443359375 3493.947265625 3490.06860351562 3494.89916992188 3478.76806640625 3478.95166015625 3468.21142578125 3458.62060546875 3456.22387695312 3479.005859375 3482.572265625 3471.9296875 3429.29516601562 3418.77587890625 3425.30859375
3615.49829101562 3620.20703125 3623.4716796875 3624.24047851562 3637.77758789062 3659.71337890625 3676.61157226562 3688.25463867188 3737.6748046875 3742.962890625 3765.99487304688 3774.7177734375 3760.08203125 3739.10595703125 3737.46899414062 3740.1689453125 3755.99755859375 3770.56372070312 3771.45336914062 3769.34838867188 3759.95288085938 3736.22338867188 3713.28295898438 3681.04418945312 3662.07568359375 3681.38842773438 3651.66943359375 3611.43994140625 3576.06030273438 3529.56567382812 3469.91650390625 3470.37646484375 3475.79760742188 3481.69287109375 3496.42211914062 3492.71215820312 3471.9775390625 3480.48388671875 3474.5927734375 3479.94458007812 3464.09497070312 3458.64428710938 3483.76611328125 3492.02880859375 3460.11669921875 3431.6181640625 3427.744140625
3606.40600585938 3617.57177734375 3619.7939453125 3625.974609375 3642.46069335938 3651.47143554688 3668.185546875 3679.72314453125 3690.40307617188 3707.91870117188 3772.32690429688 3772.86865234375 3768.10595703125 3763.73266601562 3739.39697265625 3713.47607421875 3739.890625 3772.30712890625 3779.26123046875 3771.48388671875 3765.84057617188 3714.763671875 3703.31176757812 3700.43359375 3661.44970703125 3683.392578125 3658.60083007812 3602.38696289062 3564.7177734375 3536.06201171875 3488.126953125 3457.29272460938 3465.97094726562 3468.68139648438 3498.65087890625 3513.86303710938 3510.90893554688 3485.77514648438 3474.42504882812 3489.04541015625 3474.30688476562 3474.49755859375 3486.1796875 3504.47778320312 3487.26977539062 3452.87060546875 3438.40283203125
3583.04541015625 3603.64135742188 3615.27954101562 3626.9736328125 3632.61499023438 3647.9208984375 3661.61401367188 3663.626953125 3674.7822265625 3700.646484375 3767.78100585938 3774.57006835938 3779.9296875 3777.58349609375 3750.08642578125 3724.31225585938 3723.13671875 3765.4931640625 3780.81884765625 3779.96484375 3777.166015625 3682.81225585938 3644.91259765625 3706.14282226562 3706.25952148438 3693.79321289062 3649.88134765625 3596.82495117188 3556.38330078125 3534.13989257812 3518.81323242188 3456.94775390625 3486.1982421875 3490.99926757812 3503.85815429688 3555.0625 3546.60473632812 3545.47875976562 3538.81103515625 3534.3095703125 3515.62231445312 3498.02978515625 3505.16162109375 3514.38598632812 3499.32348632812 3478.77587890625 3462.0908203125
3581.65258789062 3586.95849609375 3598.79052734375 3615.20825195312 3624.779296875 3626.81005859375 3644.18676757812 3655.99243164062 3658.33813476562 3673.47265625 3721.70166015625 3772.55590820312 3768.33935546875 3774.05688476562 3766.30688476562 3744.8349609375 3751.90405273438 3775.32543945312 3786.92919921875 3792.60595703125 3774.68994140625 3648.95581054688 3580.01416015625 3646.96459960938 3667.47021484375 3665.0556640625 3646.48120117188 3618.70043945312 3591.58325195312 3572.0712890625 3544.44409179688 3461.83911132812 3438.62573242188 3479.90576171875 3520.04858398438 3554.20556640625 3566.62426757812 3566.43212890625 3565.56591796875 3564.60864257812 3554.26904296875 3510.32397460938 3498.51171875 3537.68383789062 3511.97216796875 3498.18603515625 3481.34204101562
3582.58081054688 3583.91479492188 3589.9609375 3602.7177734375 3609.037109375 3615.41870117188 3621.87255859375 3640.27026367188 3642.55737304688 3662.02661132812 3704.21240234375 3769.6435546875 3768.46704101562 3775.38818359375 3770.36669921875 3756.57373046875 3772.84936523438 3778.712890625 3787.31616210938 3788.798828125 3756.60717773438 3630.35693359375 3559.80419921875 3603.72338867188 3645.28247070312 3646.01635742188 3628.38818359375 3624.8896484375 3606.02075195312 3592.287109375 3559.91040039062 3500.5400390625 3444.7294921875 3460.99731445312 3474.560546875 3525.8779296875 3573.48217773438 3575.22216796875 3575.18774414062 3578.39013671875 3563.54956054688 3547.08618164062 3534.94702148438 3549.40234375 3511.60668945312 3484.41430664062 3473.03759765625
3583.79663085938 3584.33813476562 3586.197265625 3590.3271484375 3592.4140625 3600.482421875 3603.58056640625 3623.86962890625 3633.25708007812 3650.94970703125 3669.15551757812 3722.6474609375 3756.14575195312 3777.23583984375 3772.13256835938 3754.63037109375 3772.96069335938 3773.5654296875 3783.76220703125 3788.05517578125 3767.8291015625 3691.61791992188 3599.40234375 3569.82861328125 3621.48706054688 3640.39721679688 3636.36694335938 3638.58349609375 3624.66284179688 3608.21484375 3583.19897460938 3539.73315429688 3468.453125 3457.4453125 3456.01904296875 3493.51440429688 3548.02880859375 3577.03076171875 3580.8681640625 3586.56518554688 3576.82836914062 3579.31689453125 3568.61645507812 3565.47143554688 3519.87475585938 3492.57446289062 3471.21020507812
3579.232421875 3581.34008789062 3586.04174804688 3586.552734375 3587.03564453125 3591.01318359375 3597.6357421875 3607.73901367188 3619.2822265625 3626.96533203125 3637.46704101562 3687.86743164062 3751.02124023438 3777.12524414062 3768.5849609375 3762.38818359375 3771.21875 3777.09130859375 3786.703125 3789.56860351562 3784.13598632812 3754.41943359375 3668.22534179688 3587.78247070312 3626.11865234375 3657.65185546875 3663.44189453125 3659.38305664062 3647.03637695312 3623.44165039062 3597.77905273438 3548.67749023438 3479.79541015625 3459.84301757812 3463.39770507812 3488.07055664062 3523.80932617188 3571.95483398438 3586.7138671875 3592.07861328125 3589.22094726562 3592.28784179688 3580.8525390625 3556.75903320312 3525.7333984375 3499.75244140625 3477.81225585938
