Dropbox/GRP Data/GRP mammal paper/NN_analysis/DATA/2014 input files/yo_h_bio06Apr2014.asc
NCOLS 224 
NROWS 139 
XLLCORNER -69800.8126435 
YLLCORNER -76370.3008923 
CELLSIZE 821.1860311 
NODATA_value -3.4e+38 
[rows 20 to 39 of 139, columns 138 to 183 of 224]
-1340.68725585938 -1220.47668457031 -1292.34033203125 -1340.51000976562 -1321.77294921875 -1280.30065917969 -1226.88549804688 -1150.43078613281 -1194.31262207031 -1218.98657226562 -1159.18530273438 -1193.08483886719 -1215.41259765625 -1156.04614257812 -1157.80065917969 -1141.28259277344 -1131.81030273438 -1073.74743652344 -1085.51196289062 -1128.77770996094 -1145.47326660156 -1199.27062988281 -1228.59228515625 -1233.283203125 -1241.26086425781 -1245.62451171875 -1252.22326660156 -1252.69543457031 -1252.54614257812 -1215.36108398438 -1145.68872070312 -1103.63647460938 -1135.75512695312 -1195.59912109375 -1212.68005371094 -1220.51000976562 -1230.39306640625 -1259.95629882812 -1272.39709472656 -1282.095703125 -1286.11279296875 -1300.44775390625 -1318.16418457031 -1324.49670410156 -1332.029296875 -1313.26354980469
-1379.72033691406 -1303.19921875 -1332.71850585938 -1321.20324707031 -1296.76245117188 -1201.52807617188 -1209.07055664062 -1187.29211425781 -1208.02624511719 -1186.22424316406 -1195.88513183594 -1256.65637207031 -1246.68029785156 -1165.64709472656 -1161.67993164062 -1192.38562011719 -1123.21875 -1085.63842773438 -1115.82678222656 -1135.42004394531 -1135.28796386719 -1195.14489746094 -1194.5615234375 -1226.43664550781 -1236.96520996094 -1232.69213867188 -1231.19567871094 -1229.66418457031 -1224.52783203125 -1204.18286132812 -1133.75939941406 -1108.70458984375 -1123.38208007812 -1168.48315429688 -1205.79455566406 -1217.697265625 -1222.65539550781 -1239.89562988281 -1260.76867675781 -1270.16638183594 -1276.76843261719 -1289.826171875 -1310.6181640625 -1328.77331542969 -1347.35168457031 -1360.99096679688
-1356.60900878906 -1382.80212402344 -1371.64367675781 -1292.17224121094 -1218.64892578125 -1220.09606933594 -1265.29650878906 -1201.84326171875 -1197.47900390625 -1226.54284667969 -1300.51794433594 -1300.69116210938 -1250.18579101562 -1169.99523925781 -1191.4267578125 -1229.03564453125 -1116.29504394531 -1082.33117675781 -1129.955078125 -1145.29235839844 -1121.68664550781 -1164.24853515625 -1137.7509765625 -1172.30822753906 -1175.84680175781 -1183.7587890625 -1182.7734375 -1202.37878417969 -1176.71203613281 -1164.49572753906 -1132.97155761719 -1106.2109375 -1111.0283203125 -1138.13049316406 -1177.75915527344 -1200.46142578125 -1211.193359375 -1221.13928222656 -1257.03857421875 -1262.6220703125 -1272.67102050781 -1289.15893554688 -1306.93762207031 -1319.64172363281 -1339.78063964844 -1365.75952148438
-1253.31774902344 -1345.44274902344 -1357.78674316406 -1296.13012695312 -1221.30627441406 -1250.66271972656 -1232.47790527344 -1190.4775390625 -1251.23596191406 -1354.94262695312 -1392.54992675781 -1321.89685058594 -1248.61096191406 -1194.29663085938 -1251.45666503906 -1242.58813476562 -1109.5888671875 -1075.99145507812 -1139.62890625 -1136.49829101562 -1079.4267578125 -1110.16845703125 -1107.07666015625 -1107.71752929688 -1093.01684570312 -1122.84533691406 -1122.62023925781 -1155.21911621094 -1136.8115234375 -1136.67370605469 -1124.96655273438 -1099.68908691406 -1103.4873046875 -1118.13134765625 -1142.45043945312 -1171.70971679688 -1197.68505859375 -1216.62097167969 -1252.83203125 -1254.69860839844 -1267.04431152344 -1284.54125976562 -1302.45788574219 -1313.31225585938 -1334.64697265625 -1356.53918457031
-1207.98815917969 -1203.08447265625 -1211.05688476562 -1256.35900878906 -1296.93237304688 -1194.50573730469 -1173.59606933594 -1228.96606445312 -1416.92041015625 -1429.43640136719 -1400.17333984375 -1319.64367675781 -1270.65832519531 -1257.69909667969 -1262.36645507812 -1225.83569335938 -1112.03210449219 -1098.02844238281 -1155.61901855469 -1110.86499023438 -1018.80432128906 -1070.97790527344 -1115.99719238281 -1094.39208984375 -1048.20178222656 -1084.79028320312 -1091.05126953125 -1108.17687988281 -1122.37170410156 -1125.88989257812 -1120.81274414062 -1101.62866210938 -1100.9619140625 -1110.88146972656 -1125.88818359375 -1149.0263671875 -1185.02917480469 -1207.81396484375 -1238.86315917969 -1237.611328125 -1249.74475097656 -1276.86340332031 -1293.25439453125 -1307.51611328125 -1330.08850097656 -1346.5654296875
-1222.54504394531 -1192.37133789062 -1262.53161621094 -1272.49499511719 -1185.57666015625 -1299.56970214844 -1325.23779296875 -1359.72192382812 -1442.47436523438 -1387.2236328125 -1340.88879394531 -1317.49841308594 -1309.37927246094 -1281.10388183594 -1164.88110351562 -1134.419921875 -1122.79528808594 -1124.99645996094 -1155.361328125 -1098.15075683594 -1072.42639160156 -1064.28649902344 -1104.33557128906 -1086.77563476562 -990.516479492188 -1046.01489257812 -1096.80187988281 -1118.86743164062 -1114.88330078125 -1112.49853515625 -1119.54370117188 -1106.66906738281 -1106.19860839844 -1117.74731445312 -1134.91906738281 -1147.45227050781 -1177.32482910156 -1188.59826660156 -1215.39660644531 -1215.36022949219 -1232.05212402344 -1267.91784667969 -1283.30798339844 -1293.38391113281 -1309.09045410156 -1319.55541992188
-1260.88098144531 -1227.6904296875 -1249.06359863281 -1234.77160644531 -1240.09606933594 -1395.63293457031 -1425.33374023438 -1366.34521484375 -1319.82299804688 -1264.84924316406 -1184.69104003906 -1159.22424316406 -1150.32421875 -1151.51037597656 -1172.93139648438 -1171.86499023438 -1158.73864746094 -1133.96423339844 -1119.55578613281 -1062.36791992188 -1072.81567382812 -1092.19055175781 -1099.08923339844 -1102.08056640625 -1005.43743896484 -1017.63879394531 -1095.71142578125 -1110.27160644531 -1127.505859375 -1107.33117675781 -1103.57995605469 -1116.5576171875 -1114.77380371094 -1119.32092285156 -1143.74987792969 -1168.77197265625 -1182.84130859375 -1193.22778320312 -1201.59692382812 -1208.56787109375 -1245.56994628906 -1249.32739257812 -1265.57800292969 -1263.23181152344 -1260.63220214844 -1260.49353027344
-1262.80798339844 -1225.76037597656 -1214.82214355469 -1226.00537109375 -1215.3759765625 -1377.48071289062 -1228.90502929688 -1229.64636230469 -1220.1787109375 -1235.37353515625 -1210.0185546875 -1191.58654785156 -1186.75952148438 -1177.37426757812 -1181.03918457031 -1179.01147460938 -1152.12341308594 -1113.73791503906 -1089.85412597656 -1107.71179199219 -1076.10107421875 -1020.638671875 -1059.10131835938 -1088.45043945312 -1111.28698730469 -1104.08093261719 -1109.39270019531 -1097.75842285156 -1102.90002441406 -1091.31408691406 -1103.8701171875 -1177.83471679688 -1140.69311523438 -1137.296875 -1171.50708007812 -1200.24926757812 -1206.88098144531 -1219.033203125 -1224.40454101562 -1235.42077636719 -1238.4970703125 -1228.23120117188 -1221.52880859375 -1211.04870605469 -1202.90319824219 -1212.58178710938
-1285.22229003906 -1316.57287597656 -1269.90148925781 -1233.94287109375 -1221.77954101562 -1255.71740722656 -1205.5419921875 -1237.35119628906 -1234.41442871094 -1236.47717285156 -1225.673828125 -1209.306640625 -1196.10485839844 -1188.76965332031 -1188.32263183594 -1181.25354003906 -1111.45849609375 -1122.72680664062 -1123.22119140625 -1128.06115722656 -1118.02282714844 -1107.4775390625 -1079.86938476562 -1024.21398925781 -1047.69445800781 -1106.28442382812 -1087.27038574219 -1038.17626953125 -1034.76892089844 -1083.46728515625 -1111.56726074219 -1190.76684570312 -1160.04443359375 -1160.49755859375 -1188.78161621094 -1203.57971191406 -1210.25305175781 -1197.96069335938 -1182.26086425781 -1220.99108886719 -1237.78161621094 -1227.46447753906 -1222.04760742188 -1201.79479980469 -1196.49938964844 -1230.60046386719
-1290.14233398438 -1324.44934082031 -1293.35168457031 -1254.15783691406 -1231.82055664062 -1202.10363769531 -1265.62805175781 -1242.27807617188 -1229.70446777344 -1228.62487792969 -1204.05529785156 -1181.86560058594 -1179.85034179688 -1155.87036132812 -1171.31665039062 -1168.37731933594 -1149.08129882812 -1149.79016113281 -1154.66271972656 -1168.1689453125 -1141.80480957031 -1170.21984863281 -1126.09497070312 -1112.99206542969 -1093.39001464844 -1086.90246582031 -1072.97204589844 -1056.85217285156 -1065.94885253906 -1114.34350585938 -1146.92553710938 -1187.57934570312 -1174.58898925781 -1190.41833496094 -1193.80932617188 -1193.60717773438 -1206.01525878906 -1178.65478515625 -1170.90466308594 -1188.00158691406 -1206.65686035156 -1217.0732421875 -1227.54541015625 -1218.49987792969 -1215.05163574219 -1231.96362304688
-1287.83410644531 -1292.82055664062 -1298.46936035156 -1263.87036132812 -1261.02783203125 -1225.03186035156 -1272.04333496094 -1210.03674316406 -1201.40222167969 -1231.56921386719 -1228.06286621094 -1165.24890136719 -1185.92761230469 -1171.22399902344 -1160.81408691406 -1193.54943847656 -1184.02380371094 -1189.85083007812 -1178.68798828125 -1193.95178222656 -1176.73950195312 -1189.73071289062 -1133.36560058594 -1164.16845703125 -1134.89514160156 -1093.17541503906 -1079.7197265625 -1118.87780761719 -1111.94555664062 -1133.02099609375 -1160.49877929688 -1192.89636230469 -1180.89807128906 -1204.28332519531 -1179.32849121094 -1164.947265625 -1170.5888671875 -1162.89343261719 -1155.50695800781 -1169.7900390625 -1164.828125 -1185.87805175781 -1190.55944824219 -1186.73193359375 -1183.19946289062 -1218.09802246094
-1284.28686523438 -1297.05847167969 -1324.28637695312 -1284.33776855469 -1288.77880859375 -1264.53784179688 -1262.43029785156 -1202.81225585938 -1209.30969238281 -1274.99267578125 -1295.42260742188 -1193.70849609375 -1194.61328125 -1212.38391113281 -1184.17602539062 -1206.45227050781 -1194.25524902344 -1206.17431640625 -1199.02551269531 -1186.40686035156 -1203.65795898438 -1205.30102539062 -1130.05065917969 -1149.14440917969 -1159.66162109375 -1174.88513183594 -1169.26611328125 -1156.57214355469 -1121.90258789062 -1134.7724609375 -1161.11547851562 -1167.30187988281 -1174.43310546875 -1202.30358886719 -1169.26867675781 -1145.33422851562 -1150.35620117188 -1152.45043945312 -1144.35778808594 -1156.58923339844 -1162.5029296875 -1172.50439453125 -1171.52990722656 -1162.33813476562 -1142.77648925781 -1144.35913085938
-1266.87243652344 -1297.58569335938 -1338.671875 -1332.49853515625 -1302.3486328125 -1290.32299804688 -1303.60021972656 -1254.56872558594 -1259.82629394531 -1321.22644042969 -1311.04418945312 -1233.22338867188 -1198.88256835938 -1211.97204589844 -1223.99719238281 -1187.09240722656 -1196.87976074219 -1195.05969238281 -1209.46557617188 -1173.27807617188 -1205.94604492188 -1203.83361816406 -1142.81481933594 -1184.30249023438 -1215.71484375 -1212.01538085938 -1213.21765136719 -1147.07397460938 -1113.96960449219 -1128.14526367188 -1141.87622070312 -1129.32385253906 -1163.41003417969 -1182.40637207031 -1162.54553222656 -1133.27038574219 -1137.32458496094 -1149.0478515625 -1146.09265136719 -1149.20104980469 -1155.7216796875 -1166.70471191406 -1166.02709960938 -1147.40905761719 -1125.95654296875 -1101.16296386719
-1282.37963867188 -1301.95849609375 -1335.65942382812 -1318.53344726562 -1387.85278320312 -1308.13122558594 -1288.39709472656 -1308.17407226562 -1288.6103515625 -1275.93334960938 -1249.80944824219 -1229.10998535156 -1253.63830566406 -1203.57739257812 -1233.36059570312 -1225.9423828125 -1184.91162109375 -1207.58850097656 -1218.53088378906 -1196.41101074219 -1203.6875 -1156.72155761719 -1164.57299804688 -1276.02075195312 -1255.75720214844 -1125.18896484375 -1115.94482421875 -1119.37341308594 -1119.94616699219 -1120.6865234375 -1111.60021972656 -1113.57214355469 -1148.85681152344 -1158.54638671875 -1150.97766113281 -1123.03234863281 -1121.09997558594 -1141.80322265625 -1139.919921875 -1144.54797363281 -1134.98559570312 -1153.7578125 -1151.33410644531 -1137.00354003906 -1136.62072753906 -1112.03405761719
-1300.69958496094 -1327.47741699219 -1306.37158203125 -1285.10803222656 -1338.26953125 -1371.99670410156 -1378.830078125 -1279.91748046875 -1278.02722167969 -1271.88269042969 -1257.65173339844 -1249.51391601562 -1244.0400390625 -1205.61547851562 -1198.54797363281 -1225.25354003906 -1239.15124511719 -1247.03088378906 -1260.21838378906 -1254.21252441406 -1190.55786132812 -1145.322265625 -1219.18432617188 -1213.76708984375 -1148.04357910156 -1148.83020019531 -1122.10668945312 -1121.62536621094 -1121.23278808594 -1121.83435058594 -1117.59887695312 -1101.7939453125 -1121.33874511719 -1149.26306152344 -1136.45874023438 -1117.03771972656 -1125.3037109375 -1134.8173828125 -1116.57946777344 -1133.98425292969 -1132.58435058594 -1144.40991210938 -1135.79406738281 -1128.57629394531 -1137.74328613281 -1127.45080566406
-1314.60363769531 -1327.66369628906 -1318.33508300781 -1297.89367675781 -1340.39599609375 -1409.57165527344 -1388.84631347656 -1371.05285644531 -1294.04479980469 -1296.81433105469 -1301.87524414062 -1265.53784179688 -1270.48425292969 -1245.17810058594 -1220.470703125 -1223.87854003906 -1234.21337890625 -1228.66467285156 -1222.28063964844 -1220.58056640625 -1180.82165527344 -1189.88146972656 -1194.80297851562 -1196.6796875 -1193.30419921875 -1164.19494628906 -1152.31103515625 -1119.07153320312 -1105.349609375 -1118.91149902344 -1113.41845703125 -1102.53039550781 -1113.56530761719 -1111.20666503906 -1104.56518554688 -1095.76977539062 -1146.21179199219 -1169.02001953125 -1131.04772949219 -1128.79760742188 -1118.23278808594 -1148.08801269531 -1134.822265625 -1107.15747070312 -1093.27502441406 -1120.0576171875
-1305.45239257812 -1283.14074707031 -1278.91796875 -1275.81896972656 -1329.83056640625 -1372.13330078125 -1329.33947753906 -1375.00463867188 -1298.01806640625 -1301.75012207031 -1274.9931640625 -1284.49279785156 -1276.87133789062 -1234.14526367188 -1223.69152832031 -1278.50439453125 -1293.24487304688 -1231.89428710938 -1222.79260253906 -1203.32434082031 -1148.41015625 -1155.42749023438 -1132.48449707031 -1214.23010253906 -1219.78759765625 -1194.06237792969 -1185.63073730469 -1163.95910644531 -1126.390625 -1122.041015625 -1122.22399902344 -1096.80285644531 -1130.39501953125 -1097.47229003906 -1105.39685058594 -1132.91552734375 -1141.90417480469 -1139.08874511719 -1138.02563476562 -1111.6220703125 -1106.15551757812 -1105.12622070312 -1060.61669921875 -1080.65966796875 -1104.52624511719 -1106.978515625
-1287.15258789062 -1276.16357421875 -1264.91333007812 -1265.44970703125 -1294.54284667969 -1304.98498535156 -1328.64367675781 -1343.984375 -1304.85192871094 -1290.86999511719 -1283.85949707031 -1282.16613769531 -1275.4091796875 -1269.17651367188 -1276.59216308594 -1324.83483886719 -1285.53552246094 -1235.70532226562 -1205.72021484375 -1187.43432617188 -1171.74938964844 -1154.05346679688 -1132.11242675781 -1211.38427734375 -1225.36486816406 -1204.93920898438 -1185.59436035156 -1179.755859375 -1144.69165039062 -1118.90466308594 -1113.98864746094 -1098.58325195312 -1107.06530761719 -1115.19934082031 -1112.19372558594 -1118.24865722656 -1105.95043945312 -1077.10815429688 -1065.35681152344 -1063.11462402344 -1063.87316894531 -1068.06420898438 -1071.30017089844 -1094.37341308594 -1100.90893554688 -1112.24816894531
-1289.04907226562 -1269.12219238281 -1264.23840332031 -1268.5234375 -1276.48950195312 -1276.70690917969 -1338.39208984375 -1304.71459960938 -1299.57763671875 -1294.08117675781 -1316.8408203125 -1282.16442871094 -1279.85583496094 -1294.31994628906 -1281.88391113281 -1306.99243164062 -1283.8134765625 -1242.30297851562 -1231.28527832031 -1224.15478515625 -1221.77014160156 -1170.70385742188 -1151.45336914062 -1202.11242675781 -1264.88952636719 -1250.81701660156 -1211.43200683594 -1187.9599609375 -1152.07470703125 -1121.42810058594 -1114.58325195312 -1107.08703613281 -1106.69421386719 -1122.19067382812 -1123.78979492188 -1119.22546386719 -1096.52221679688 -1082.14245605469 -1077.72961425781 -1062.51257324219 -1065.80578613281 -1046.46044921875 -1064.51867675781 -1103.30456542969 -1104.9248046875 -1105.37817382812
-1281.42041015625 -1254.42651367188 -1261.00378417969 -1269.8154296875 -1274.40576171875 -1298.71765136719 -1320.19030761719 -1291.38391113281 -1299.41369628906 -1311.84912109375 -1321.28503417969 -1287.2734375 -1302.20166015625 -1302.28735351562 -1281.39282226562 -1265.2568359375 -1294.32495117188 -1258.05114746094 -1244.87072753906 -1252.37231445312 -1244.27575683594 -1196.04541015625 -1169.55725097656 -1213.51928710938 -1273.50622558594 -1259.01916503906 -1202.99499511719 -1173.642578125 -1145.48828125 -1135.59362792969 -1127.59033203125 -1114.97937011719 -1139.00573730469 -1135.22534179688 -1144.38330078125 -1110.06408691406 -1095.10693359375 -1085.31323242188 -1081.3896484375 -1065.89611816406 -1067.76525878906 -1064.64904785156 -1088.55725097656 -1102.77978515625 -1099.33166503906 -1097.5810546875
