Dropbox/GRP Data/GRP mammal paper/NN_analysis/DATA/2012 input files not used in 2014 analyses/yo_c_bio_12_OLD.asc
ncols         225
nrows         140
xllcorner     -70621.9986746
yllcorner     -76881.261089429
cellsize      824.83574679378
NODATA_value  -9999
[rows 0 to 28 of 140, columns 128 to 191 of 225]
-9999 -9999 -9999 -9999 -9999 -9999 -9999 -9999 -9999 -9999 -9999 -9999 -9999 -9999 -9999 -9999 -9999 -9999 -9999 -9999 -9999 -9999 -9999 -9999 -9999 -9999 -9999 -9999 -9999 -9999 -9999 -9999 -9999 -9999 -9999 -9999 -9999 -9999 -9999 -9999 -9999 -9999 -9999 -9999 -9999 -9999 -9999 -9999 -9999 -9999 -9999 -9999 -9999 -9999 -9999 -9999 -9999 -9999 -9999 -9999 -9999 -9999 -9999 -9999
109720.1 101098.2 92871.69 87647.25 81995.87 -9999 -9999 -9999 -9999 -9999 -9999 -9999 -9999 -9999 -9999 -9999 -9999 -9999 -9999 -9999 -9999 -9999 -9999 -9999 -9999 -9999 -9999 -9999 -9999 -9999 -9999 -9999 -9999 -9999 -9999 -9999 -9999 -9999 -9999 -9999 -9999 -9999 -9999 -9999 -9999 -9999 -9999 -9999 -9999 -9999 -9999 -9999 -9999 -9999 -9999 -9999 -9999 -9999 -9999 -9999 -9999 -9999 -9999 -9999
108115.8 99640.66 92012.12 86339.04 80818.45 75886.1 72201.04 70004.85 69962.84 -9999 -9999 -9999 -9999 -9999 -9999 -9999 -9999 -9999 -9999 -9999 -9999 -9999 -9999 -9999 -9999 -9999 -9999 -9999 -9999 -9999 -9999 -9999 -9999 -9999 -9999 -9999 -9999 -9999 -9999 -9999 -9999 -9999 -9999 -9999 -9999 -9999 -9999 -9999 -9999 -9999 -9999 -9999 -9999 -9999 -9999 -9999 -9999 -9999 -9999 -9999 -9999 -9999 -9999 -9999
105987.7 98351.91 91000.11 85126.96 79868.99 75239.25 72437.16 71454.2 72639.66 74208.81 74657.13 -9999 -9999 -9999 -9999 -9999 -9999 -9999 -9999 -9999 -9999 -9999 -9999 -9999 -9999 -9999 -9999 -9999 -9999 -9999 -9999 -9999 -9999 -9999 -9999 -9999 -9999 -9999 -9999 -9999 -9999 -9999 -9999 -9999 -9999 -9999 -9999 -9999 -9999 -9999 -9999 -9999 -9999 -9999 -9999 -9999 -9999 -9999 -9999 -9999 -9999 -9999 -9999 -9999
102250.5 96253.48 89874.88 84188.82 79192.81 75523.73 73681.27 73896.29 75999.75 77915.65 78158.86 75411.72 70796.38 65856.86 -9999 -9999 -9999 -9999 -9999 -9999 -9999 -9999 -9999 -9999 -9999 -9999 -9999 -9999 -9999 -9999 -9999 -9999 -9999 -9999 -9999 -9999 -9999 -9999 -9999 -9999 -9999 -9999 -9999 -9999 -9999 -9999 -9999 -9999 -9999 -9999 -9999 -9999 -9999 -9999 -9999 -9999 -9999 -9999 -9999 -9999 -9999 -9999 -9999 -9999
96820.44 93229.16 88951.38 83762.74 79188.25 76411.69 75325.72 76586.8 79424.61 81912.8 82026.7 78280.86 72158.2 68068.47 64836.35 63895.96 -9999 -9999 -9999 -9999 -9999 -9999 -9999 -9999 -9999 -9999 -9999 -9999 -9999 -9999 -9999 -9999 -9999 -9999 -9999 -9999 -9999 -9999 -9999 -9999 -9999 -9999 -9999 -9999 -9999 -9999 -9999 -9999 -9999 -9999 -9999 -9999 -9999 -9999 -9999 -9999 -9999 -9999 -9999 -9999 -9999 -9999 -9999 -9999
91629.77 90843.48 88810.74 84088.82 80052.91 77719.49 77051.95 79216.55 82696.07 86159.87 86702.04 82134.75 74341.57 68659.79 65614.89 65013.7 64094.98 63089.46 62743.81 -9999 -9999 -9999 -9999 -9999 -9999 -9999 -9999 -9999 -9999 -9999 -9999 -9999 -9999 -9999 -9999 -9999 -9999 -9999 -9999 -9999 -9999 -9999 -9999 -9999 -9999 -9999 -9999 -9999 -9999 -9999 -9999 -9999 -9999 -9999 -9999 -9999 -9999 -9999 -9999 -9999 -9999 -9999 -9999 -9999
90247.93 91338.74 90573.27 85367.45 81263.5 79368.91 78867.89 81433.09 86321.74 88468.45 90556.84 84834.05 76730.02 70004.48 66200.67 64628.91 63795.75 62343.31 62222.88 61292.19 60281.14 59233.29 -9999 -9999 -9999 -9999 -9999 -9999 -9999 -9999 -9999 -9999 -9999 -9999 -9999 -9999 -9999 -9999 -9999 -9999 -9999 -9999 -9999 -9999 -9999 -9999 -9999 -9999 -9999 -9999 -9999 -9999 -9999 -9999 -9999 -9999 -9999 -9999 -9999 -9999 -9999 -9999 -9999 -9999
96925.41 97310.86 95873.98 89291.98 82760.73 80243.71 80249.13 84663.81 89715.25 91874.55 93282.39 89031.99 79268.49 71743.83 66536.89 64799.64 63898.71 62486.93 61498.06 60659.54 59967.64 58862.05 58723.06 58015.55 -9999 -9999 -9999 -9999 -9999 -9999 -9999 -9999 -9999 -9999 -9999 -9999 -9999 -9999 -9999 -9999 -9999 -9999 -9999 -9999 -9999 -9999 -9999 -9999 -9999 -9999 -9999 -9999 -9999 -9999 -9999 -9999 -9999 -9999 -9999 -9999 -9999 -9999 -9999 -9999
110816.4 109102.1 103560 94398.34 85236.64 81329.23 82070.88 87003.09 91699.8 98330.04 97235.74 90611.7 80257.9 72053.2 67771.5 64374.8 63295.7 62474.13 61142.29 60262.67 60092 59903.91 59160.21 58546.23 57290.14 56471.79 54230.09 -9999 -9999 -9999 -9999 -9999 -9999 -9999 -9999 -9999 -9999 -9999 -9999 -9999 -9999 -9999 -9999 -9999 -9999 -9999 -9999 -9999 -9999 -9999 -9999 -9999 -9999 -9999 -9999 -9999 -9999 -9999 -9999 -9999 -9999 -9999 -9999 -9999
124271.2 120385.7 110721.8 99048.12 88659.84 83208.38 84392.08 88818.2 95417.23 103292.5 100735.5 94545.5 84529.46 74343.02 67749.22 65223.16 63249.08 62298.7 61183.99 61243.32 61904.29 62017.07 61195.82 59725.8 57491.33 56346.45 54759.94 51209.85 45054.85 -9999 -9999 -9999 -9999 -9999 -9999 -9999 -9999 -9999 -9999 -9999 -9999 -9999 -9999 -9999 -9999 -9999 -9999 -9999 -9999 -9999 -9999 -9999 -9999 -9999 -9999 -9999 -9999 -9999 -9999 -9999 -9999 -9999 -9999 -9999
133319.1 127176.8 114940 100941.4 90208.32 84503.06 85763.41 91939.17 100373.4 109379.1 107234.2 100956.8 88720.52 75619.56 67732.69 65409.61 63186.87 62228.3 62043.31 62808.36 63674.79 64031.66 62720.07 61142.63 58964.3 56683.95 55166.4 51866.52 46648.02 40440.2 35699.72 31498.19 -9999 -9999 -9999 -9999 -9999 -9999 -9999 -9999 -9999 -9999 -9999 -9999 -9999 -9999 -9999 -9999 -9999 -9999 -9999 -9999 -9999 -9999 -9999 -9999 -9999 -9999 -9999 -9999 -9999 -9999 -9999 -9999
137117.7 128401.6 115000.3 100352.4 90018.49 85243.91 86591.22 93728.33 103929.5 114494.6 113928.8 106766.5 93025.64 78840.98 69670.97 65761.47 63814.99 63277.66 63736.74 64762.89 66550.84 66967.51 65777.68 62210.28 59581.25 56910.59 55613.73 52291.95 47467.22 41446.64 35873.09 30908.83 27122.56 25066.28 -9999 -9999 -9999 -9999 -9999 -9999 -9999 -9999 -9999 -9999 -9999 -9999 -9999 -9999 -9999 -9999 -9999 -9999 -9999 -9999 -9999 -9999 -9999 -9999 -9999 -9999 -9999 -9999 -9999 -9999
135863.4 124561.7 111145.2 97612.73 88649.78 85309.95 87264.69 95038.13 107191 118453.8 117693.6 110050.2 95937.59 81768.35 72374.48 67745.12 65949.72 65573.33 65983.13 67431.88 68882.96 68653.79 66347.54 61954.25 59649.63 56223.54 55199.91 52499 48178.69 41756.36 35300.54 30168.34 26658.89 24900.39 24030.68 23716.46 23557.34 -9999 -9999 -9999 -9999 -9999 -9999 -9999 -9999 -9999 -9999 -9999 -9999 -9999 -9999 -9999 -9999 -9999 -9999 -9999 -9999 -9999 -9999 -9999 -9999 -9999 -9999 -9999
131804.3 119384.8 105195.9 94145.76 87235.83 85009.23 87881.5 98431.82 113289.4 120585.3 117609.7 110295.7 99030.07 88128.52 80182.26 74170.09 70196.39 69048.42 68901.48 69766.28 69005.45 67307.05 64391.38 60558.43 57955.61 55284.65 54315.06 51703.5 47970.91 41496.88 34490.3 29344.59 26336.98 24966.59 24226.74 23921.72 23742.58 23402.98 23360.56 -9999 -9999 -9999 -9999 -9999 -9999 -9999 -9999 -9999 -9999 -9999 -9999 -9999 -9999 -9999 -9999 -9999 -9999 -9999 -9999 -9999 -9999 -9999 -9999 -9999
129274.2 117639.9 100866.4 92296.05 87217.73 85828.65 89868.71 105676.4 122311.3 121656.1 116844 110563.8 105214.7 100153.6 93904.52 83045.69 75882.81 73224.56 71916.52 70059.58 66734.85 63246.64 60394.77 57341.03 54877.48 54530.68 53212.12 49814.42 45999.89 40081.04 33315.32 28643.38 26209.66 25142.19 24457.15 24123.86 23921.04 23613.57 23501.48 23769.33 24968.49 27095.51 -9999 -9999 -9999 -9999 -9999 -9999 -9999 -9999 -9999 -9999 -9999 -9999 -9999 -9999 -9999 -9999 -9999 -9999 -9999 -9999 -9999 -9999
131696.1 119161.2 102439.6 93129.77 89026.25 89783.63 96718.85 116454.2 129947.8 126989.5 121458.6 117276.2 114857.7 110843.3 104653.8 88482.7 81394.99 76996.02 73435.97 67754.94 62760.38 57736.97 54013.23 52295.41 52802.63 53467.88 51867.46 48010.14 43309.32 37611.36 31713.49 28218.2 26327.84 25391.47 24666.44 24284.85 24119.8 23860.93 23722.44 24188.46 25558.76 27867.68 31058.49 34364.09 -9999 -9999 -9999 -9999 -9999 -9999 -9999 -9999 -9999 -9999 -9999 -9999 -9999 -9999 -9999 -9999 -9999 -9999 -9999 -9999
135734.3 121884.1 104817.3 95989.67 92004.27 95536.6 107899.8 125759 140669 138350 132437.3 130015.4 128969.6 125202.6 116852.6 99839.88 87356.92 79592.55 73009.2 64557.8 56789.96 50926 49891.05 50559.2 51576.61 52099.93 51474.49 47838.65 42640.8 36450.01 30992.8 28127.59 26677.38 25715.72 24943.07 24533.47 24413.65 24220.57 24103.69 24718.31 26200.37 28510.44 31774.51 34914.14 37130.52 38484.28 39745.77 -9999 -9999 -9999 -9999 -9999 -9999 -9999 -9999 -9999 -9999 -9999 -9999 -9999 -9999 -9999 -9999 -9999
136874.9 124982.5 108549.8 99283.38 95189.55 99803.47 113752.3 131570.3 151351.1 150370.5 144119.1 140427.4 138530.2 134071.6 124343.5 107283 93646.34 82909.22 71589.28 60893.87 52385.73 48697.42 48867.62 49835.14 51039.15 52020.78 51820.74 50044.72 44083.79 36871.68 31295.04 28500.21 27224.51 26005.37 25335.51 24787.93 24672.94 24645.13 24615.39 25182.02 26760.32 28927.35 32432.62 35453.44 37409.3 38656.11 39142 40839.34 43004.95 -9999 -9999 -9999 -9999 -9999 -9999 -9999 -9999 -9999 -9999 -9999 -9999 -9999 -9999 -9999
140777.3 131091.4 115705.1 105503.2 100307.9 104196.3 117379.3 131237.6 154329.3 158354.1 153284.9 146663 142913.8 137503.1 128178.7 111238.5 97581.52 85246.38 69686.99 57707.57 51636.21 51171.78 52305.86 52605.23 53154.45 53764.69 54128.68 52543 46256.33 38183.43 31991.15 29111.63 27733.65 26565.48 25755.22 25384.39 25218.88 25046.81 25276.07 25858.01 27463.43 29738.75 32976.78 35921.27 37943.45 38740.18 38709.52 39362.27 40909.41 42937.53 45628.38 46145.15 -9999 -9999 -9999 -9999 -9999 -9999 -9999 -9999 -9999 -9999 -9999 -9999
150204.7 140349.4 126342 112780.9 104942.1 107659.6 119607.3 131538.9 152043.8 162523.6 160465.8 152946 147403.1 141998.3 131519.2 113347.9 99216.2 84657.96 67710.4 57495.4 56351.12 58725.45 60477.5 59982.8 56931.99 55438.73 55510.38 54231.39 47939.48 39472.67 33204.9 29781.66 28159.07 27135.45 26342.65 26027.4 25879.55 25707.85 25806.69 26792.86 28397.33 30784.93 33714.84 36568.71 38257.94 38734.29 38488.11 38812.64 39522.68 40100.53 41514.41 41667.24 40873.63 39865.72 39052.17 -9999 -9999 -9999 -9999 -9999 -9999 -9999 -9999 -9999
158689.6 150494.3 137881.7 122821.8 112655.4 111746.4 121102.1 131941.8 147960.6 163372.2 165935.2 159880 152859.2 145596.2 133075.5 114990.2 99747.6 81105.79 67442.11 62968.58 65357.91 69307.79 68792.91 65114.09 61072.74 57782.25 56148.16 55058.46 49265.64 40752.39 34538.1 30972.57 29062.25 27974.61 27278.69 26929.55 26781.41 26677.41 26682.03 27619.82 29420.86 31769.1 34336.38 36620.54 38305.95 38849.77 38679.11 38572.73 38834.98 38775.31 38849.59 38720.93 38200.86 37066.84 35985.8 34813.48 33990.64 -9999 -9999 -9999 -9999 -9999 -9999 -9999
164042.7 158593.8 148814.1 135552.1 123172.8 117479.3 122911.9 132190.2 145018.1 161160.2 169299.3 165749.2 157930.2 148530 134669.8 115290.6 96723.64 80278.14 74742.02 76748.81 80000.87 80873.22 76600.63 69772.8 65270.5 59811.64 56262.93 55507.03 50233.72 42250.91 36843.81 33582.11 31486.96 30130.36 29110.35 28422.84 28013.62 27787.25 27788.53 28602.54 30246.68 32192.4 34438.73 36438.19 37719 38452.77 38456.01 38271.6 38304.36 37937.91 37262.33 36600.57 35877.3 34939.88 33971.82 33132.62 32380.86 31308.53 30280.26 29576.97 -9999 -9999 -9999 -9999
167419.1 163518.9 157720.7 148469.8 135841.8 126650.5 126203.4 132748.7 143065.5 156549.3 167864 165927 158535.7 147527.5 132401.3 112674.5 95581.2 89346.63 93547.72 98656.3 99530.34 94191.56 84154.2 74652.36 68432 61394.11 56115.54 55720.74 50862.19 43983.04 40059.74 37747.7 35754.98 34164.78 32519.84 31038.96 29978.25 29430.1 29359.11 30037.67 31210.49 32748.84 34329.99 35871.67 36763.47 37622.32 38030.8 37977.66 37738.26 37036.08 36344.28 35444.66 34664.05 33762.56 32916.5 32205.2 31327.6 30200.19 29403.76 28685.1 28240.12 28140.45 -9999 -9999
168520.1 166355.8 163363.2 158754.8 150101.9 139272 131605.8 134109.3 140713.2 151047.3 159678.3 157882.8 151131.8 139261.2 124609.7 111540.9 106046 111258.3 120807.5 123783.7 119536.5 107180 90313.36 77883.2 69609.27 62029.89 55971.7 55506.61 51006.04 45818.22 43562.28 42356.7 40756.03 39074.96 36858.85 34433.31 32539.98 31624.38 31434.39 32088.55 32699.95 33574.32 34502.07 35306.7 36192.21 37104.39 37746.71 37771.86 37173.83 36380.44 35780.57 34980.66 34146.61 33320.99 32597.83 31803.57 30974.57 29922.39 28972.77 28295.84 27936.29 27974.02 27998.58 27985.5
167365.6 167816.8 167938.7 165773 159293.2 148384.7 138726.6 137310.4 139968.6 146652.7 149222.7 147477.2 138608.3 129247.4 123051 122513.7 128024.4 139153.6 145436.6 142559.6 132543.6 112142.9 92191.87 77823.69 68521.13 60114.72 55698.69 54497.73 50824.17 47848.41 46964.02 46219.48 44948.45 43205.63 40761.2 37833.3 35346.22 34295.49 34144.28 34872.91 34942.59 34862.82 35302.34 35388.36 36340 37216.67 37763.79 37513.02 36622.73 35963.92 35389.85 34907.5 34098.62 33276.92 32626.66 31889.3 31161.39 30244.33 29025.12 28382.93 28005.91 27953.91 28073.16 28000.38
166955.9 169561.3 171636.1 171091.5 166243.4 157728.3 147278 142894 141553 145403.1 146235.9 141618 132180 126519.6 130429.3 139223.2 146870.9 152941.8 152257.2 144141.1 128097.3 104668.7 86992.21 73764.95 63575.54 55340.2 54180.47 52302.74 51381.75 50545.09 50364.89 49610.59 48162.59 46201.5 43818.71 40970.82 38456.48 37664.49 37718.45 38352.05 37919.16 37162.31 36791.25 36404.83 37017.82 37788.66 38154.88 37320.44 36380.13 35696.75 35384.32 35206.55 34601.88 33780.46 33135.21 32585.36 31767.19 30707.55 29422.44 28766.95 28294.97 28088.59 28156.07 28008.79
166310.8 170581.5 174548.3 175179.1 171615.5 164922.3 155174.5 150571.7 146775.7 149600.4 149273.4 143985.5 136602.9 132744 139737.6 147633 151881.6 148399.5 136726.3 119025.7 100357.7 83285.63 70832.42 60104.37 51930.56 50676.83 49116.29 50387.85 52066.59 53418.45 53813.48 52929.87 51658.86 49386.64 46338.04 43312.6 41699.25 41227.26 41276.1 41855.3 41299.58 39847.55 38682.52 38107.46 38214.68 39018.89 39140.45 38093.89 37241.1 36291.02 36242.07 36010.39 35430.85 35057.53 34510.98 33852.82 32745.04 31290.15 29938.16 29260.43 28742.13 28383.58 28325.95 28186.25
165139.2 169915.2 174645 176688.7 175521.4 170304.6 161688.8 157231.4 151671.8 152837.5 152784.3 149790.7 145591.7 140025.1 143292.3 145960 142252.7 127700.8 109437.9 90458.19 75505.72 64444.2 55704.24 49348.77 47156.13 47833.01 48759.1 51573.61 55209.37 56658.43 56863.75 56017.82 54803.88 52910.11 50325.17 47121.12 45200.95 44726.74 45479.05 45795.05 44697.98 42895.53 40891.28 39799.71 39450.57 39866.3 40772.83 40408.57 39259.92 38053.37 37436.7 36918.81 36184 35882.77 35543.05 34741.75 33364.35 31934.63 30570.93 29728.93 29228.23 28773.67 28539.48 28179.34
