Dropbox/GRP Data/GRP mammal paper/NN_analysis/DATA/2012 input files not used in 2014 analyses/yo_c_bio_5_OLD.asc
ncols         226
nrows         141
xllcorner     -70621.9986746
yllcorner     -77191.4869234
cellsize      821.1860311
NODATA_value  -9999
[rows 29 to 57 of 141, columns 128 to 191 of 226]
1839.278 1773.097 1755.228 1707.868 1754.613 1692.392 1639.244 1741.042 1772.512 1740.935 1763.306 1764.276 1750.643 1800.258 1910.501 1935.85 1817.515 1975.603 2156.763 2250.708 2297.401 2313.274 2396.8 2491.836 2507.888 2515.529 2455.862 2394.511 2280.156 2173.358 2191.023 2240.71 2342.829 2413.225 2497.612 2536.932 2597.058 2607.524 2584.655 2553.51 2582.963 2562.3 2610.487 2647.404 2655.854 2629.526 2631.229 2634.662 2579.367 2546.784 2607.688 2644.063 2612.518 2576.303 2514.987 2458.586 2554.773 2558.976 2627.539 2711.372 2705.722 2716.96 2784.931 2765.206
1800.109 1735.744 1789.122 1768.445 1803.528 1711.834 1715.939 1738.481 1714.286 1652.166 1738.722 1789.045 1755.871 1816.042 1889.673 1872.174 1881.88 2093.992 2081.286 2150.019 2102.547 2071.881 2225.359 2323.052 2364.064 2353.377 2225.726 2116.566 2035.569 1998.897 2076.26 2058.803 2128.736 2233.274 2350.586 2378.215 2489.595 2515.183 2520.021 2547.621 2545.43 2570.111 2595.969 2633.399 2621.784 2606.915 2604.445 2610.714 2564.946 2490.229 2550.496 2616.52 2643.113 2642.362 2612.763 2567.378 2584.334 2595.731 2651.325 2737.304 2750.546 2793.62 2828.345 2851.688
1788.085 1777.127 1850.088 1835.632 1791.386 1757.084 1821.091 1753.456 1711.58 1697.146 1745.138 1817.667 1822.271 1877.275 1883.911 1852.265 1940.066 2114.815 1940.092 1973.205 1889.249 1869.416 2059.381 2164.327 2239.669 2137.763 2142.945 1948.235 1793.574 1848.199 1988.807 1917.812 1912.731 2037.307 2143.06 2239.011 2385.61 2440.92 2510.809 2519.474 2510.421 2546.516 2581.253 2586.532 2587.678 2573.006 2562.965 2581.848 2548.688 2476.796 2464.379 2520.252 2601.747 2673.547 2707.932 2702.023 2678.593 2665.417 2726.213 2777.469 2835.991 2875.507 2898.033 2923.051
1824.149 1876.669 1880.582 1835.237 1772.986 1813.472 1838.56 1748.465 1727.237 1823.306 1827.134 1820.057 1849.795 1892.89 1874.291 1876.488 1960.339 2030.923 1854.057 1848.946 1762.951 1776.985 1930.937 2052.281 2198.28 1974.018 2120.059 1973.94 1705.856 1743.032 1913.304 1819.139 1769.955 1931.653 2099.734 2259.678 2386.907 2443.791 2484.408 2470.397 2485.328 2513.157 2534.668 2546.803 2570.219 2552.767 2512.047 2522.991 2525.884 2466.44 2427.014 2454.62 2561.946 2673.814 2743.224 2776.082 2780.575 2780.59 2818.084 2841.699 2883.041 2914.354 2940.887 2968.128
1864.097 1912.804 1837.964 1776.765 1813.662 1897.861 1822.697 1730.415 1759.615 1877.184 1832.961 1785.539 1852.02 1900.423 1874.417 1821.956 1863.748 1913.437 1808.653 1787.235 1649.732 1700.075 1779.022 1895.38 2118.532 1897.607 1988.071 2047.522 1791.193 1708.828 1850.527 1760.605 1761.333 2021.036 2254.786 2372.789 2413.478 2439.965 2426.981 2433.638 2467.946 2477.201 2482.6 2527.273 2558.804 2537.817 2466.608 2460.963 2494.53 2462.209 2455.448 2452.764 2540.064 2649.834 2721.773 2766.987 2801.667 2850.457 2873.297 2891.002 2910.207 2936.039 2963.075 2986.231
1897.718 1882.073 1784.055 1786.383 1897.728 1906.417 1808.819 1757.873 1869.487 1866.642 1741.182 1829.283 1854.139 1896.482 1820.951 1696.304 1790.89 1816.974 1770.146 1746.833 1613.567 1664.736 1637.271 1737.887 1916.534 1868.655 1848.516 1987.672 1850.315 1698.507 1771.943 1758.931 1905.252 2244.681 2363.124 2347.869 2302.665 2336.327 2378.104 2409.801 2444.268 2439.856 2449.634 2499.602 2537.538 2514.702 2453.26 2453.861 2482.291 2492.502 2517.998 2507.918 2538.632 2622.238 2680.47 2719.782 2766.505 2869.403 2903.423 2924.576 2938.688 2957.358 2979.417 2994.595
1898.987 1857.502 1856.285 1874.427 1959.527 1883.654 1834.978 1852.218 1898.822 1756.584 1752.677 1888.79 1913.975 1880.08 1792.151 1758.973 1724.967 1717.874 1830.542 1833.561 1802.826 1763.829 1625.81 1582.416 1715.186 1882.559 1808.261 1858.045 1767.337 1601.031 1644.114 1810.737 2116.988 2312.041 2289.346 2159.304 2146.511 2267.738 2316.517 2352.36 2400.262 2426.362 2405.287 2451.622 2508.208 2493.188 2478.313 2517.729 2530.856 2555.818 2587.11 2602.5 2581.735 2630.816 2678.562 2723.012 2782.93 2893.519 2935.115 2953.737 2965.735 2977.684 2992.534 3002.738
1899.068 1879.066 1864.338 1903.529 1983.555 1907.035 1895.095 1923.936 1925.462 1834.583 1835.792 1928.06 1916.345 1881.704 1817.042 1750.544 1633.544 1677.558 1903.01 1831.458 1782.262 1751.732 1703.908 1531.827 1567.681 1695.937 1686.957 1671.749 1692.295 1815.057 1922.102 2059.607 2232.668 2284.737 2049.327 1910.608 2032.305 2161.839 2236.003 2289.161 2355.055 2384.865 2395.936 2427.249 2462.866 2469.815 2489.553 2587.783 2631.001 2609.31 2661.059 2691.518 2675.137 2705.323 2761.599 2828.227 2890.535 2937.111 2960.766 2972.409 2982.863 2994.862 3001.637 3008.786
1891.15 1883.728 1930.93 1989.768 1976.482 1961.56 1952.397 1968.204 1941.89 1864.894 1900.084 1922.106 1844.108 1802.729 1800.287 1750.651 1686.268 1790.722 1904.488 1822.856 1722.495 1714.091 1765.513 1624.746 1652.037 1664.21 1505.813 1506.208 1677.606 1825.642 1967.376 2131.367 2176.846 2230.386 2021.025 1852.711 1956.575 2078.548 2163.097 2238.387 2326.906 2360.329 2344.205 2383.49 2426.716 2474.636 2542.054 2669.132 2710.194 2712.894 2686.477 2712.19 2728.529 2796.927 2848.161 2901.941 2931.423 2963.377 2986.464 2995.487 2999.505 3010.593 3016.755 3017.796
1861.634 1914.794 2015.37 2023.774 1973.167 1984.905 1950.065 1914.423 1886.348 1901.935 1940.431 1905.162 1855.108 1807.722 1791.823 1763.733 1766.324 1895.271 1856.005 1745.658 1710.907 1782.129 1754.055 1620.226 1721.917 1730.588 1501.634 1580.194 1673.089 1847.009 1976.931 2023.254 2108.01 2191.088 2012.582 1846.24 1904.64 1985.931 2084.171 2197.293 2261.096 2278.728 2307.854 2344.142 2425.073 2538.727 2635.481 2753.541 2789.546 2792.754 2755.582 2781.165 2770.869 2818.372 2895.342 2933.39 2964.135 2989.705 3002.433 2996.012 3007.347 3018.624 3024.862 3025.382
1877.67 1957.839 2068.444 2019.69 1963.47 1958.991 1930.838 1873.791 1860.344 1940.254 1964.896 1910.66 1862.897 1830.859 1817.658 1810.249 1871.438 1904.757 1804.466 1754.042 1751.782 1817.622 1667.017 1637.025 1801.711 1797.216 1570.349 1734.522 1771.164 1831.227 1843.405 1892.036 2065.946 2126.721 1928.251 1754.877 1804.895 1924.661 2028.795 2158.408 2248.513 2260.912 2274.247 2352.895 2444.225 2592.334 2740.683 2828.401 2841.787 2855.828 2832.752 2844.959 2837.924 2869.603 2922.625 2957.221 2984.206 2992.427 3002.978 3011.584 3021.023 3026.619 3032.533 3038.514
1972.441 2035.891 2082.551 2000.077 1956.622 1929.725 1912.321 1867.437 1895.422 1964.938 1963.478 1921.648 1857.441 1842.963 1846.54 1877.198 1920.383 1861.132 1796.459 1784.745 1813.678 1807.403 1664.533 1744.773 1854.28 1779.432 1653.494 1817.232 1867.127 1802.855 1720.429 1809.588 1990.578 2046.975 1848.013 1727.615 1796.272 1976.744 2097.165 2177.372 2218.658 2230.84 2273.496 2370.277 2477.708 2660.397 2792.635 2859.973 2868.064 2879.221 2879.485 2890.417 2901.678 2921.195 2951.627 2973.432 2994.718 3005.532 3009.458 3020.947 3031.73 3038.37 3039.7 3041.569
2085.49 2111.557 2064.898 1977.769 1967.402 1940.513 1914.078 1888.56 1955.002 1980.838 1951.171 1929.389 1888.476 1868.595 1871.949 1935.362 1898.677 1825.587 1794.461 1759.621 1861.781 1814.129 1766.856 1865.806 1838.703 1704.49 1694.77 1799.108 1916.306 1856.754 1770.369 1839.179 1936.795 1904.381 1834.957 1848.34 1921.915 2067.613 2149.961 2143.26 2148.401 2191.197 2264.641 2321 2464.124 2706.939 2823.703 2863.951 2877.738 2892.804 2903.851 2916.164 2937.15 2952.127 2967.717 2987.568 3004.261 3016.177 3017.28 3023.624 3038.633 3041.533 3041.26 3041.71
2120.106 2047.933 2026.621 2003.5 1986.279 1976.431 1981.408 1986.816 2015.019 1996.304 1970.649 1964.654 1941.261 1920.224 1929.482 1962.005 1890.859 1821.265 1748.844 1729.217 1861.746 1874.853 1852.442 1908.653 1793.204 1659.176 1707.999 1793.237 1964.671 1969.768 1900.61 1885.031 1895.918 1776.221 1851.458 1938.475 2023.136 2057.218 2069.62 2029.703 2089.497 2176.576 2238.648 2247.192 2395.156 2698.62 2832.273 2854.885 2878.469 2901.136 2916.948 2932.835 2949.121 2959.063 2971.485 2990.959 3007.611 3019.668 3020.469 3022.065 3033.269 3040.996 3040.947 3040.983
2099.19 2077.343 2103.848 2077.243 2038.296 2025.374 2018.888 2016.611 2008.37 1989.027 2001.178 2006.217 1957.011 1995.984 2001.094 1934.353 1891.23 1857.177 1760.095 1750.864 1800.508 1964.559 1902.13 1927 1810.762 1676.877 1801.527 1927.648 2032.695 1992.199 1866.018 1760.921 1757.006 1796.326 1825.283 1824.379 1947.787 1956.251 1987.185 2022.288 2148.428 2262.517 2311.93 2320.888 2403.371 2664.427 2804.702 2844.738 2879.818 2903.301 2925.205 2945.866 2947.102 2931.416 2945.062 2978.931 3005.536 3019.14 3020.04 3021.182 3031.141 3040.44 3040.449 3040.213
2066.112 2031.275 2004.426 1984.455 1927.01 1894.12 1899.064 1997.131 2041.282 2025.408 2080.708 2003.766 2063.251 2076.227 1978.497 1910.186 1857.891 1839.224 1787.182 1806.924 1858.345 1997.484 1956.88 1941.73 1851.888 1750.277 1880.963 2040.235 2094.938 2009.725 1827.128 1638.306 1655.26 1774.34 1788.529 1824.074 1895.088 2028.802 2174.337 2296.82 2367.409 2487.479 2554.044 2579.687 2590.585 2659.275 2776.518 2851.485 2892.569 2914.907 2935.34 2949.597 2935.451 2881.255 2890.866 2960.723 3003.01 3018.15 3019.804 3021.835 3039.028 3037.999 3039.842 3037.856
2053.299 2004.022 1985.645 1945.401 1898.26 1870.752 1863.015 1963.943 2108.778 2155.666 2128.723 2079.028 2000.377 1935.247 1883.112 1861.711 1848.123 1861.355 1804.531 1749.261 1918.165 2015.288 1969.002 1964.331 1895.933 1909.461 2074.272 2131.62 2074.547 1979.164 1876.099 1644.382 1602.212 1733.711 1848.043 2072.845 2239.84 2360.488 2463.917 2468.455 2396.546 2377.004 2373.788 2446.594 2507.322 2626.356 2784.141 2872.395 2914.344 2939.363 2952.639 2944.54 2933.579 2883.845 2889.324 2958.783 2999.517 3017.233 3019.769 3019.47 3035.556 3032.332 3037.992 3031.601
2062.554 1980.196 1922.144 1905.341 1895.211 1924.888 1930.882 2054.25 2183.456 2176.208 2094.29 2038.557 1964.586 1924.137 1879.419 1842.73 1888.771 1878.648 1807.968 1819.969 2013.621 2014.511 1981.186 1974.367 1968.62 2089.254 2140.492 2081.009 1930.821 1832.335 1838.256 1693.781 1577.6 1737.538 1997.789 2278.327 2286.44 2208.611 2208.436 2130.582 2005.964 2143.28 2097.705 2196.098 2283.427 2495.444 2736.226 2858.749 2917.551 2947.484 2969.216 2980.423 2987.4 2969.56 2968.86 2996.453 3014.252 3019.641 3019.218 3011.202 3027.361 3027.129 3028.638 3023.288
2074.251 1957.268 1909.856 1926.821 1979.379 2025.265 2062.994 2147.215 2160.945 2101.198 2002.073 2006.947 1968.057 1942.496 1903.198 1836.722 1860.488 1942.9 1891.464 1991.881 2059.27 1988.263 2021.076 2042.057 2083.326 2133.141 2044.127 2010.253 1957.716 1860.535 1772.013 1691.129 1633.801 1881.851 2125.173 2165.972 1975.667 1904.038 2027.284 1900.744 1808.432 1981.539 1909.945 2025.539 2089.446 2228.978 2546.886 2782.95 2920.737 2964.417 2978.505 2989.832 2999.03 2997.29 2997.245 3010.506 3019.769 3019.878 3010.908 3018.101 3006.711 2997.274 3014.459 3018.776
2079.793 1978.039 1968.107 2032.632 2124.001 2152.131 2162.203 2168.334 2111.122 2028.321 1947.432 1956.538 1929.896 1897.758 1896.732 1849.329 1849.442 1923.15 1999.752 2070.287 2021.233 1975.491 2033.609 2118.357 2142.619 2094.442 2015.234 1990.408 1954.781 1915.839 1827.349 1733.31 1728.758 1899.201 1929.934 1919.357 1790.827 1803.985 1966.956 1770.956 1717.291 1795.814 1789.006 1867.321 1971.022 2111.623 2357.239 2626.574 2879.758 2971.642 2987.302 2999.399 3014.661 3008.638 3011.94 3018.662 3020.483 3013.721 3002.397 3018.353 2995.61 2980.742 3008.255 3018.02
2098.334 2040.037 2073.583 2172.704 2239.739 2248.747 2200.592 2140.724 2058.919 1994.575 1972.015 1923.474 1877.655 1830.953 1851.121 1882.412 1877.201 1916.683 2070.925 2034.57 1984.773 2004.055 2079.956 2153.325 2115.481 2049.604 2011.896 1981.987 1929.619 1904.765 1849.628 1791.248 1811.83 1857.167 1783.548 1675.208 1676.419 1839.204 1898.916 1679.793 1584.254 1627.209 1697.465 1775.684 1903.53 2062.582 2307.18 2527.45 2778.169 2956.194 2995.729 3008.133 3025.609 3015.708 3012.512 3017.764 3016.084 3005.388 3000.247 3005.05 2994.022 2981.561 3018.071 3025.143
2147.513 2103.218 2196.315 2285.885 2285.293 2263.122 2185.45 2095.253 1993.383 1999.708 1995.994 1936.059 1858.81 1810.079 1817.186 1920.991 1921.162 2006.375 2071.905 1990.934 2010.246 2076.08 2155.527 2134.836 2060.483 2030.815 1979.831 1928.084 1854.698 1826.656 1769.102 1791.247 1847.392 1848.23 1810.847 1635.314 1633.186 1837.816 1836.366 1654.923 1496.241 1515.824 1643.752 1742.551 1870.77 2022.652 2247.748 2451.56 2657.71 2899.581 3000.92 3016.096 3020.715 3020.039 3012.347 3011.131 3004.907 2991.267 2988.591 2988.276 2998.252 3000.105 3019.635 3024.758
2197.359 2172.818 2285.09 2368.05 2313.665 2226.112 2087.672 2008.52 1982.688 2056.561 1924.127 1905.958 1846.882 1825.864 1851.083 1944.633 1987.979 2076.677 2022.03 2028.771 2079.706 2150.68 2161.752 2091.871 2045.619 2027.299 1941.576 1827.854 1745.426 1775.041 1699.566 1742.59 1828.465 1850.612 1861.142 1792.249 1685.16 1767.844 1826.946 1724.008 1546.594 1487.819 1611.992 1680.368 1829.926 1974.228 2124.68 2321.021 2492.838 2777.905 2988.7 3012.673 3001.741 3013.834 3007.251 3000.591 2992.395 2982.415 2976.662 2980.346 2999.989 3006.37 3015.176 3023.041
2192.269 2239.766 2337.723 2389.945 2296.337 2186.774 2009.037 1978.271 2054.521 2055.051 1924.97 1871.565 1925.969 1897.89 1900.32 1960.5 2057.415 2092.682 2048.365 2147.162 2193.316 2135.273 2114.447 2081.711 2057 2020.405 1884.376 1753.034 1812.319 1852.651 1717.153 1717.2 1771.112 1801.335 1837.574 1879.473 1750.316 1724.07 1844.82 1833.196 1686.582 1559.392 1599.808 1563.635 1760.009 1921.808 2031.576 2167.369 2311.695 2606.548 2924.207 2984.207 2974.741 2984.843 2990.873 2989.4 2985.593 2979.162 2972.122 2980.303 2996.007 3000.138 3009.686 3021.171
2114.019 2237.034 2484.718 2470.335 2295.302 2158.277 2029.731 2047.115 2120.205 2050.237 1968.094 1978.464 1960.085 1962.948 1978.863 2064.555 2185.969 2212.68 2183.519 2076.157 2057.069 2091.608 2105.677 2083.689 2080.253 2008.851 1920.958 1899.044 1891.704 1825.748 1648.863 1615.307 1685.772 1753.195 1748.958 1866.709 1827.97 1698.594 1861.457 1913.899 1829.783 1715.548 1673.922 1548.204 1730.66 1889.749 2001.26 2120.968 2261.634 2454.749 2776.745 2929.737 2942.176 2933.743 2961.945 2978.396 2984.832 2972.851 2966.879 2975.66 2985.901 2996.52 3003.619 3013.971
2221.198 2357.862 2586.142 2459.934 2305.178 2199.16 2139.116 2164.721 2173.634 2100.289 2044.518 2063.397 2061.258 2069.19 2061.423 2113.063 2199.72 2153.3 2070.153 2022.307 2021.607 2104.881 2103.913 2111.477 2087.315 1999.11 1975.054 1939.896 1927.563 1859.762 1693.377 1675.423 1807.497 1900.598 1914.697 1959.861 1852.644 1724.575 1859.689 2037.024 1986.937 1782.411 1718.008 1741.555 1836.952 1868.015 1943.846 2177.749 2339.277 2364.354 2586.085 2859.108 2906.08 2893.612 2915.832 2960.018 2979.821 2965.732 2951.921 2959.693 2971.173 2989.591 2996.188 2999.63
2381.371 2575.361 2767.308 2608.18 2363.267 2263.027 2250.597 2262.186 2253.086 2206.037 2173.438 2157.24 2138.147 2098.525 2088.042 2205.641 2209.512 2097.905 1976.845 1952.571 2039.533 2111.647 2125.404 2132.752 2090.82 2053.449 2058.181 2018.998 1965.32 1873.112 1766.251 1730.794 1741.873 1828.903 1870.763 1909.188 1948.299 1812.19 1690.56 1831.586 2061.717 2137.204 2173.165 2219.081 2198.549 2070.746 2031.631 2156.038 2371.98 2435.067 2507.796 2689.305 2865.423 2876.291 2894.73 2937.086 2961.765 2954.262 2942.885 2950.714 2962.036 2980.365 2984.281 2982.757
2544.178 2758.114 2846.182 2596.242 2420.185 2380.892 2427.213 2470.356 2424.451 2286.377 2250.255 2260.357 2253.306 2177.148 2195.73 2278.513 2182.375 2039.503 1976.463 1959.36 2058.457 2117.134 2140.346 2144.067 2120.921 2105.072 2070.432 2040.107 1993.963 1916.366 1827.75 1723.174 1705.687 1723.632 1789.073 1861.612 1935.53 1917.651 1848.557 1890.975 2104.435 2295.523 2362.67 2455.444 2495.39 2335.521 2101.429 2180.615 2417.677 2555.756 2635.413 2722.402 2789.542 2834.451 2882.08 2914.162 2924.677 2922.783 2923.442 2932.335 2952.029 2963.391 2969.837 2972.99
2777.665 2916.178 2891.495 2679.62 2580.664 2633.443 2606.583 2577.666 2583.306 2474.996 2475.198 2512.08 2481.777 2430.689 2448.927 2355.611 2156.875 2034.205 2012.656 1996.542 2078.965 2128.484 2145.526 2151.355 2133.377 2082.291 2011.071 1996.157 1970.964 1904.404 1842.074 1786.022 1755.763 1661.757 1685.315 1761.735 1856.6 1941.762 1957.378 1956.959 1949.745 2018.928 2055.823 2232.029 2461.619 2516.278 2366.881 2415.605 2564.096 2651.981 2664.567 2694.181 2761.566 2816.802 2863.689 2877.147 2888.047 2908.137 2886.555 2881.854 2887.785 2923.285 2943.333 2942.856
