Dropbox/GRP Data/GRP mammal paper/NN_analysis/DATA/2012 input files not used in 2014 analyses/yo_c_bio_5_OLD.asc
ncols         226
nrows         141
xllcorner     -70621.9986746
yllcorner     -77191.4869234
cellsize      821.1860311
NODATA_value  -9999
[rows 0 to 28 of 141, columns 128 to 191 of 226]
-9999 -9999 -9999 -9999 -9999 -9999 -9999 -9999 -9999 -9999 -9999 -9999 -9999 -9999 -9999 -9999 -9999 -9999 -9999 -9999 -9999 -9999 -9999 -9999 -9999 -9999 -9999 -9999 -9999 -9999 -9999 -9999 -9999 -9999 -9999 -9999 -9999 -9999 -9999 -9999 -9999 -9999 -9999 -9999 -9999 -9999 -9999 -9999 -9999 -9999 -9999 -9999 -9999 -9999 -9999 -9999 -9999 -9999 -9999 -9999 -9999 -9999 -9999 -9999
1931.586 1986.751 2040.273 2117.747 2204.539 2322.988 -9999 -9999 -9999 -9999 -9999 -9999 -9999 -9999 -9999 -9999 -9999 -9999 -9999 -9999 -9999 -9999 -9999 -9999 -9999 -9999 -9999 -9999 -9999 -9999 -9999 -9999 -9999 -9999 -9999 -9999 -9999 -9999 -9999 -9999 -9999 -9999 -9999 -9999 -9999 -9999 -9999 -9999 -9999 -9999 -9999 -9999 -9999 -9999 -9999 -9999 -9999 -9999 -9999 -9999 -9999 -9999 -9999 -9999
1903.25 1967.62 2041.132 2139.05 2250.89 2382.813 2529.211 2638.929 2637.291 2601.085 -9999 -9999 -9999 -9999 -9999 -9999 -9999 -9999 -9999 -9999 -9999 -9999 -9999 -9999 -9999 -9999 -9999 -9999 -9999 -9999 -9999 -9999 -9999 -9999 -9999 -9999 -9999 -9999 -9999 -9999 -9999 -9999 -9999 -9999 -9999 -9999 -9999 -9999 -9999 -9999 -9999 -9999 -9999 -9999 -9999 -9999 -9999 -9999 -9999 -9999 -9999 -9999 -9999 -9999
1950.112 2004.044 2072.6 2163.696 2293.075 2448.607 2557.329 2636.551 2617.282 2563.637 2510.459 2485.07 -9999 -9999 -9999 -9999 -9999 -9999 -9999 -9999 -9999 -9999 -9999 -9999 -9999 -9999 -9999 -9999 -9999 -9999 -9999 -9999 -9999 -9999 -9999 -9999 -9999 -9999 -9999 -9999 -9999 -9999 -9999 -9999 -9999 -9999 -9999 -9999 -9999 -9999 -9999 -9999 -9999 -9999 -9999 -9999 -9999 -9999 -9999 -9999 -9999 -9999 -9999 -9999
2033.322 2047.81 2083.116 2167.498 2317.326 2479.394 2525.978 2609.597 2590.244 2504.921 2417.522 2370.174 2399.261 2469.414 2513.422 -9999 -9999 -9999 -9999 -9999 -9999 -9999 -9999 -9999 -9999 -9999 -9999 -9999 -9999 -9999 -9999 -9999 -9999 -9999 -9999 -9999 -9999 -9999 -9999 -9999 -9999 -9999 -9999 -9999 -9999 -9999 -9999 -9999 -9999 -9999 -9999 -9999 -9999 -9999 -9999 -9999 -9999 -9999 -9999 -9999 -9999 -9999 -9999 -9999
2096.386 2094.248 2112.262 2196.891 2345.521 2486.65 2483.496 2562.459 2549.818 2412.795 2266.454 2215.229 2256.405 2352.902 2462.2 2499.589 2544.738 -9999 -9999 -9999 -9999 -9999 -9999 -9999 -9999 -9999 -9999 -9999 -9999 -9999 -9999 -9999 -9999 -9999 -9999 -9999 -9999 -9999 -9999 -9999 -9999 -9999 -9999 -9999 -9999 -9999 -9999 -9999 -9999 -9999 -9999 -9999 -9999 -9999 -9999 -9999 -9999 -9999 -9999 -9999 -9999 -9999 -9999 -9999
2176.23 2185.836 2213.24 2269.304 2369.924 2500.012 2468.646 2503.145 2518.612 2334.901 2141.665 2105.698 2174.696 2279.613 2412.204 2471.038 2515.704 2423.731 2396.445 2373.639 -9999 -9999 -9999 -9999 -9999 -9999 -9999 -9999 -9999 -9999 -9999 -9999 -9999 -9999 -9999 -9999 -9999 -9999 -9999 -9999 -9999 -9999 -9999 -9999 -9999 -9999 -9999 -9999 -9999 -9999 -9999 -9999 -9999 -9999 -9999 -9999 -9999 -9999 -9999 -9999 -9999 -9999 -9999 -9999
2179.751 2253.229 2288.472 2232.749 2297.217 2476.85 2461.228 2467.53 2493.759 2274.053 2033.35 1984.031 2091.722 2237.504 2372.89 2436.405 2462.993 2368.737 2329.57 2317.327 2312.396 2310.868 2315.197 -9999 -9999 -9999 -9999 -9999 -9999 -9999 -9999 -9999 -9999 -9999 -9999 -9999 -9999 -9999 -9999 -9999 -9999 -9999 -9999 -9999 -9999 -9999 -9999 -9999 -9999 -9999 -9999 -9999 -9999 -9999 -9999 -9999 -9999 -9999 -9999 -9999 -9999 -9999 -9999 -9999
2157.926 2187.57 2120.898 2064.064 2218.181 2444.021 2466.145 2466.954 2438.339 2200.144 1975.039 1980.257 2104.934 2230.925 2321.549 2372.323 2410.219 2320.623 2284.752 2279.192 2292.727 2292.192 2264.363 2225.205 2243.902 -9999 -9999 -9999 -9999 -9999 -9999 -9999 -9999 -9999 -9999 -9999 -9999 -9999 -9999 -9999 -9999 -9999 -9999 -9999 -9999 -9999 -9999 -9999 -9999 -9999 -9999 -9999 -9999 -9999 -9999 -9999 -9999 -9999 -9999 -9999 -9999 -9999 -9999 -9999
2135.121 1992.489 1932.683 1917.823 2082.48 2349.813 2469.821 2387.427 2304.762 2033.753 1933.102 1957.365 2036.995 2157.974 2236.298 2290.597 2355.608 2339.845 2315.782 2280.288 2247.821 2201.5 2164.149 2158.567 2181.022 2285.873 2263.76 2311.973 -9999 -9999 -9999 -9999 -9999 -9999 -9999 -9999 -9999 -9999 -9999 -9999 -9999 -9999 -9999 -9999 -9999 -9999 -9999 -9999 -9999 -9999 -9999 -9999 -9999 -9999 -9999 -9999 -9999 -9999 -9999 -9999 -9999 -9999 -9999 -9999
1978.858 1805.616 1819.21 1934.234 2064.613 2300.729 2449.31 2375.291 2173.87 1940.079 1900.346 1964.694 2022.629 2060.567 2130.877 2258.184 2285.616 2301.781 2299.82 2260.026 2215.854 2148.031 2048.771 2065.142 2187.948 2237.213 2247.76 2288.302 2382.035 2506.305 -9999 -9999 -9999 -9999 -9999 -9999 -9999 -9999 -9999 -9999 -9999 -9999 -9999 -9999 -9999 -9999 -9999 -9999 -9999 -9999 -9999 -9999 -9999 -9999 -9999 -9999 -9999 -9999 -9999 -9999 -9999 -9999 -9999 -9999
1786.618 1743.056 1844.872 1933.458 2040.835 2284.22 2416.944 2390.992 2216.861 1996.168 1879.679 1857.808 1905.525 1909.266 2019.725 2222.247 2257.115 2262.955 2253.943 2216.37 2147.379 2071.557 1987.943 2032.668 2112.148 2136.298 2213.172 2310.408 2367.467 2435.667 2534.258 2615.877 2735.977 -9999 -9999 -9999 -9999 -9999 -9999 -9999 -9999 -9999 -9999 -9999 -9999 -9999 -9999 -9999 -9999 -9999 -9999 -9999 -9999 -9999 -9999 -9999 -9999 -9999 -9999 -9999 -9999 -9999 -9999 -9999
1668.576 1727.116 1811.037 1880.148 2021.033 2274.138 2373.788 2381.9 2239.565 2008.646 1854.372 1798.959 1810.507 1808.48 1940.633 2206.627 2233.152 2202.315 2196.194 2162.531 2081.299 2003.81 1947.893 1984.174 2016.092 2086.429 2214.132 2323.716 2396.944 2430.437 2510.866 2618.465 2724.661 2821.961 2867.438 -9999 -9999 -9999 -9999 -9999 -9999 -9999 -9999 -9999 -9999 -9999 -9999 -9999 -9999 -9999 -9999 -9999 -9999 -9999 -9999 -9999 -9999 -9999 -9999 -9999 -9999 -9999 -9999 -9999
1694.193 1759.254 1794.695 1913.817 2087.224 2254.294 2310.01 2347.644 2238.464 2008.62 1837.858 1796.997 1815.819 1849.813 2005.466 2197.126 2153.468 2133.288 2156.218 2109.465 2014.295 1949.638 1932.367 1956.397 1987.105 2097.452 2212.443 2306.724 2396.317 2436.892 2501.654 2618.752 2755.37 2833.432 2863.501 2886.815 2905.334 2913.325 -9999 -9999 -9999 -9999 -9999 -9999 -9999 -9999 -9999 -9999 -9999 -9999 -9999 -9999 -9999 -9999 -9999 -9999 -9999 -9999 -9999 -9999 -9999 -9999 -9999 -9999
1822.747 1851.471 1900.694 2053.226 2181.465 2223.93 2250.002 2296.868 2210.995 1995.748 1816.756 1832.702 1939.196 2004.582 2096.815 2088.359 2006.197 2075.022 2113.698 2037.428 1955.831 1939.341 1977.412 1999.037 2000.414 2123.087 2235.425 2312.007 2384.521 2419.301 2491.944 2641.515 2797.896 2842.473 2856.908 2878.072 2897.321 2903.899 2905.054 2910.209 -9999 -9999 -9999 -9999 -9999 -9999 -9999 -9999 -9999 -9999 -9999 -9999 -9999 -9999 -9999 -9999 -9999 -9999 -9999 -9999 -9999 -9999 -9999 -9999
1891.966 1916.32 2015.42 2141.247 2173.136 2192.806 2233.343 2229.991 2114.037 1930.21 1797.256 1902.182 2058.27 2054.725 2004.792 1859.904 1860.626 2048.83 2046.954 1957.466 1941.806 2007.03 2083.952 2108.484 2065.705 2178.923 2325.419 2383.485 2436.151 2461.407 2537.411 2694.378 2810.769 2834.906 2850.97 2867.804 2887.167 2896.386 2899.309 2905.194 2910.832 2883.456 2830.742 -9999 -9999 -9999 -9999 -9999 -9999 -9999 -9999 -9999 -9999 -9999 -9999 -9999 -9999 -9999 -9999 -9999 -9999 -9999 -9999 -9999
1750.201 1838.351 1975.791 2128.044 2140.733 2183.782 2238.11 2161.636 2020.647 1917.609 1849.458 1944.401 1972.125 1792.971 1752.536 1684.103 1817.868 2060.271 1972.875 1921.402 2003.276 2139.76 2212.004 2253.905 2254.707 2331.999 2457.738 2491.747 2543.01 2594.447 2656.202 2742.957 2797.929 2820.094 2842.342 2859.939 2878.77 2892.818 2898.235 2898.987 2906.358 2859.476 2807.783 2726.428 2662.855 -9999 -9999 -9999 -9999 -9999 -9999 -9999 -9999 -9999 -9999 -9999 -9999 -9999 -9999 -9999 -9999 -9999 -9999 -9999
1740.331 1918.221 2065.422 2116.166 2152.541 2209.419 2196.37 2099.297 1966.591 1866.595 1837.806 1891.622 1946.663 1701.102 1588.086 1613.506 1864.76 2033.007 1877.839 1904.6 2113.202 2268.814 2357.693 2438.462 2483.916 2509.594 2522.797 2535.431 2552.545 2614.111 2712.899 2771.145 2796.728 2812.09 2836.1 2856.587 2874.164 2891.585 2896.838 2897.762 2896.207 2847.383 2787.481 2721.096 2658.228 2620.683 2630.74 2619.454 -9999 -9999 -9999 -9999 -9999 -9999 -9999 -9999 -9999 -9999 -9999 -9999 -9999 -9999 -9999 -9999
1884.867 1963.915 2043.467 2095.368 2141.017 2201.705 2149.461 2070.779 1941.507 1779.226 1780.184 1854.887 1949.883 1760.697 1602.181 1697.096 1936.178 1920.863 1845.516 2025.668 2213.845 2399.986 2446.229 2398.273 2363.326 2316.758 2347.955 2370.292 2397.381 2530.203 2713.906 2772.498 2787.235 2811.771 2835.654 2856.167 2873.634 2890.637 2895.316 2895.814 2886.614 2862.866 2809.488 2746.604 2677.48 2632.459 2625.606 2648.599 2624.874 2617.146 -9999 -9999 -9999 -9999 -9999 -9999 -9999 -9999 -9999 -9999 -9999 -9999 -9999 -9999
1911.125 1979.975 2028.64 2062.108 2117.571 2176.866 2130.996 2046.178 1965.342 1780.907 1712.085 1829.345 1939.043 1783.994 1657.835 1821.292 1898.121 1757.247 1830.323 2074.881 2324.982 2400.175 2314.568 2186.76 2176.41 2212.79 2317.863 2303.392 2357.011 2543.814 2720.883 2764.852 2786.315 2828.344 2850.428 2866.734 2881.664 2889.719 2894.37 2886.849 2876.187 2863.288 2816.438 2722.491 2672.057 2630.928 2629.485 2672.081 2668.395 2652.757 2603.321 2575.265 2500.272 -9999 -9999 -9999 -9999 -9999 -9999 -9999 -9999 -9999 -9999 -9999
1878.255 1965.175 1985.403 2022.526 2074.93 2162.467 2123.763 1999.667 1986.72 1882.658 1710.572 1780.759 1911.322 1818.632 1742.51 1832.86 1743.829 1763.528 2004.999 2221.99 2384.707 2316.04 2152.878 2044.522 2097.192 2193.136 2267.405 2245.391 2332.567 2555.998 2704.006 2745.446 2807.395 2837.378 2860.865 2877.718 2885.226 2887.084 2885.236 2877.156 2833.676 2842.196 2768.12 2689.936 2641.314 2611.67 2620.23 2655.311 2668.227 2638.396 2618.615 2607.778 2545.591 2480.461 2453.154 2382.661 -9999 -9999 -9999 -9999 -9999 -9999 -9999 -9999
1860.025 1914.429 1955.198 1989.516 2043.076 2148.606 2126.155 2005.634 1942.877 1934.707 1733.672 1731.576 1866.653 1790.86 1740.702 1765.072 1782.15 1873.135 2165.459 2327.314 2349.343 2180.92 1988.077 1958.584 2065.854 2191.371 2146.645 2217.074 2355.287 2561.651 2676.191 2745.798 2825.93 2852.312 2868.282 2881.963 2885.902 2882.848 2877.757 2873.661 2846.847 2803.92 2755.932 2687.768 2629.007 2614.977 2623.219 2639.858 2659.984 2630.856 2628.271 2627.464 2606.152 2564.138 2543.222 2517.649 2474.932 2469.324 -9999 -9999 -9999 -9999 -9999 -9999
1831.555 1836.478 1909.017 1960.726 2000.917 2072.479 2105.854 2064.189 1925.46 1885.673 1753.266 1684.807 1774.18 1743.598 1751.166 1777.922 1944.063 2086.718 2283.435 2327.193 2205.297 1989.743 1882.074 1917.295 2055.243 2139.762 2037.199 2210.317 2397.646 2578.72 2643.986 2711.077 2829.142 2836.399 2866.847 2884.784 2882.636 2881.175 2870.973 2861.372 2847.733 2809.627 2764.417 2697.449 2643.701 2622.799 2626.079 2635.914 2651.046 2628.709 2621.957 2621.975 2618.591 2605.79 2591.763 2569.941 2542.694 2552.13 2591.996 2601.42 2587.213 -9999 -9999 -9999
1776.022 1774.451 1852.147 1933.097 1941.303 1949.166 2031.737 2105.754 1981.69 1813.663 1777.007 1703.045 1690.99 1704.42 1784.067 1902.077 2105.081 2254.086 2266.864 2152.575 1959.479 1774.314 1815.421 1913.516 2054.376 2032.857 1974.338 2214.863 2433.28 2593.445 2620.029 2643.99 2789.25 2763.103 2782.515 2846.086 2855.679 2855.705 2856.562 2835.93 2823.132 2809.939 2764.592 2733.556 2679.406 2649.112 2639.112 2646.703 2648.278 2628.876 2624.011 2623.555 2627.478 2620.515 2617.208 2599.037 2578.954 2600.166 2628.709 2641.131 2630.878 2553.349 2537.246 -9999
1761.191 1792.306 1861.696 1906.616 1899.785 1874.771 1930.417 2075.962 2030.599 1819.427 1798.096 1823.779 1762.179 1751.243 1840.738 2047.018 2182.442 2191 2061.064 1841.693 1693.171 1621.288 1771.521 1917.782 2016.125 1917.671 1942.029 2213.866 2445.131 2593.633 2610.858 2574.107 2694.316 2675.005 2647.834 2731.155 2797.174 2812.905 2830.911 2806.415 2791.387 2784.95 2757.132 2763.957 2728.749 2700.962 2677.916 2663.523 2648.567 2633.166 2634.459 2639.979 2638.586 2614.959 2616.652 2600.587 2593.529 2617.648 2645.64 2678.384 2680.198 2631.388 2612.285 2600.284
1808.8 1900.537 1882.542 1866.432 1862.35 1847.457 1887.974 2008.749 2016.264 1897.616 1778.473 1902.415 2000.468 2043.022 2087.53 2143.993 2056.129 1962.153 1845.189 1617.747 1566.052 1616.327 1783.598 1880.542 1903.123 1880.865 1973.712 2222.037 2450.907 2596.447 2601.433 2529.226 2583.804 2619.902 2576.351 2592.022 2719.226 2786.99 2803.728 2776.008 2759.416 2750.786 2741.739 2761.088 2759.639 2737.629 2716.384 2674.852 2657.845 2648.467 2658.008 2664.439 2647.869 2611.79 2610.028 2594.077 2600.038 2612.146 2649.052 2691.438 2705.413 2704.702 2702.061 2646.396
1845.171 1796.176 1822.48 1816.148 1805.498 1807.223 1915.776 1972.391 1943.025 1957.986 1873.767 1889.046 1894.173 2026.321 2063.513 1950.658 1819.594 1794.284 1728.398 1558.645 1653.901 1738.413 1780.409 1790.546 1855.27 2045.504 2202.8 2342.167 2532.202 2615.232 2558.971 2533.861 2537.761 2569.249 2584.37 2551.538 2648.869 2782.995 2781.608 2732.844 2710.766 2710.633 2705.214 2740.741 2742.045 2716.621 2706.531 2672.073 2675.788 2670.367 2686.112 2680.997 2652.487 2624.371 2600.113 2587.155 2590.147 2575.5 2636.683 2678.352 2703.361 2736.849 2760.765 2720.082
1847.792 1732.291 1669.133 1675.308 1713.367 1809.766 1873.645 1901.66 1923.759 1851.252 1772.621 1773.549 1864.603 2012.807 2044.453 1878.566 1660.878 1617.39 1721.887 1784.482 1846.383 1950.836 2029.724 2043.312 2103.442 2258.56 2445.759 2574.1 2607.493 2543.938 2496.267 2519.081 2544.605 2578.203 2609.98 2558.86 2623.488 2755.963 2720.889 2674.215 2643.983 2650.711 2681.215 2702.558 2719.63 2685.941 2658.736 2653.09 2668.536 2670.301 2674.738 2672.056 2640.987 2619.083 2549.44 2539.856 2541.275 2509.484 2616.539 2685.169 2710.34 2740.262 2779.478 2746.538
1856.718 1788.906 1723.931 1683.174 1688.389 1737.444 1721.123 1798.096 1870.466 1841.683 1728.36 1749.595 1848.75 1917.94 1983.643 1929.616 1697.008 1811.699 2010.154 2120.077 2197.764 2302.731 2377.741 2407.918 2439.706 2511.423 2574.382 2556.316 2468.15 2376.289 2356.811 2406.085 2478.533 2534.672 2592.29 2656.741 2694.883 2710.839 2648.154 2610.75 2606.422 2598.212 2624.665 2676.112 2693.804 2660.061 2632.431 2633.068 2618.435 2616.882 2641.293 2657.954 2601.564 2539.811 2470.225 2449.332 2484.591 2473.982 2610.239 2686.164 2689.917 2696.788 2746.478 2686.881
