Dropbox/GRP Data/GRP mammal paper/NN_analysis/DATA/2012 input files not used in 2014 analyses/yo_c_bio_1_OLD.asc
ncols         225
nrows         140
xllcorner     -70621.9986746
yllcorner     -76881.261089429
cellsize      824.83574679378
NODATA_value  -9999
[rows 39 to 77 of 140, columns 88 to 175 of 225]
905 890 820 791 794 844 830 871 898 874 954 897 784 680 652 651 648 646 610 605 590 584 561 521 542 683 551 436 398 380 421 431 422 400 474 473 414 374 336 305 349 465 412 348 333 298 241 213 279 301 269 267 262 255 244 276 272 244 233 242 244 227 224 245 239 154 223 251 272 279 279 339 367 308 196 221 301 356 393 427 434 445 489 550 627 713 774 785
877 844 831 815 828 869 825 898 919 960 961 830 703 701 707 692 696 666 626 627 614 610 577 578 642 664 528 470 463 469 470 438 426 447 486 460 422 390 360 392 434 484 394 338 307 281 231 249 301 310 283 272 269 273 286 297 255 246 238 237 233 205 229 259 245 214 237 265 255 251 265 309 332 293 181 211 316 370 401 412 421 445 496 564 652 743 795 803
871 862 852 844 863 860 822 925 999 983 904 739 711 738 751 731 711 659 652 651 655 637 605 718 784 624 534 519 496 468 419 414 432 482 476 440 426 399 435 500 503 470 364 348 319 278 256 317 324 318 305 286 281 283 318 278 259 244 237 252 235 214 237 241 245 249 243 272 267 253 274 285 292 286 241 278 356 376 387 378 403 444 475 551 676 768 799 808
889 887 871 907 918 837 846 980 1032 905 746 734 750 764 745 678 673 652 671 671 679 651 712 807 739 583 568 508 472 453 437 479 489 492 455 443 434 453 528 526 443 423 381 361 347 338 352 362 343 332 329 318 311 308 334 298 267 225 243 260 259 239 250 214 237 241 256 287 287 264 274 277 264 298 289 322 356 356 354 356 398 435 445 519 685 781 799 812
907 901 895 924 898 810 825 985 1039 841 762 758 765 780 725 692 687 686 680 687 727 854 889 758 627 593 561 524 521 527 513 498 501 484 446 457 475 572 570 506 484 476 453 411 402 390 383 368 347 353 354 332 366 355 308 291 276 233 232 274 311 253 262 221 236 221 267 317 294 253 248 256 270 286 276 309 342 346 367 398 443 471 478 525 671 767 797 816
965 925 897 888 861 824 839 993 1078 956 787 796 799 764 722 723 709 713 734 755 875 889 784 675 624 633 594 572 576 551 524 526 504 458 464 472 524 591 559 478 423 385 350 270 239 263 377 419 387 456 362 432 442 340 299 272 258 237 236 267 329 286 272 240 231 237 317 300 293 243 175 188 257 262 277 312 357 400 473 516 548 586 593 600 649 747 802 825
949 927 902 879 866 881 927 1025 1114 1012 812 820 820 779 759 742 733 765 861 909 895 789 711 676 663 657 641 641 636 579 560 540 490 469 469 495 564 583 550 477 415 393 322 254 236 247 351 503 543 512 444 369 332 299 284 271 274 248 286 292 333 294 282 245 257 291 300 295 268 254 157 144 233 251 347 408 433 489 502 507 520 517 544 569 631 752 819 843
940 921 904 898 878 919 1018 1108 1139 1034 852 859 880 816 786 767 776 874 948 917 839 739 702 694 684 667 688 695 663 591 576 567 527 515 485 510 574 574 556 483 400 340 296 279 306 319 444 570 566 485 407 345 319 313 309 304 284 266 276 358 332 300 291 285 294 303 299 252 223 233 167 151 224 301 372 394 418 432 395 371 415 387 433 475 577 729 829 852
947 934 915 909 905 961 1087 1165 1155 1058 899 914 926 858 818 807 875 981 968 866 802 751 734 719 706 699 698 689 660 615 604 597 562 549 494 537 581 572 567 493 380 328 332 388 422 434 508 546 478 421 383 352 333 332 332 334 325 301 366 385 311 318 330 318 299 291 279 258 228 216 182 188 263 356 373 304 317 352 308 293 375 353 422 449 495 612 775 856
963 954 932 917 945 1014 1125 1175 1166 1089 943 960 953 906 878 907 996 1008 912 833 803 783 768 745 740 731 700 653 619 627 646 626 585 559 548 580 589 577 575 503 408 387 451 508 522 512 515 492 410 380 365 343 323 345 348 350 348 362 412 349 301 331 355 326 305 293 278 253 241 222 201 212 263 288 296 272 283 332 254 252 299 305 358 411 476 554 677 833
993 965 950 948 981 1048 1135 1176 1175 1120 1001 1006 1014 993 992 1047 1048 948 834 820 815 809 788 769 778 750 715 633 583 637 686 656 627 589 636 618 601 599 591 524 476 500 571 580 575 537 504 442 388 387 348 320 295 327 350 357 344 414 375 318 322 356 361 327 308 286 273 242 237 222 219 233 252 236 195 219 289 320 226 167 204 253 303 378 452 530 620 778
1030 994 982 996 1005 1056 1137 1176 1175 1142 1089 1101 1114 1131 1153 1104 1002 893 843 836 831 821 813 806 816 783 711 631 628 698 722 695 688 661 684 644 634 644 621 568 539 616 628 621 595 531 476 390 391 389 339 295 277 293 346 370 357 412 335 338 372 380 357 327 302 266 251 238 227 208 221 248 256 248 181 195 296 314 229 108 129 221 284 360 429 502 579 695
1074 1033 1021 1025 1027 1081 1159 1188 1160 1096 1142 1165 1162 1157 1137 1084 998 927 881 867 853 840 842 843 857 797 730 678 711 760 753 741 716 695 713 706 692 684 635 617 606 650 691 653 591 475 394 376 448 319 301 272 283 306 368 394 400 366 366 380 423 374 345 321 299 252 237 235 228 199 207 244 257 267 253 239 292 322 270 145 107 200 252 336 410 467 532 593
1083 1055 1049 1035 1051 1106 1169 1198 1139 1077 1143 1127 1120 1076 1008 983 967 956 919 891 881 873 873 890 887 832 828 815 836 852 810 782 758 751 740 711 694 709 668 604 662 697 708 656 590 398 371 448 449 323 278 336 325 343 402 415 403 380 449 427 408 376 347 334 301 240 249 240 232 196 200 221 233 252 283 267 274 321 322 242 156 192 180 293 379 440 496 516
1072 1071 1074 1057 1069 1155 1219 1213 1146 1138 1169 1126 1114 1025 1000 1015 1018 998 977 956 953 960 977 932 877 893 910 921 874 831 801 791 766 784 734 641 602 563 535 523 652 793 774 652 558 420 444 518 444 373 381 366 377 412 442 484 503 487 372 353 365 373 348 343 302 259 246 243 227 166 152 196 203 210 279 273 258 320 341 325 268 242 165 273 356 416 480 515
1092 1112 1096 1086 1104 1184 1228 1181 1165 1191 1199 1170 1125 1051 1043 1046 1038 1018 988 975 1069 1157 1179 1160 1097 1108 1120 1050 953 890 850 831 806 704 652 609 562 509 480 617 737 873 799 686 593 530 562 577 499 458 467 472 490 490 476 495 450 404 360 350 386 376 354 337 292 276 255 247 232 187 169 222 253 266 286 283 272 322 379 367 293 264 279 340 346 364 467 519
1108 1125 1112 1098 1114 1186 1208 1175 1195 1203 1224 1151 1101 1070 1057 1044 1034 1011 990 1071 1182 1247 1232 1163 1183 1226 1199 1048 949 890 861 862 805 700 647 600 548 521 588 759 894 1009 917 741 662 651 661 648 621 594 579 561 529 505 550 508 437 402 382 361 388 379 366 338 322 320 296 258 234 216 210 213 243 259 287 298 281 258 299 387 419 440 458 466 467 437 486 569
1122 1124 1136 1108 1113 1168 1206 1219 1230 1224 1241 1159 1108 1073 1040 1021 1024 1006 1053 1201 1247 1211 1111 1011 1047 1250 1215 1052 946 882 866 881 836 758 688 641 615 663 768 887 1021 1073 904 786 762 795 826 788 685 644 614 604 544 539 582 512 446 421 405 372 388 382 368 347 332 320 301 267 241 228 215 213 221 226 265 302 311 292 307 399 447 470 531 562 512 478 494 596
1151 1149 1170 1141 1121 1138 1182 1245 1260 1252 1209 1171 1121 1075 1036 1013 1044 1085 1183 1274 1203 1084 971 891 869 1116 1190 1107 1068 1013 984 958 884 829 761 728 745 858 960 1037 1116 1101 951 898 934 927 920 911 804 771 756 725 685 683 617 506 464 441 423 383 397 390 375 356 312 283 275 258 238 232 223 219 183 201 245 272 315 327 331 349 374 387 464 519 582 521 557 651
1196 1200 1203 1184 1141 1131 1133 1213 1276 1255 1139 1111 1079 1076 1075 1063 1122 1238 1295 1259 1092 953 931 872 823 870 1058 1084 1178 1202 1173 1111 976 892 842 829 900 1025 1113 1150 1148 1112 1081 1035 1031 887 821 881 862 844 841 751 737 738 658 524 478 456 421 396 413 402 384 351 293 260 261 260 245 251 244 227 194 220 250 257 307 317 285 251 275 339 422 467 562 580 606 647
1245 1239 1232 1199 1173 1204 1217 1231 1279 1245 1149 1093 1066 1080 1128 1184 1230 1304 1282 1183 1068 960 944 919 879 801 865 897 998 1142 1174 1201 1172 989 927 959 1057 1141 1126 1075 1019 1006 1001 1003 857 628 610 707 671 677 684 593 580 595 631 552 493 469 403 417 427 409 379 330 291 275 266 272 269 278 262 241 242 255 269 264 307 293 242 195 192 281 396 441 493 565 577 596
1306 1338 1303 1206 1240 1317 1313 1315 1297 1154 1104 1078 1076 1090 1135 1226 1296 1303 1182 1021 979 944 947 929 919 877 829 784 811 861 873 1041 1192 1198 1185 1171 1133 1079 920 856 762 760 749 719 568 460 500 576 466 570 629 618 601 548 513 500 504 475 403 448 430 404 364 316 301 303 277 276 289 290 270 261 268 265 277 271 312 288 234 186 137 155 276 386 445 492 504 546
1320 1358 1312 1236 1313 1339 1321 1293 1195 1102 1089 1100 1166 1257 1286 1247 1194 1176 1115 1004 952 942 943 931 907 853 838 816 775 739 801 874 904 924 888 868 858 860 804 675 595 496 635 484 430 433 426 454 448 465 500 542 563 509 472 435 422 427 445 440 419 400 368 347 335 328 308 307 299 292 285 281 272 267 275 281 308 290 188 119 97 43 119 320 425 461 468 524
1345 1386 1365 1334 1367 1357 1250 1161 1143 1112 1107 1198 1266 1278 1165 1087 1068 1079 1085 1004 947 942 935 926 908 841 790 761 731 705 727 800 852 844 827 767 701 647 581 479 438 407 396 376 363 367 375 414 398 371 394 528 461 466 459 474 480 438 427 427 412 396 374 354 332 318 325 326 318 293 290 293 279 269 270 282 295 284 198 36 22 61 225 353 438 463 475 531
1401 1436 1403 1390 1361 1308 1240 1232 1237 1228 1221 1305 1347 1253 1125 1042 1008 1008 1026 972 954 941 932 909 891 831 806 776 721 715 727 760 768 738 723 682 643 622 589 522 455 378 386 424 437 425 352 339 335 319 459 486 412 456 497 453 448 419 403 394 386 370 349 324 309 298 303 295 295 284 285 289 287 286 257 285 305 279 252 185 101 125 169 198 385 443 471 538
1434 1429 1349 1367 1336 1334 1340 1347 1353 1358 1352 1344 1304 1193 1122 1040 997 983 986 963 957 937 923 898 886 864 844 811 751 735 742 762 745 710 693 651 603 572 540 501 465 442 517 534 525 453 342 283 273 302 459 387 334 409 479 441 415 396 395 394 374 356 339 323 302 290 292 293 300 300 294 288 291 307 305 307 308 281 251 226 158 53 2 187 400 447 495 559
1407 1419 1362 1372 1362 1380 1362 1310 1319 1337 1335 1276 1212 1148 1112 1038 1001 975 975 966 952 928 914 893 889 893 859 826 780 771 774 750 723 692 689 656 616 572 536 524 501 507 596 614 579 466 348 283 251 263 418 309 288 419 468 445 412 398 402 403 386 358 334 325 317 315 318 329 338 327 308 292 288 299 307 313 312 300 277 207 79 10 99 241 402 471 522 544
1331 1380 1389 1367 1351 1335 1276 1212 1220 1233 1226 1183 1155 1123 1097 1046 1006 958 978 953 943 917 909 894 893 906 860 830 814 815 796 731 703 674 679 666 652 618 585 564 525 530 614 652 608 498 418 374 317 267 350 269 295 455 467 444 413 387 375 384 378 358 330 316 312 320 328 342 357 355 351 332 299 295 276 282 288 288 297 249 103 95 199 331 446 467 501 554
1257 1256 1251 1256 1228 1237 1240 1221 1212 1194 1185 1162 1138 1103 1084 1053 1006 938 980 931 930 904 902 895 896 918 875 851 850 819 772 737 718 688 671 655 653 632 598 546 522 559 648 668 604 537 493 435 362 283 264 261 335 466 468 436 404 366 342 354 347 345 333 316 301 305 312 318 327 342 351 355 322 298 232 233 248 258 294 283 202 227 290 358 413 428 464 517
1253 1241 1204 1233 1243 1251 1219 1152 1109 1064 1095 1156 1158 1135 1072 1028 991 941 974 934 913 893 884 888 894 905 886 873 810 741 728 725 716 693 649 621 626 617 584 553 573 644 708 662 547 525 461 356 280 227 205 297 391 461 471 429 394 358 345 344 327 328 325 317 307 293 288 284 292 300 302 322 336 305 219 202 220 236 271 278 269 287 300 306 353 372 440 483
1291 1249 1248 1252 1242 1223 1170 1129 1108 1072 1067 1125 1157 1146 1106 1086 1033 998 944 972 957 893 888 891 901 888 835 797 706 674 682 680 686 667 624 600 622 619 634 657 643 714 740 635 486 432 403 368 273 213 235 375 469 474 455 413 388 351 348 348 334 322 294 293 314 286 264 261 292 283 272 266 318 320 253 197 202 234 248 268 276 261 221 196 289 317 430 482
1344 1316 1229 1219 1214 1199 1157 1102 1087 1088 1063 1100 1124 1149 1131 1128 1113 1092 1037 954 909 933 904 874 889 821 779 757 699 668 677 664 639 562 527 621 652 664 697 721 705 760 708 593 499 411 351 259 202 200 298 411 489 480 440 409 392 373 350 352 340 349 345 305 303 266 250 250 267 280 257 233 261 334 279 199 169 235 245 264 270 240 181 103 209 304 433 481
1331 1293 1210 1166 1161 1154 1139 1092 1075 1111 1074 1092 1099 1139 1140 1137 1122 1103 1037 941 910 946 903 859 848 811 765 728 717 717 685 642 602 512 522 622 683 696 704 743 756 761 667 573 503 372 293 287 357 407 434 478 504 485 463 450 372 360 351 347 343 336 334 307 276 273 272 256 294 274 269 236 246 327 276 233 205 205 227 257 245 229 232 211 309 389 465 472
1274 1255 1216 1153 1122 1137 1181 1185 1175 1164 1145 1139 1132 1129 1120 1111 1103 1075 1009 908 934 933 872 849 841 831 769 748 750 747 686 639 597 513 528 622 682 719 726 765 777 721 639 603 521 380 338 371 446 490 494 496 518 492 482 436 370 359 358 347 341 342 335 309 305 302 282 252 295 280 258 225 260 304 316 303 190 192 171 227 132 85 153 254 348 390 430 436
1246 1237 1234 1204 1181 1186 1217 1233 1218 1188 1163 1164 1156 1101 1034 1021 1021 1002 954 886 961 924 856 844 849 847 775 787 786 754 689 656 616 540 533 596 649 730 757 780 778 700 630 615 551 437 425 478 532 545 545 517 528 502 491 432 376 364 356 355 346 339 325 299 293 293 280 256 266 263 246 224 251 270 311 305 221 186 181 150 74 50 68 116 93 180 341 406
1237 1237 1244 1244 1240 1228 1221 1222 1197 1166 1141 1129 1153 1102 1018 1002 967 955 954 886 945 919 874 879 861 833 800 815 783 742 699 678 645 570 537 583 645 721 783 794 780 700 629 620 590 537 550 601 609 589 595 551 533 509 496 442 386 371 364 362 348 325 301 276 279 296 262 252 245 243 236 225 245 244 281 314 252 196 199 184 132 82 74 114 79 65 117 269
1211 1221 1226 1221 1218 1216 1202 1183 1149 1116 1119 1072 1124 1132 1100 1081 1015 998 1020 921 917 922 909 905 857 812 840 818 759 731 713 691 662 596 545 597 685 729 793 788 759 689 618 614 631 636 667 692 634 618 626 585 555 533 494 436 386 377 374 350 351 312 284 274 290 292 254 250 235 228 218 216 226 202 227 286 261 199 193 210 196 160 90 190 205 172 138 222
1180 1176 1181 1174 1178 1191 1161 1105 1070 1058 1079 1046 1075 1125 1140 1114 1087 1064 1050 984 938 925 924 872 838 833 871 799 757 730 720 695 661 620 564 613 720 772 806 765 711 668 612 611 660 701 735 716 630 636 643 619 588 564 496 417 374 386 389 334 347 313 302 307 304 284 263 261 243 234 223 209 204 177 200 254 266 202 195 209 221 176 62 143 224 283 256 251
1164 1172 1152 1141 1139 1157 1116 1062 1080 1043 1032 1032 1074 1096 1127 1101 1059 989 999 997 943 893 907 899 868 896 884 791 745 725 723 704 659 627 592 612 718 808 850 781 699 681 640 646 663 727 765 711 657 658 703 666 600 554 503 415 366 399 398 343 337 332 344 343 300 284 278 280 262 253 250 217 200 187 211 248 263 206 202 206 216 183 82 85 176 291 321 324
