Dropbox/GRP Data/GRP mammal paper/NN_analysis/DATA/2012 input files not used in 2014 analyses/yo_c_bio_1_OLD.asc
ncols         225
nrows         140
xllcorner     -70621.9986746
yllcorner     -76881.261089429
cellsize      824.83574679378
NODATA_value  -9999
[rows 0 to 38 of 140, columns 88 to 175 of 225]
-9999 -9999 -9999 -9999 -9999 -9999 -9999 -9999 -9999 -9999 -9999 -9999 -9999 -9999 -9999 -9999 -9999 -9999 -9999 -9999 -9999 -9999 -9999 -9999 -9999 -9999 -9999 -9999 -9999 -9999 -9999 -9999 -9999 -9999 -9999 -9999 -9999 -9999 -9999 -9999 -9999 -9999 -9999 -9999 -9999 -9999 -9999 -9999 -9999 -9999 -9999 -9999 -9999 -9999 -9999 -9999 -9999 -9999 -9999 -9999 -9999 -9999 -9999 -9999 -9999 -9999 -9999 -9999 -9999 -9999 -9999 -9999 -9999 -9999 -9999 -9999 -9999 -9999 -9999 -9999 -9999 -9999 -9999 -9999 -9999 -9999 -9999 -9999
-9999 -9999 -9999 -9999 -9999 -9999 -9999 -9999 -9999 -9999 -9999 -9999 -9999 -9999 -9999 -9999 -9999 -9999 -9999 -9999 -9999 -9999 -9999 -9999 -9999 -9999 -9999 -9999 -9999 -9999 -9999 -9999 -9999 -9999 -9999 37 58 172 242 277 310 339 384 436 511 -9999 -9999 -9999 -9999 -9999 -9999 -9999 -9999 -9999 -9999 -9999 -9999 -9999 -9999 -9999 -9999 -9999 -9999 -9999 -9999 -9999 -9999 -9999 -9999 -9999 -9999 -9999 -9999 -9999 -9999 -9999 -9999 -9999 -9999 -9999 -9999 -9999 -9999 -9999 -9999 -9999 -9999 -9999
-9999 -9999 -9999 -9999 -9999 -9999 -9999 -9999 -9999 -9999 -9999 -9999 -9999 -9999 -9999 -9999 -9999 -9999 -9999 -9999 -9999 -9999 -9999 -9999 -9999 -9999 -9999 -9999 -9999 -9999 -9999 -9999 191 204 184 138 123 157 215 246 294 336 394 473 535 587 633 642 628 -9999 -9999 -9999 -9999 -9999 -9999 -9999 -9999 -9999 -9999 -9999 -9999 -9999 -9999 -9999 -9999 -9999 -9999 -9999 -9999 -9999 -9999 -9999 -9999 -9999 -9999 -9999 -9999 -9999 -9999 -9999 -9999 -9999 -9999 -9999 -9999 -9999 -9999 -9999
-9999 -9999 -9999 -9999 -9999 -9999 -9999 -9999 -9999 -9999 -9999 -9999 -9999 -9999 -9999 -9999 -9999 -9999 -9999 -9999 -9999 -9999 -9999 -9999 -9999 -9999 -9999 -9999 -9999 257 245 230 198 237 250 227 224 218 247 269 314 353 409 489 556 600 633 632 612 595 586 -9999 -9999 -9999 -9999 -9999 -9999 -9999 -9999 -9999 -9999 -9999 -9999 -9999 -9999 -9999 -9999 -9999 -9999 -9999 -9999 -9999 -9999 -9999 -9999 -9999 -9999 -9999 -9999 -9999 -9999 -9999 -9999 -9999 -9999 -9999 -9999 -9999
-9999 -9999 -9999 -9999 -9999 -9999 -9999 -9999 -9999 -9999 -9999 -9999 -9999 -9999 -9999 -9999 -9999 -9999 -9999 -9999 -9999 -9999 -9999 -9999 -9999 -9999 -9999 -9999 391 371 342 281 243 268 246 246 290 312 315 321 335 355 414 497 563 581 623 619 579 559 521 540 582 600 -9999 -9999 -9999 -9999 -9999 -9999 -9999 -9999 -9999 -9999 -9999 -9999 -9999 -9999 -9999 -9999 -9999 -9999 -9999 -9999 -9999 -9999 -9999 -9999 -9999 -9999 -9999 -9999 -9999 -9999 -9999 -9999 -9999 -9999
-9999 -9999 -9999 -9999 -9999 -9999 -9999 -9999 -9999 -9999 -9999 -9999 -9999 -9999 -9999 -9999 -9999 -9999 -9999 -9999 -9999 -9999 -9999 -9999 -9999 -9999 501 477 451 435 380 318 297 267 180 198 282 349 358 356 357 367 433 513 564 553 603 598 537 488 441 462 531 574 586 618 -9999 -9999 -9999 -9999 -9999 -9999 -9999 -9999 -9999 -9999 -9999 -9999 -9999 -9999 -9999 -9999 -9999 -9999 -9999 -9999 -9999 -9999 -9999 -9999 -9999 -9999 -9999 -9999 -9999 -9999 -9999 -9999
-9999 -9999 -9999 -9999 -9999 -9999 -9999 -9999 -9999 -9999 -9999 -9999 -9999 -9999 -9999 -9999 -9999 -9999 -9999 -9999 -9999 -9999 -9999 -9999 -9999 624 584 519 412 351 308 306 318 224 100 111 225 341 391 405 414 432 475 514 567 545 572 579 520 404 392 420 500 549 567 599 566 559 557 -9999 -9999 -9999 -9999 -9999 -9999 -9999 -9999 -9999 -9999 -9999 -9999 -9999 -9999 -9999 -9999 -9999 -9999 -9999 -9999 -9999 -9999 -9999 -9999 -9999 -9999 -9999 -9999 -9999
-9999 -9999 -9999 -9999 -9999 -9999 -9999 -9999 -9999 -9999 -9999 -9999 -9999 -9999 -9999 -9999 -9999 -9999 -9999 -9999 -9999 -9999 -9999 -9999 700 595 482 420 310 208 240 125 192 204 101 112 248 338 365 418 474 502 457 464 551 541 544 563 502 345 309 384 474 524 549 563 548 548 527 517 513 515 -9999 -9999 -9999 -9999 -9999 -9999 -9999 -9999 -9999 -9999 -9999 -9999 -9999 -9999 -9999 -9999 -9999 -9999 -9999 -9999 -9999 -9999 -9999 -9999 -9999 -9999
-9999 -9999 -9999 -9999 -9999 -9999 -9999 -9999 -9999 -9999 -9999 -9999 -9999 -9999 -9999 -9999 -9999 -9999 -9999 -9999 -9999 -9999 -9999 511 618 596 472 361 270 237 149 73 165 162 111 127 201 216 263 416 438 388 357 440 544 538 541 523 430 312 309 389 464 506 527 536 526 499 487 493 497 476 444 448 -9999 -9999 -9999 -9999 -9999 -9999 -9999 -9999 -9999 -9999 -9999 -9999 -9999 -9999 -9999 -9999 -9999 -9999 -9999 -9999 -9999 -9999 -9999 -9999
-9999 -9999 -9999 -9999 -9999 -9999 -9999 -9999 -9999 -9999 -9999 -9999 -9999 -9999 -9999 -9999 -9999 -9999 -9999 -9999 -9999 460 480 511 547 625 548 472 410 350 224 102 78 76 66 64 156 221 328 404 323 275 267 372 489 536 496 510 354 280 295 350 408 454 509 519 521 518 479 446 429 417 415 433 488 465 500 -9999 -9999 -9999 -9999 -9999 -9999 -9999 -9999 -9999 -9999 -9999 -9999 -9999 -9999 -9999 -9999 -9999 -9999 -9999 -9999 -9999
-9999 -9999 -9999 -9999 -9999 -9999 -9999 -9999 -9999 -9999 -9999 -9999 -9999 -9999 -9999 -9999 -9999 -9999 -9999 -9999 425 406 449 494 552 612 584 541 527 493 413 281 134 26 13 84 194 268 334 330 207 207 289 374 459 523 493 424 280 249 303 346 365 397 497 515 520 511 464 424 398 349 365 435 444 448 480 553 603 -9999 -9999 -9999 -9999 -9999 -9999 -9999 -9999 -9999 -9999 -9999 -9999 -9999 -9999 -9999 -9999 -9999 -9999 -9999
-9999 -9999 -9999 -9999 -9999 -9999 -9999 -9999 -9999 -9999 -9999 -9999 -9999 -9999 -9999 -9999 -9999 -9999 -9999 504 436 387 432 483 561 595 523 434 448 507 494 433 282 168 114 101 168 254 294 215 173 241 298 367 455 498 487 448 325 234 219 254 253 333 474 493 484 469 433 392 359 306 347 389 399 442 493 539 580 603 616 677 -9999 -9999 -9999 -9999 -9999 -9999 -9999 -9999 -9999 -9999 -9999 -9999 -9999 -9999 -9999 -9999
-9999 -9999 -9999 -9999 -9999 -9999 -9999 -9999 -9999 -9999 -9999 -9999 -9999 -9999 -9999 -9999 -9999 461 503 518 459 392 422 466 545 596 439 298 291 400 483 494 422 351 288 160 134 208 211 138 171 227 270 360 452 467 473 467 340 222 174 182 180 288 460 465 426 414 399 365 319 280 305 324 375 443 504 560 584 603 613 673 697 704 -9999 -9999 -9999 -9999 -9999 -9999 -9999 -9999 -9999 -9999 -9999 -9999 -9999 -9999
-9999 -9999 -9999 -9999 -9999 -9999 -9999 -9999 -9999 -9999 -9999 -9999 -9999 -9999 -9999 -9999 433 379 450 493 471 416 416 449 549 604 416 285 220 296 446 483 477 439 420 267 159 166 149 162 202 216 293 395 451 452 455 473 340 217 179 194 219 322 442 412 384 385 376 329 280 269 283 302 380 442 498 565 593 605 616 688 697 701 702 704 703 -9999 -9999 -9999 -9999 -9999 -9999 -9999 -9999 -9999 -9999 -9999
-9999 -9999 -9999 -9999 -9999 -9999 -9999 -9999 -9999 -9999 -9999 -9999 -9999 -9999 454 467 426 334 388 415 440 444 427 470 586 604 442 363 261 264 417 454 426 403 453 355 215 152 177 253 267 284 378 442 452 449 441 455 331 203 209 279 317 372 372 324 362 372 346 294 276 302 314 310 392 455 508 562 590 605 634 696 697 697 698 699 698 696 695 -9999 -9999 -9999 -9999 -9999 -9999 -9999 -9999 -9999
-9999 -9999 -9999 -9999 -9999 -9999 -9999 -9999 -9999 -9999 -9999 -9999 -9999 418 392 406 404 373 351 334 363 408 446 538 588 590 448 367 293 246 391 423 329 284 386 371 251 190 262 288 304 356 418 435 441 439 435 390 293 184 256 346 329 311 231 233 351 350 304 288 323 365 379 350 423 508 546 575 590 617 664 692 694 693 694 694 693 691 692 693 682 681 -9999 -9999 -9999 -9999 -9999 -9999
-9999 -9999 -9999 -9999 -9999 -9999 -9999 -9999 -9999 -9999 -9999 -9999 433 380 405 422 432 445 434 395 334 291 410 538 576 548 481 305 215 205 317 280 317 179 273 371 303 263 235 188 255 335 400 408 421 426 431 343 286 227 291 296 173 133 82 197 353 309 279 325 393 419 444 456 509 585 583 595 612 649 682 688 691 690 691 692 691 689 689 689 677 684 653 617 -9999 -9999 -9999 -9999
-9999 -9999 -9999 -9999 -9999 -9999 -9999 -9999 -9999 -9999 544 498 468 467 458 472 447 438 399 385 341 359 436 487 458 410 474 374 199 157 191 176 180 145 252 278 180 136 124 174 308 393 395 398 407 403 378 309 252 215 242 285 111 12 28 225 337 233 255 380 479 519 544 576 590 592 593 598 630 675 686 686 690 690 693 694 691 689 688 686 681 683 651 610 586 580 560 -9999
-9999 -9999 -9999 -9999 -9999 -9999 -9999 -9999 -9999 562 546 525 512 508 497 475 449 433 378 360 346 374 391 411 375 337 400 402 334 257 237 205 173 160 198 173 143 159 216 274 342 386 387 394 404 400 371 295 166 162 220 299 156 22 91 288 281 202 330 417 523 554 539 552 516 534 549 566 609 672 686 687 690 693 697 697 695 692 689 684 684 696 663 616 588 575 568 549
-9999 -9999 -9999 -9999 -9999 -9999 -9999 633 608 604 605 602 587 557 528 483 448 403 377 371 365 375 352 322 265 268 334 351 348 315 301 272 238 190 210 176 181 202 260 288 350 378 381 381 390 395 356 303 155 121 199 294 173 65 202 269 154 193 362 484 511 484 423 415 431 500 483 529 619 680 697 702 696 700 701 701 699 695 692 689 690 698 652 610 582 568 570 562
-9999 -9999 -9999 -9999 -9999 -9999 697 648 610 613 601 592 572 542 501 464 434 406 395 386 386 381 339 288 240 221 252 253 264 289 297 252 241 236 238 217 212 222 243 256 338 346 362 363 381 375 317 300 232 129 173 273 199 135 209 142 151 305 447 509 463 395 345 375 411 455 436 507 628 679 691 698 702 706 707 705 703 699 697 706 702 682 631 593 570 563 564 564
-9999 -9999 -9999 -9999 -9999 747 709 649 612 589 554 521 504 491 467 440 428 420 409 398 408 395 350 306 282 234 228 206 217 247 271 231 218 254 248 237 225 227 227 236 286 322 342 349 372 362 320 284 273 143 137 240 178 140 157 171 238 398 491 490 404 304 293 362 408 389 418 512 630 669 692 705 708 710 712 711 709 705 701 704 702 683 635 588 575 572 571 560
-9999 -9999 -9999 790 733 699 664 645 622 585 551 503 471 466 468 444 434 418 413 405 425 403 367 339 326 282 271 242 252 238 259 242 212 238 243 236 229 226 226 230 230 287 321 331 340 344 339 275 252 159 101 167 139 147 167 272 358 459 480 415 298 239 265 358 390 328 418 525 628 653 677 709 713 713 716 717 716 710 706 707 712 691 645 604 584 577 575 565
-9999 -9999 816 781 713 651 625 624 613 607 594 551 487 486 483 466 438 423 415 408 429 394 374 359 346 311 327 311 293 248 261 257 222 229 238 240 239 225 221 217 206 239 294 300 284 305 341 289 217 184 117 98 107 167 247 347 429 454 390 271 153 187 263 357 333 290 426 541 629 644 641 697 693 687 716 720 719 715 716 715 718 698 670 633 605 588 582 571
865 831 813 770 715 666 644 628 603 562 595 539 523 529 501 478 444 462 410 421 445 390 377 357 353 325 389 356 278 258 279 284 241 253 237 255 259 234 220 204 213 232 260 258 234 267 334 309 216 200 202 144 137 196 320 385 396 350 210 94 40 154 265 329 254 272 430 556 634 640 616 660 653 634 683 712 719 720 719 714 712 700 695 668 644 618 593 574
852 826 803 759 723 713 698 689 626 570 615 590 541 525 520 478 470 436 411 456 467 386 377 373 367 363 420 340 322 331 314 293 240 276 256 272 266 246 231 227 262 234 220 223 224 267 299 294 265 187 257 308 322 344 358 329 289 219 31 -8 35 167 236 251 232 289 434 565 641 631 618 613 619 600 628 687 718 722 708 700 698 694 700 691 672 651 605 584
852 840 802 800 806 811 793 718 627 607 612 579 537 534 507 528 489 469 458 520 438 400 396 390 365 433 371 339 314 283 275 285 271 262 239 212 212 204 232 260 215 201 208 204 207 259 277 302 312 247 247 259 301 321 288 182 167 124 -11 66 132 164 175 219 340 417 489 595 649 618 599 598 593 603 625 659 715 714 689 678 677 675 691 683 661 650 609 603
864 834 829 824 811 781 778 752 688 671 661 609 533 532 546 586 537 524 528 506 461 422 408 408 399 411 376 362 319 283 265 269 262 262 237 215 204 200 236 265 185 124 131 150 210 250 276 300 231 200 187 242 309 329 234 67 34 117 165 219 306 348 352 371 422 541 619 645 606 581 589 592 592 611 624 659 704 682 656 636 640 651 665 670 640 613 602 600
855 855 831 782 745 704 699 713 713 691 671 654 623 597 585 577 547 571 522 492 465 438 435 439 441 431 407 396 363 313 293 286 281 263 234 223 204 222 245 265 206 176 149 146 174 163 207 262 234 176 182 232 265 297 272 97 209 306 385 414 480 532 548 561 593 625 613 565 527 504 541 595 603 608 645 670 678 643 624 625 625 612 641 651 623 600 591 576
858 890 829 753 720 688 674 692 713 680 634 630 622 603 589 572 562 542 505 474 452 442 446 453 458 452 440 419 390 347 322 309 301 267 240 229 214 236 249 242 209 202 163 178 141 110 186 211 189 206 197 164 194 257 277 203 300 390 444 462 485 536 587 598 590 550 535 469 413 414 440 497 534 597 611 614 622 628 614 615 600 596 615 619 599 595 590 564
887 879 808 757 742 727 716 707 694 661 610 602 585 590 593 564 546 501 496 465 447 448 471 486 491 454 455 438 398 361 335 328 302 273 260 232 238 260 262 225 199 208 187 207 156 157 193 184 130 180 216 172 209 250 252 264 353 352 391 364 366 456 495 523 502 425 386 362 348 355 374 382 433 499 514 564 579 587 603 586 584 585 601 600 592 589 584 562
908 830 775 765 761 757 746 707 667 645 626 618 606 618 606 554 512 505 493 479 472 479 515 534 511 454 472 463 413 360 331 318 280 255 267 234 258 280 263 221 231 244 234 211 196 223 199 177 151 179 227 222 245 258 244 295 379 295 315 274 273 371 399 442 392 368 303 271 308 328 324 316 380 393 429 506 536 561 572 564 569 577 584 585 582 583 584 563
883 817 782 773 772 750 714 674 662 646 644 632 648 647 597 579 545 541 506 506 510 527 541 538 467 472 509 476 437 375 328 291 260 217 245 239 266 289 257 232 297 280 257 211 242 242 197 179 227 232 220 244 243 253 255 298 345 263 264 233 236 300 341 405 311 360 319 250 272 328 284 269 366 374 446 495 520 539 542 553 555 563 570 579 575 562 561 559
836 805 802 811 797 730 692 680 681 672 665 690 718 664 620 610 602 608 515 509 510 542 553 505 471 490 503 445 443 409 350 314 293 214 225 250 293 318 305 280 307 240 217 238 297 252 190 198 241 217 208 249 248 234 229 247 266 232 235 199 213 247 286 373 277 327 351 285 253 329 266 263 385 436 500 509 513 517 528 547 541 549 566 580 572 539 532 544
836 832 863 799 717 703 703 693 693 717 796 773 694 709 761 723 707 583 562 519 536 587 533 490 501 498 438 466 451 383 298 281 266 216 245 295 346 344 304 315 279 224 221 256 272 233 201 239 236 182 247 252 250 210 132 201 223 208 226 215 234 233 234 301 266 273 325 280 246 289 274 339 446 488 464 464 475 500 517 535 531 537 559 577 570 540 536 542
936 850 818 790 755 733 705 722 735 798 784 680 694 730 727 638 638 642 649 625 623 631 584 560 516 432 454 479 395 366 334 285 296 306 288 327 377 335 324 312 257 250 262 301 268 243 231 252 198 200 243 264 264 222 180 149 144 251 263 251 256 232 218 283 291 269 263 232 174 193 296 380 477 466 386 375 435 462 480 513 527 516 544 565 565 561 575 577
891 841 833 772 733 725 729 766 829 818 718 780 819 789 695 608 592 598 608 619 590 553 524 517 503 457 523 475 375 330 293 263 317 340 332 382 395 348 329 303 268 258 269 312 266 255 262 267 248 253 271 261 249 227 177 119 129 260 262 238 229 252 171 199 267 258 249 258 284 284 348 429 451 319 315 362 378 415 445 490 506 511 534 555 565 578 610 619
858 884 827 768 740 750 776 791 875 767 754 857 861 776 647 601 588 601 608 599 580 547 515 506 510 557 549 427 342 307 296 312 345 353 370 428 414 357 337 299 281 317 365 338 316 306 316 278 264 258 276 248 225 230 185 141 211 258 258 234 250 238 207 243 259 134 133 245 287 310 388 397 429 302 276 331 348 378 421 475 494 480 500 538 573 594 645 669
886 918 817 775 764 798 816 829 893 782 867 899 848 715 626 620 609 623 613 593 583 567 537 514 517 650 560 416 347 307 337 379 389 367 429 462 414 360 338 285 304 405 409 356 351 311 280 237 268 279 269 256 244 235 205 200 273 252 234 252 254 247 219 232 243 112 175 238 296 315 332 362 405 302 272 312 351 367 400 433 444 462 483 537 605 655 715 742
