Dropbox/GRP Data/GRP mammal paper/NN_analysis/DATA/2012 input files not used in 2014 analyses/yo_c_bio_6_OLD.asc
ncols         226
nrows         141
xllcorner     -70621.9986746
yllcorner     -77191.4869234
cellsize      821.1860311
NODATA_value  -9999
[rows 54 to 80 of 141, columns 124 to 185 of 226]
-783.0538 -837.0979 -895.4186 -925.5369 -773.3711 -652.4606 -594.1769 -632.7215 -793.6155 -802.3203 -866.9399 -833.637 -814.1961 -898.7568 -930.5354 -919.6368 -909.6244 -887.0302 -883.5621 -973.6698 -1023.901 -1076.114 -987.6673 -1017.814 -1029.802 -1050.355 -1061.923 -1110.488 -1098.917 -1089.489 -1092.393 -1123.085 -1142.979 -1142.724 -1125.635 -1132.076 -1064.439 -1083.633 -1077.385 -1050.177 -968.2841 -1006.432 -967.3552 -930.8297 -953.4829 -988.815 -1004.652 -996.6182 -965.2966 -965.5659 -948.0436 -903.4227 -899.6272 -909.6917 -841.936 -730.7764 -713.9615 -722.9868 -745.9161 -781.2803 -797.6562 -813.2636
-789.9545 -850.3697 -887.0097 -819.4611 -631.567 -491.1737 -442.9308 -529.6799 -733.1536 -725.8959 -730.553 -719.0779 -739.9641 -764.8708 -783.0457 -797.2356 -814.6242 -849.7909 -874.716 -880.8726 -993.7945 -1000.825 -966.9097 -978.1923 -1012.472 -1076.161 -1092.016 -1117.81 -1102.192 -1089.188 -1092.539 -1110.922 -1141.76 -1146.477 -1112.707 -1110.334 -1090.16 -1002.86 -1014.463 -996.3673 -1024.122 -978.4387 -1012.306 -989.0726 -942.5466 -929.3269 -951.1557 -941.1719 -921.788 -861.2395 -903.2607 -859.4413 -827.5814 -850.2223 -826.6675 -814.6068 -717.4056 -727.6292 -739.6006 -761.0446 -785.0201 -801.2811
-746.4799 -782.7702 -741.424 -635.3757 -500.5077 -371.0741 -357.6675 -567.2057 -704.6885 -681.4384 -626.4166 -586.1647 -583.2115 -705.396 -773.0782 -833.1555 -837.3429 -881.7967 -879.863 -855.1467 -930.7123 -945.5306 -955.4208 -966.8878 -1000.81 -1088.042 -1114.564 -1129.407 -1122.284 -1123.556 -1104.801 -1115.813 -1131.296 -1145.867 -1129.21 -1107.911 -1097.223 -1062.267 -1046.563 -968.7224 -994.2853 -970.8564 -975.1163 -968.0436 -946.9708 -970.6727 -982.2223 -943.2588 -924.0997 -932.405 -861.7509 -846.2708 -796.9962 -816.9008 -817.7903 -789.1859 -752.4089 -733.1583 -734.7761 -759.2407 -786.6637 -806.113
-653.8077 -655.7936 -552.9645 -434.0893 -357.4973 -294.251 -312.6963 -488.4623 -574.3078 -545.6115 -531.8989 -494.6669 -491.6234 -605.5279 -691.511 -743.9857 -775.3577 -801.6851 -800.5968 -854.6637 -910.2042 -922.3339 -944.0911 -958.2578 -1014.031 -1081.628 -1104.993 -1126.227 -1127.158 -1144.427 -1135.995 -1145.089 -1144.927 -1144.005 -1127.684 -1126.379 -1116.841 -1120.396 -1077.483 -1030.921 -1027.152 -971.7596 -955.077 -947.6583 -957.6759 -972.0765 -970.649 -910.3462 -1009.202 -921.4711 -955.2119 -908.7944 -826.0535 -807.6503 -811.2009 -801.2261 -766.7886 -751.9197 -737.6353 -746.4649 -768.3462 -800.4215
-569.2578 -517.2768 -399.1454 -280.6674 -249.8107 -237.4477 -258.5835 -309.3888 -383.2271 -411.6529 -563.4215 -560.6894 -555.9086 -568.7369 -615.8462 -664.8826 -757.3577 -775.8972 -781.6224 -838.5813 -935.2761 -911.9584 -919.3636 -959.796 -1061.695 -1076.276 -1096.467 -1122.142 -1116.925 -1143.96 -1155.937 -1163.2 -1121.492 -1115.348 -1129.883 -1130.951 -1122.965 -1127.163 -1076.171 -1069.582 -1055.105 -977.7857 -975.8256 -988.6472 -1011.041 -997.925 -958.8873 -901.4986 -977.8223 -954.9958 -938.3298 -904.5575 -859.2985 -850.7967 -829.9683 -810.9221 -802.5228 -760.0496 -747.983 -752.9223 -768.852 -794.0671
-485.0357 -374.6757 -277.0491 -293.44 -323.9232 -304.9308 -305.4642 -403.5884 -383.954 -538.2726 -800.8427 -773.3194 -697.0263 -761.3769 -740.1835 -839.4636 -918.4645 -930.9948 -911.12 -872.2991 -974.4093 -928.6652 -928.507 -1019.107 -1091.674 -1074.264 -1087.063 -1107.327 -1113.879 -1141.416 -1148.987 -1158.924 -1101.691 -1102.312 -1147.368 -1130.752 -1125.505 -1096.693 -1056.097 -1069.711 -1050.359 -993.0949 -1000.09 -1029.144 -1048.709 -1046.281 -993.7163 -920.1238 -908.1682 -954.8446 -900.8621 -897.0002 -875.6522 -862.1606 -834.5918 -799.918 -813.6642 -778.7469 -757.6989 -759.252 -772.1165 -783.3458
-227.5662 -277.6631 -351.4698 -552.1899 -606.5446 -647.8926 -649.5156 -703.4079 -661.9518 -836.2615 -951.4419 -902.3002 -815.1808 -936.31 -813.8557 -886.2649 -898.1467 -914.3124 -962.186 -1017.667 -1042.898 -995.6674 -1026.186 -1120.038 -1050.713 -1061.39 -1043.305 -1057.668 -1116.694 -1135.195 -1130.905 -1147.808 -1150.615 -1151.778 -1159.55 -1145.631 -1145.256 -1082.679 -1064.727 -1088.008 -1041.402 -1020.602 -1005.187 -1038.37 -1055.316 -1081.433 -1074.693 -992.6312 -925.7831 -902.1075 -901.9871 -912.6021 -881.5551 -854.3618 -833.2732 -794.3645 -803.19 -795.2853 -765.9828 -763.637 -772.9918 -780.5345
-590.1736 -619.9044 -614.9222 -619.2211 -736.1091 -831.7378 -936.9648 -781.4232 -928.069 -983.0131 -979.2997 -985.7283 -951.3695 -949.3453 -934.4315 -904.3555 -851.2681 -855.2755 -1043.116 -1106.053 -1114.155 -1097.922 -1082.584 -1038.558 -1050.552 -1049.933 -1042.384 -1057.529 -1089.923 -1103.134 -1117.031 -1129.58 -1138.013 -1179.941 -1170.015 -1147.688 -1146.133 -1135.203 -1139.097 -1114.675 -1026.192 -1063.69 -1020.047 -1068.416 -1108.906 -1119.424 -1149.885 -1095.889 -975.371 -893.4943 -876.5923 -908.5292 -894.8765 -872.253 -843.521 -811.7197 -805.7114 -796.2127 -775.4578 -771.7803 -776.9283 -787.1687
-641.3124 -731.2183 -792.6022 -853.3361 -958.9701 -1002.452 -1034.959 -1040.816 -1052.998 -1056.158 -1051.116 -1037.167 -994.2652 -1005.813 -1026.701 -1002.347 -864.092 -931.8825 -1007.281 -1095.315 -1062.686 -1044.503 -1069.38 -1041.865 -1048.522 -1058.854 -1065.171 -1083.137 -1091.33 -1113.786 -1136.696 -1144.627 -1150.592 -1175.899 -1193.467 -1173.546 -1149.439 -1151.988 -1149.756 -1127.96 -1035.963 -1134.349 -1078.017 -1069.401 -1179.508 -1188.324 -1141.941 -1035.542 -948.383 -890.3793 -868.9461 -929.746 -935.5385 -871.0657 -834.9321 -827.069 -819.3317 -799.8651 -784.8522 -779.3265 -785.3923 -793.0413
-733.5876 -784.7398 -812.366 -846.7669 -920.4829 -988.2457 -1060.699 -1048.408 -1004.93 -985.0444 -996.9918 -1068.407 -1077.663 -1074.663 -1086.447 -933.86 -907.9127 -974.0537 -941.0353 -916.752 -1038.191 -1077.519 -1076.833 -1055.829 -1045.361 -1078.312 -1146.79 -1178.546 -1202.43 -1204.458 -1213.645 -1213.389 -1248.574 -1257.658 -1262.46 -1212.464 -1176.87 -1168.202 -1152.478 -1163.857 -1140.065 -1132.231 -1115.527 -1070.476 -1077.846 -1124.775 -1100.657 -1073.787 -1055.435 -932.5623 -922.869 -1027.061 -987.0022 -895.0472 -848.5891 -834.348 -831.7613 -803.1694 -789.4744 -784.8572 -796.0137 -803.5505
-776.0385 -833.8842 -867.1754 -901.5502 -945.8464 -977.4283 -992.1832 -915.0829 -889.2955 -894.1442 -971.7733 -1081.318 -1123.143 -1137.093 -1104.244 -935.245 -1012.528 -1052.244 -974.5858 -905.2863 -1031.888 -1109.665 -1100.211 -1066.03 -1055.718 -1084.399 -1157.319 -1198.25 -1226.532 -1242.119 -1250.054 -1256.305 -1265.67 -1267.223 -1271.159 -1262.36 -1257.297 -1227.981 -1170.291 -1161.142 -1149.114 -1134.483 -1118.599 -1063.883 -1053.866 -1091.018 -1156.041 -1199.859 -1065.363 -937.81 -1025.281 -1033.131 -962.3459 -910.6716 -863.6235 -851.7332 -835.3495 -817.7507 -801.7251 -795.4568 -800.4241 -808.3882
-773.2467 -821.8693 -866.909 -905.4338 -919.7344 -938.9459 -925.5093 -834.5848 -807.7512 -841.2335 -962.5822 -1083.209 -1137.113 -1168.894 -1148.208 -978.1685 -1095.42 -1101.902 -964.9473 -931.1038 -1011.857 -1097.66 -1110.237 -1089.947 -1065.963 -1076.62 -1124.735 -1200.924 -1230.488 -1240.614 -1243.168 -1246.233 -1237.884 -1240.614 -1261.197 -1276.439 -1282.819 -1258.31 -1206.667 -1178.578 -1146.974 -1130.923 -1118.724 -1069.844 -1069.746 -1152.343 -1193.568 -1124.317 -1030.727 -947.8213 -1020.3 -1001.107 -979.0324 -913.0814 -864.737 -857.3704 -856.1129 -821.8417 -812.1362 -804.1227 -807.244 -817.169
-765.6091 -781.5642 -818.8681 -854.6255 -876.8221 -914.0221 -903.1931 -813.0964 -764.0037 -810.4915 -929.4308 -1013.114 -1057.34 -1108.567 -1148.995 -1045.608 -1139.429 -1109.916 -940.5635 -943.9521 -994.8898 -1058.201 -1134.941 -1134.515 -1110.546 -1098.87 -1085.198 -1174.85 -1225.685 -1240.777 -1246.154 -1241.772 -1230.069 -1220.921 -1228.489 -1236.082 -1251.325 -1247.327 -1188.08 -1173.85 -1128.785 -1085.088 -1086.176 -1043.716 -1033.183 -1137.158 -1137.493 -1057.524 -969.8741 -954.2892 -1031.202 -1005.924 -961.4182 -892.2474 -863.7892 -857.137 -855.6942 -843.8289 -835.351 -826.6024 -834.9334 -833.1862
-780.8748 -783.3338 -806.9958 -844.0017 -896.8657 -918.1843 -875.1682 -773.6288 -736.9575 -807.5339 -884.4 -929.4055 -991.9679 -1063.519 -1139.861 -1139.275 -1153.014 -1086.919 -949.4754 -951.6396 -987.7659 -1037.124 -1162.296 -1127.291 -1120.805 -1119.634 -1063.543 -1114.319 -1162.577 -1203.134 -1228.524 -1229.994 -1237.497 -1240.22 -1234.422 -1232.431 -1231.121 -1240.495 -1169.635 -1156.051 -1119.07 -1079.031 -1077.866 -1021.162 -1015.376 -1077.752 -1050.527 -1013.481 -963.8555 -952.6276 -981.265 -988.8704 -988.0385 -915.9267 -867.9628 -852.5237 -844.825 -862.5428 -863.4146 -862.6531 -856.8416 -846.1396
-820.0407 -816.0628 -827.4939 -858.0953 -885.3195 -866.582 -782.3192 -707.9677 -739.636 -864.3115 -889.0449 -960.3107 -1072.859 -1151.562 -1206.048 -1215.069 -1123.395 -1032.039 -968.3495 -964.2215 -983.3209 -1054.974 -1165.147 -1064.612 -1063.732 -1094.013 -1070.671 -1086.373 -1093.912 -1129.504 -1167.609 -1185.509 -1205.375 -1245.015 -1274.046 -1270.877 -1251.166 -1245.98 -1203.873 -1120.176 -1124.75 -1110.4 -1098.238 -1040.58 -1033.293 -1038.721 -1015.028 -1013.013 -1004.157 -961.5986 -953.184 -947.6082 -989.9866 -963.5427 -902.601 -873.6141 -862.8336 -882.9415 -871.4163 -871.7703 -866.4075 -855.244
-840.0799 -818.8688 -819.972 -802.3445 -773.106 -790.2861 -679.6234 -661.5555 -777.3074 -920.7723 -979.3493 -1019.451 -1056.144 -1156.317 -1209.838 -1182.035 -1041.546 -951.6631 -964.7728 -995.0448 -995.6533 -1085.046 -1150.321 -1073.869 -1052.651 -1054.309 -1083.706 -1122.885 -1121.862 -1101.303 -1126.278 -1127.481 -1127.729 -1182.359 -1270.575 -1268.828 -1258.156 -1245.047 -1249.092 -1101.913 -1136.593 -1127.672 -1106.305 -1081.826 -1053.287 -1035.397 -1036.793 -1059.961 -1072.839 -1009.11 -989.2223 -920.6252 -959.5585 -1005.983 -954.174 -903.6376 -899.6129 -902.7836 -865.2832 -866.233 -872.3794 -860.5355
-820.2212 -780.8563 -763.4152 -715.9512 -681.4904 -700.598 -632.9145 -711.678 -825.0842 -916.5062 -1002 -1065.711 -1160.8 -1218.109 -1223.419 -1109.767 -1001.284 -920.9248 -955.1743 -1018.389 -1060.079 -1101.98 -1070.992 -1071.252 -1062.18 -1038.532 -1013.473 -1006.105 -1052.224 -1098.935 -1155.365 -1072.792 -1108.467 -1164.691 -1231.215 -1239.389 -1199.981 -1253.757 -1233.063 -1198.444 -1144.053 -1144.91 -1102.967 -1088.267 -1066.658 -1047.782 -1055.201 -1092.021 -1141.504 -1064.587 -996.3875 -930.951 -969.2455 -1007.372 -974.5998 -909.7497 -919.7335 -914.5085 -871.1844 -876.7259 -881.0069 -867.5462
-815.3794 -741.2316 -718.1066 -699.512 -654.4121 -638.1136 -633.0049 -740.5466 -832.181 -904.168 -1036.988 -1124.318 -1122.958 -1047.442 -989.0131 -961.3409 -928.1578 -901.867 -956.8604 -1003.96 -1021.123 -1067.22 -1025.18 -1007.177 -1053.978 -991.3156 -1001.106 -1009.15 -1051.354 -1135.988 -1072.696 -1056.513 -1109.137 -1150.261 -1222.811 -1193.022 -1185.556 -1255.372 -1238.602 -1264.112 -1090.676 -1130.576 -1117.62 -1090.234 -1061.271 -1063.109 -1063.138 -1057.961 -1068.462 -996.4188 -937.6918 -963.4471 -984.9639 -908.7434 -941.6877 -908.5303 -922.9112 -921.6224 -897.3881 -895.9081 -887.6199 -880.9286
-816.8336 -740.8831 -686.3678 -668.2362 -619.395 -609.8462 -663.7665 -767.3005 -804.0099 -886.6152 -1031.203 -1072.362 -1030.436 -950.1591 -902.8527 -896.3851 -895.9743 -892.5199 -965.6436 -976.7193 -992.8667 -1023.595 -1017.956 -996.0864 -1056.633 -1051.584 -1009.173 -1014.227 -1038.817 -1058.039 -1046.744 -1054.712 -1120.13 -1128.234 -1152.468 -1173.844 -1187.679 -1187.759 -1240.634 -1253.597 -1137.938 -1147.709 -1130.655 -1129.635 -1086.955 -1149.9 -1169.962 -1115.281 -1045.021 -952.9337 -937.7003 -914.1071 -909.619 -903.3239 -917.658 -911.6115 -925.2018 -925.4915 -911.5939 -906.7471 -890.6031 -887.3631
-825.9365 -765.2903 -660.1841 -619.6696 -596.5474 -595.8701 -680.383 -775.7515 -786.2894 -855.3221 -973.8138 -985.0806 -925.0598 -866.4478 -845.4213 -844.0059 -867.0451 -875.9276 -959.2122 -961.4399 -978.9202 -1001.795 -1009.626 -1013.222 -1036.866 -1039.135 -1018.6 -1042.667 -1091.933 -1081.356 -1060.406 -1061.141 -1172.279 -1163.364 -1148.853 -1126.996 -1159.592 -1177.432 -1258.311 -1259.31 -1233.176 -1196.151 -1165.102 -1123.181 -1138.016 -1189.925 -1201.545 -1180.551 -1142.235 -1153.891 -1090.648 -970.4084 -915.742 -904.4424 -891.0145 -935.6255 -932.2545 -949.2639 -922.6088 -912.2908 -900.698 -897.5715
-822.0465 -755.9938 -657.231 -582.7202 -580.4438 -584.1079 -677.8809 -766.7021 -771.7003 -814.7994 -869.5331 -857.8904 -794.9608 -787.3505 -800.3464 -784.7127 -834.2769 -888.2085 -950.3629 -949.8926 -964.436 -996.2466 -999.2513 -1013.276 -1015.583 -1024.536 -1056.47 -1118.513 -1175.597 -1102.381 -1048.246 -1070.184 -1215.011 -1148.728 -1153.666 -1128.322 -1144.427 -1178.285 -1170.407 -1184.109 -1246.413 -1208.515 -1137.664 -1120.609 -1113.385 -1142.947 -1173.337 -1180.573 -1138.827 -1170.358 -1178.21 -1137.155 -1013.512 -911.8601 -881.0347 -862.999 -953.872 -950.3516 -910.2897 -925.224 -919.0614 -910.6994
-794.6416 -691.0167 -636.0851 -564.3962 -573.1036 -596.5869 -675.2856 -753.7107 -769.5106 -766.4737 -758.5358 -721.982 -686.7542 -755.9293 -767.5108 -745.9149 -813.1539 -879.6176 -924.5066 -939.8463 -962.1183 -998.6381 -987.7462 -1005.082 -1071.975 -1035.666 -1119.272 -1201.464 -1179.146 -1064.606 -1041.825 -1124.139 -1217.293 -1125.823 -1144.553 -1147.657 -1146.37 -1172.798 -1163.16 -1175.678 -1268.452 -1242.368 -1152.893 -1148.192 -1112.795 -1103.876 -1127.229 -1189.024 -1091.172 -1079.538 -1098.534 -1121.352 -1050.175 -917.8204 -881.2754 -888.8384 -966.7357 -957.9921 -890.5136 -934.9578 -940.197 -921.6568
-764.4306 -628.6042 -569.3456 -534.0687 -568.9215 -632.9816 -678.9955 -739.8098 -766.6175 -722.4839 -674.8849 -624.776 -644.6824 -750.4426 -741.0328 -749.2273 -808.3804 -851.7637 -882.7496 -911.4306 -969.4203 -1005.064 -974.8218 -1001.48 -1160.223 -1081.115 -1150.431 -1168.571 -1085.792 -1043.385 -1076.8 -1152.024 -1160.151 -1117.434 -1131.606 -1141.524 -1156.807 -1167.748 -1193.485 -1189.885 -1288.446 -1264.392 -1191.69 -1162.11 -1129.229 -1098.079 -1133.294 -1220.528 -1141.18 -1083.533 -1017.942 -1035.615 -1034.774 -930.2625 -904.6825 -940.9368 -956.33 -905.5439 -898.4308 -940.8026 -957.6409 -946.5546
-758.642 -631.7619 -516.5862 -468.17 -539.932 -638.556 -661.8868 -712.0635 -720.3158 -706.5458 -635.275 -578.7891 -644.5179 -714.2469 -715.4204 -727.9214 -787.5542 -841.8192 -863.0043 -871.5029 -967.3107 -1011.528 -961.2139 -1030.922 -1178.922 -1127.603 -1099.414 -1031.937 -1013.798 -1097.877 -1124.323 -1106.196 -1086.425 -1099.259 -1111.089 -1110.968 -1155.179 -1162.669 -1179.88 -1171.046 -1276.281 -1268.521 -1198.435 -1161.432 -1132.43 -1102.607 -1127.08 -1208.057 -1180.423 -1134.943 -1019.358 -984.8918 -974.5062 -902.9028 -911.9063 -962.6328 -959.4312 -897.8525 -924.2119 -946.3858 -961.9551 -959.5826
-729.4492 -570.3571 -466.6833 -439.907 -488.3926 -594.6622 -592.1756 -671.297 -677.3607 -715.1139 -677.4922 -571.481 -629.1356 -732.3107 -687.0595 -548.7607 -723.0892 -784.4426 -895.2042 -903.5339 -961.9689 -1009.935 -941.566 -1124.356 -1158.764 -1108.813 -1005.332 -1004.19 -1076.274 -1141.222 -1112.067 -1059.823 -1069.75 -1066.88 -1075.172 -1091.872 -1132.767 -1144.248 -1156.934 -1157.12 -1232.946 -1253.752 -1168.357 -1158.966 -1121.445 -1096.576 -1071.105 -1118.37 -1108.521 -1123.884 -1036.628 -965.0399 -919.4723 -874.7471 -899.4045 -952.2664 -964.0479 -931.3165 -952.958 -957.7341 -965.7973 -939.978
-721.2449 -597.0428 -540.8727 -437.8807 -442.0582 -507.6266 -566.6946 -574.0972 -594.4282 -720.274 -656.269 -507.1365 -602.0149 -652.1118 -602.8997 -618.0299 -812.716 -980.749 -964.8096 -938.3188 -971.6096 -988.2161 -882.5997 -1084.427 -1158.158 -1144.069 -1018.717 -1038.389 -1089.032 -1076.519 -1039.444 -1034.63 -1065.975 -1083.622 -1078.549 -1093.677 -1121.863 -1118.331 -1174.95 -1169.839 -1162.626 -1158.009 -1148.567 -1128.662 -1109.397 -1089.989 -1063.789 -1035.596 -1041.465 -1073.214 -994.0723 -945.5971 -927.3348 -913.5847 -879.6223 -931.7748 -953.7761 -932.0173 -972.1224 -970.2404 -968.4928 -902.3945
-703.1552 -681.8475 -630.7571 -475.4796 -438.1484 -504.5707 -535.5867 -503.6571 -566.9102 -656.3941 -530.3052 -458.7041 -506.1299 -424.6815 -481.1641 -660.3557 -989.3831 -920.248 -875.3177 -858.5275 -859.773 -867.813 -1000.036 -1087.229 -1097.108 -1133.072 -967.0027 -1074.99 -989.9576 -983.2056 -994.5294 -1032.49 -1030.796 -1080.089 -1083.189 -1081.924 -1107.266 -1131.523 -1171.218 -1180.289 -1165.018 -1153.829 -1167.072 -1160.818 -1111.836 -1098.402 -1075.111 -1042.864 -1034.61 -987.1496 -969.5253 -960.6179 -928.3618 -913.886 -802.3184 -908.2042 -983.1129 -956.0123 -969.8329 -962.355 -928.7304 -873.0891
