Dropbox/GRP Data/GRP mammal paper/NN_analysis/DATA/2012 input files not used in 2014 analyses/yo_c_bio_6_OLD.asc
ncols         226
nrows         141
xllcorner     -70621.9986746
yllcorner     -77191.4869234
cellsize      821.1860311
NODATA_value  -9999
[rows 81 to 107 of 141, columns 0 to 61 of 226]
-9999 -9999 -9999 -9999 -9999 -9999 -9999 -9999 -9999 337.2511 329.657 319.0189 315.8184 308.0345 303.8674 301.9914 297.6768 298.6418 299.7883 302.8543 299.2422 294.7568 291.9689 289.8082 287.0425 292.4765 292.8214 288.7425 284.2874 279.7546 276.7203 275.2097 285.4862 288.4731 287.2408 288.3225 287.3353 279.9043 277.5264 281.9119 275.9101 268.3617 273.5453 276.5694 280.8665 275.8671 259.2626 248.6926 247.4678 235.0114 216.8058 201.1682 141.3665 120.2017 106.8342 110.5715 119.3748 155.3008 137.4949 108.8228 95.97019 81.24721
-9999 -9999 -9999 -9999 -9999 -9999 -9999 -9999 338.1851 335.8651 328.6136 321.2375 316.8344 313.7423 304.7855 308.7054 306.2458 301.5104 301.3128 301.7281 303.4363 303.5132 301.3087 299.2027 295.6721 297.6111 297.6705 291.8466 286.3224 282.3116 283.4254 280.201 284.9272 292.1331 290.3992 291.2481 290.0962 286.1855 280.0353 282.2743 279.3316 268.8464 272.5535 276.7052 284.1832 275.8554 257.6873 253.7908 251.2247 233.2702 231.837 210.8717 160.0721 152.5665 127.8415 113.6206 148.6253 116.9154 111.8845 98.99405 99.27972 85.70997
-9999 -9999 -9999 -9999 -9999 -9999 -9999 330.4891 337.8083 333.758 331.9029 325.6621 323.4541 317.9005 311.4521 312.6233 311.2611 306.4334 302.486 301.1467 305.6058 308.6016 307.1507 304.9418 301.8519 301.2128 300.8685 296.969 292.6164 285.5945 288.8151 286.9935 284.4567 291.1514 292.2993 291.8624 291.6672 291.6606 286.9018 286.1906 283.6423 272.2481 271.8216 275.5651 279.8265 273.3195 263.7555 259.3355 252.3247 237.6707 234.2587 217.3268 187.0949 158.964 128.5475 98.69601 127.4745 103.9593 100.2803 96.38594 105.4268 104.6311
-9999 -9999 -9999 -9999 -9999 -9999 325.4567 326.2327 333.5741 333.0255 334.2138 331.2437 328.9846 322.6653 320.1212 314.6591 317.4319 311.4323 305.6035 303.6655 311.26 314.7145 313.6335 307.1917 305.2433 304.4027 303.449 301.4611 299.1214 291.4736 291.1142 289.4592 285.8313 288.085 288.7679 288.2334 291.986 293.7379 293.3485 288.1194 287.2329 278.7287 273.8762 276.6379 276.807 273.6577 269.3892 269.2819 256.6622 247.0786 236.4158 222.1494 194.5947 145.9271 119.0617 84.5667 121.1771 119.1776 99.89408 105.7035 122.7385 140.6665
-9999 -9999 -9999 -9999 -9999 322.2202 321.8218 326.3672 330.5071 331.8722 334.5618 336.446 330.7533 326.6124 325.356 319.4412 323.1805 316.4064 311.7413 311.9114 318.8408 321.0302 320.1983 312.0645 307.4948 306.6949 305.7422 303.8734 301.4651 297.7683 293.8628 290.9389 288.2638 285.4677 280.347 280.4838 288.0541 293.4234 295.3485 287.3342 287.954 284.1292 276.5258 280.0483 280.2308 278.3183 274.3884 277.7384 268.192 254.3907 246.8717 223.9724 183.4954 149.758 122.9788 112.0011 166.8722 111.5716 82.65879 112.0124 121.2449 154.0639
-9999 -9999 -9999 -9999 -9999 326.0442 325.6083 331.6523 331.1636 330.6306 333.6912 338.1853 333.0964 330.1043 328.8517 325.6345 327.047 321.903 319.0395 322.3456 321.996 321.5559 321.0604 317.5651 310.8024 309.6317 308.2382 306.9733 303.6928 300.6949 296.8512 292.9082 290.0143 285.5814 275.5714 273.2844 278.825 290.9161 296.473 295.6986 294.4829 285.4139 275.7798 277.637 277.4737 279.6111 276.3253 274.4154 272.1098 259.1271 246.1678 225.0743 198.0928 193.3523 172.8806 156.7491 158.0291 125.6295 137.0916 147.2507 115.3177 142.0316
-9999 -9999 -9999 -9999 333.7429 333.0327 332.7438 332.0868 331.9729 331.8151 331.0083 334.7179 336.8036 336.1218 335.2107 326.5793 333.1792 325.7712 324.199 322.9982 322.5178 321.9183 321.4933 312.7296 319.123 315.1854 311.5098 312.1341 306.3648 303.829 300.8823 295.5379 292.4724 289.4035 279.2998 279.3799 287.3806 295.4131 297.3394 299.0178 296.5626 291.8524 282.464 282.2924 280.9217 291.8446 279.9052 270.396 267.7902 262.8881 254.9402 229.5064 200.9519 197.5129 196.8432 198.6869 194.95 198.2382 199.7682 184.1871 142.8158 144.7844
-9999 -9999 -9999 -9999 334.3044 334.1676 333.3458 332.5266 332.6346 332.4081 331.0416 330.099 329.0769 327.9537 327.0925 326.8724 334.87 333.7954 329.0012 323.3394 322.8324 322.2684 321.9905 321.2921 318.1652 309.663 308.8106 312.9734 310.7536 305.8408 310.3608 299.0012 296.0764 293.4474 287.0501 279.7066 282.6032 294.7699 300.1491 300.5463 294.844 289.391 285.0894 284.334 283.3813 282.5594 280.0995 280.4556 278.4573 272.4303 259.7803 243.0541 218.6423 207.7929 200.5965 202.7517 203.592 238.9162 237.3362 235.3999 208.4267 189.3243
-9999 -9999 -9999 336.1534 335.3369 334.8891 333.8707 332.9861 332.6148 332.9578 332.0376 330.0996 329.2353 328.3254 326.5533 325.8631 326.0871 325.5077 324.5466 323.4393 322.8972 322.3665 314.1176 313.0933 312.236 310.2638 310.0342 310.0242 308.8787 307.1711 306.096 301.4476 298.1897 296.3842 292.8904 285.0206 278.1246 288.1276 299.9361 299.321 297.7838 292.1948 294.629 291.479 287.5672 286.3212 287.2944 286.1342 289.3903 285.2496 272.4875 261.0831 242.5703 222.7417 205.2469 210.88 232.5649 254.294 250.2923 244.31 238.4149 225.4726
-9999 -9999 -9999 339.5285 342.2427 344.2715 334.4863 333.6674 333.0159 332.8569 331.4814 324.9733 320.8507 320.2845 326.7126 317.9679 317.3681 319.4492 324.0212 323.6712 323.2253 322.5954 313.3879 312.1741 311.6116 310.8366 310.5072 309.7026 308.9128 307.106 306.1639 304.4022 302.0642 305.1145 302.9223 294.7286 282.2479 282.8476 290.7147 298.207 287.3016 296.7602 297.6596 296.3494 293.3937 296.8123 296.5559 293.9162 291.249 291.9998 285.6061 275.8593 254.7066 228.9537 213.5659 221.5846 242.2389 257.3551 258.4861 252.7331 243.7817 244.7784
-9999 -9999 347.3459 345.3271 345.5372 345.6649 334.5805 334.8067 333.5949 332.7366 331.828 328.6366 321.3127 318.6721 327.0885 316.3605 315.8006 318.4565 321.2738 321.4353 323.7284 323.0849 319.5801 318.8742 317.0657 311.5801 310.7081 309.7498 308.8315 307.3196 306.4725 311.3571 310.083 310.426 308.6963 300.7755 289.5397 281.9445 286.2543 287.5746 276.7675 299.1474 294.5349 290.7758 291.4913 299.75 305.9359 302.0821 291.4952 295.9903 294.3757 287.8105 268.574 237.3002 227.8062 224.882 237.0085 257.4108 264.0655 266.8777 253.0955 254.8821
-9999 -9999 348.7778 347.594 347.1215 346.2186 341.3802 341.0423 338.3893 332.7226 331.7366 330.4728 322.0744 318.9297 322.0162 316.593 317.4492 322.6492 320.3068 317.5409 322.7402 323.6061 323.5116 322.9723 320.0091 312.1046 310.8976 309.5296 308.2371 307.4136 311.0139 315.307 314.2525 312.2481 310.5695 305.2466 298.6071 287.9312 286.6177 278.1831 277.8036 299.8717 294.9837 290.5081 291.3252 297.6457 305.5358 307.5489 297.5208 294.6025 298.5237 291.8717 278.7769 259.268 247.3122 228.9541 236.5964 254.4968 270.0803 275.5168 261.6391 256.9645
-9999 -9999 349.127 348.238 347.779 346.9635 345.5399 343.8459 337.2415 332.4909 331.6371 330.5291 325.6972 323.8033 318.5622 317.2 317.7146 321.4817 318.5255 318.0772 323.2632 320.3594 319.7141 322.9962 320.7327 315.9611 314.5414 313.0134 311.801 310.9305 315.5038 315.5073 314.1708 313.1816 312.9592 312.2707 306.8232 297.6052 291.8766 277.0941 290.704 297.8986 297.6401 300.5622 299.0046 301.319 299.3522 302.4503 300.2711 291.939 301.9442 295.3454 285.1069 282.2744 270.5648 251.2265 254.7265 254.2228 277.5256 280.7545 265.2602 254.2552
-9999 350.3784 351.9572 349.7391 347.8788 347.2033 346.1368 343.3444 333.8385 332.3799 331.6774 330.6815 329.7615 328.9474 322.2993 320.8976 316.8498 316.7253 316.1975 319.6561 321.9007 315.3637 313.7782 322.2809 321.6493 321.1696 319.6039 318.4178 317.6972 316.5029 315.5246 315.6005 314.4335 314.4328 315.7359 317.583 310.4996 304.6689 301.0176 285.7594 301.8107 293.2649 294.2645 306.4771 308.7686 312.2353 299.295 287.7013 290.7198 294.8354 306.4134 309.229 299.9689 289.9522 294.7733 288.5232 285.1255 268.8798 282.9434 293.3395 279.5872 254.7784
-9999 350.6051 353.4979 350.5053 347.95 347.0757 346.4389 343.4643 333.9663 332.6743 331.7849 330.9666 330.1858 329.2969 328.6139 326.5232 317.3784 317.8727 317.5062 315.9549 316.9828 314.7375 313.5927 322.0627 321.6997 322.0478 319.5054 318.417 317.49 316.6359 315.9156 315.5682 315.3688 316.7761 314.0065 312.6814 310.0387 307.5747 303.8027 307.1786 295.672 294.0072 291.2854 302.2307 315.5425 316.1768 298.0281 292.136 289.7429 290.952 303.9718 310.6258 309.6436 312.8641 310.082 301.0966 298.1214 291.0493 289.8958 286.9352 280.9907 244.5583
-9999 350.8194 349.9282 348.954 348.239 347.3791 346.5241 343.9085 335.6581 334.7778 334.0037 333.107 332.1967 331.4565 330.4589 327.0034 319.3185 321.7517 321.9862 317.2035 322.739 316.4358 314.6619 322.128 322.7178 325.5742 319.2825 318.6912 318.0615 316.8885 315.9566 315.525 317.5754 322.3896 313.7083 311.8644 310.397 311.9491 304.0288 301.0465 299.2345 304.9745 303.2513 301.5996 307.0882 311.3177 319.2778 320.2575 291.1977 287.9137 292.8232 303.5561 307.7992 316.9686 314.0167 310.0244 305.9936 292.2217 285.7398 268.6108 225.3414 193.0321
-9999 351.9206 351.5413 350.1935 349.0784 347.827 347.0465 345.5117 344.1411 343.5439 343.6714 343.0603 342.2203 341.7571 340.2853 328.9952 327.8926 327.2035 326.4592 325.6664 325.1403 324.1715 323.3929 322.6451 323.1909 325.3839 319.2431 319.4821 318.378 317.8562 317.3008 317.181 325.6065 324.8635 318.7015 312.1663 312.4901 305.7368 312.0063 316.7078 314.6743 309.4014 305.2135 303.4884 303.3648 307.0844 313.8074 321.8053 313.605 307.7424 295.1031 296.147 309.9674 319.2931 323.4326 319.7844 315.5891 279.3625 259.0407 243.7343 221.8898 210.4265
-9999 356.8978 360.4249 359.5154 358.7401 348.2399 347.6564 346.3208 344.8745 344.9271 344.5502 336.9354 333.1046 341.1017 340.2625 330.2148 329.4349 328.8488 328.3045 327.8011 326.08 324.3661 323.9592 331.6335 331.8214 334.0817 327.179 326.8694 326.3202 326.0191 325.2179 325.2386 326.3339 324.7458 318.9761 312.728 310.8671 300.9277 311.6396 320.544 322.458 319.348 309.7493 304.6667 304.8382 312.7482 316.2143 311.8986 310.1645 322.0249 305.4429 293.0845 294.0478 319.3547 332.0277 330.6677 327.2079 291.7808 253.045 237.0743 211.6305 202.8796
-9999 362.5295 363.1591 354.838 351.6397 348.6194 347.6063 346.4636 345.0558 344.0586 343.2232 335.5692 331.847 332.8987 332.6393 329.3693 328.4142 327.8405 327.3136 326.1893 319.2825 316.5382 323.2263 324.0696 325.6938 330.9627 328.1427 327.3869 327.2653 327.5332 326.8346 319.8308 319.2325 318.4632 316.4088 313.3774 310.9812 305.7539 311.5244 313.8716 311.8233 322.3129 318.6706 308.6918 310.2094 314.9864 317.6887 315.3926 309.8096 329.004 326.2432 308.5814 296.9318 297.0696 322.0675 340.7068 339.8064 318.6747 261.35 247.3938 228.458 220.5926
-9999 364.6562 358.6046 358.0606 357.8009 356.6775 354.2084 346.9338 345.5911 344.1473 343.4072 340.339 333.0198 331.0499 330.2682 329.2951 328.3844 327.7114 323.1699 319.2793 315.8043 314.2833 316.3997 320.9157 323.069 329.4691 328.2805 327.1484 322.6021 326.0126 321.1268 316.8401 320.5795 315.6855 315.1355 314.0579 311.8954 309.7615 309.7653 308.3077 305.702 314.7418 315.8593 311.0026 313.3605 315.9803 317.2017 314.6359 316.2375 331.7997 341.8604 331.6674 307.4052 289.4552 307.1882 349.7185 350.9066 341.6632 298.09 267.7393 241.734 235.3033
-9999 364.4328 360.8979 361.1709 360.6957 359.7139 356.798 347.4306 346.2148 345.0145 343.968 342.5703 333.6165 331.1884 330.3046 329.4638 328.5731 327.7038 324.0764 317.7712 315.2673 314.0365 312.4966 320.8772 321.6852 326.5638 328.6224 327.3068 319.6179 321.4427 316.9806 317.1086 323.6247 315.6061 316.6579 318.5169 317.0877 311.7578 308.8886 307.3254 305.7927 307.2224 308.5437 310.7308 314.8283 317.5761 316.935 311.381 319.9559 335.4216 346.5571 339.6615 310.6436 298.9655 294.1692 354.6776 359.4846 356.8929 341.3245 302.9976 263.7664 241.2331
-9999 364.6996 363.6217 362.6221 361.61 360.5634 353.4682 347.887 346.6623 345.5033 344.2601 343.0639 337.5715 331.6275 330.6327 329.6433 328.6843 327.6767 326.5543 319.263 315.1413 313.685 312.4643 320.8936 320.2777 322.0368 326.7061 327.4414 319.5685 317.085 319.8217 320.7146 324.6124 317.79 318.6623 323.4792 320.7701 312.6924 309.9341 308.3021 306.3378 305.995 305.2159 305.9273 313.8151 318.897 317.8293 313.3979 320.9846 336.3844 345.0573 334.7908 313.0377 305.8173 291.4118 360.2252 368.4092 369.5243 364.2744 343.8994 306.5862 253.7807
-9999 365.6285 364.3326 363.3528 362.2692 361.1028 350.3961 348.4601 347.0163 345.5409 344.1662 343.2516 342.0053 335.1529 330.8138 329.7956 328.7355 327.6801 326.5489 319.1809 314.8289 313.64 315.3501 320.9832 320.1936 319.4626 323.5 327.5183 321.5743 318.9425 325.2983 326.6 326.0629 320.3956 317.7991 321.2503 315.7976 311.7762 310.5179 308.9924 307.5576 306.1706 301.7366 296.9021 306.2276 316.5674 317.5533 314.7482 326.4886 328.8234 343.3053 343.5214 326.544 311.7074 314.4089 370.6779 380.3391 380.0655 377.511 359.2882 319.2827 263.3646
-9999 366.6087 364.871 363.9713 362.6127 361.3275 353.2277 349.2982 347.4926 345.7222 344.0151 342.8542 342.1032 341.0733 330.8253 329.7891 328.613 327.5097 326.4268 320.3998 315.2752 315.1586 321.7467 321.0566 320.0818 320.0758 324.2572 327.4706 327.0602 326.6272 324.2838 325.1566 324.3275 315.6359 314.4276 313.2378 312.1774 310.9701 310.4592 309.6889 309.3292 305.2787 298.9413 297.1036 296.4995 304.6663 312.5062 313.9268 322.814 328.9367 346.2943 355.4993 332.0286 324.0206 346.3198 350.2945 386.4044 383.44 381.6612 369.4821 306.9588 285.4603
-9999 367.7388 365.9268 364.5525 363.3067 362.2167 359.5134 350.185 348.0009 346.1115 344.4149 343.2184 342.6004 341.2485 331.8103 329.7223 328.5847 327.4593 326.3506 325.4275 317.3799 322.5259 321.8972 320.8647 320.2175 323.4591 328.0802 327.254 326.8309 326.5589 316.2238 315.9829 322.5793 314.0033 313.6782 313.2155 311.7255 310.919 310.2425 310.3668 317.1713 308.0799 307.2631 302.0126 296.6688 303.575 306.6855 314.2984 315.2474 331.3756 352.2495 351.4155 333.2471 341.3846 350.6916 337.8021 374.0858 390.5829 383.3696 373.3212 357.0365 326.4457
-9999 -9999 367.4408 365.2096 363.6599 362.5242 360.0139 350.7425 348.3371 346.6964 344.8255 343.6058 342.4327 341.2813 339.2217 329.9226 328.809 327.5738 326.2255 325.005 323.7748 322.8708 322.3542 320.7083 320.2617 319.8346 323.7177 327.274 326.7317 326.2589 322.7393 322.3191 321.8519 313.9653 313.2132 312.4472 311.7256 317.5514 311.5473 318.5706 317.9815 308.8725 308.0363 306.9352 305.2287 305.7599 306.703 315.8791 315.403 328.6078 351.0292 361.6866 350.63 324.7902 353.5477 324.241 386.1005 332.3191 334.5715 371.9141 362.1585 344.7998
-9999 -9999 368.0714 366.4927 364.629 363.2738 361.7755 359.4051 353.3734 346.3927 344.8596 343.7185 342.5841 341.3733 340.2252 338.2231 337.2429 331.7863 326.0829 324.8686 323.7981 322.9413 322.0789 321.1187 320.1234 319.2456 318.8553 324.2007 326.3807 324.2717 322.9658 322.4045 322.9924 320.8395 320.3275 319.3799 318.7791 319.8218 311.6327 312.7848 311.9449 308.7411 308.5299 308.125 311.296 312.9659 313.7819 323.8706 316.6558 328.9407 349.1206 361.452 364.9607 339.289 338.7892 326.4265 383.0877 346.1605 317.4725 353.1625 333.5944 310.7346
