Dropbox/GRP Data/GRP mammal paper/NN_analysis/DATA/2012 input files not used in 2014 analyses/yo_c_bio_6_OLD.asc
ncols         226
nrows         141
xllcorner     -70621.9986746
yllcorner     -77191.4869234
cellsize      821.1860311
NODATA_value  -9999
[rows 0 to 26 of 141, columns 124 to 185 of 226]
-9999 -9999 -9999 -9999 -9999 -9999 -9999 -9999 -9999 -9999 -9999 -9999 -9999 -9999 -9999 -9999 -9999 -9999 -9999 -9999 -9999 -9999 -9999 -9999 -9999 -9999 -9999 -9999 -9999 -9999 -9999 -9999 -9999 -9999 -9999 -9999 -9999 -9999 -9999 -9999 -9999 -9999 -9999 -9999 -9999 -9999 -9999 -9999 -9999 -9999 -9999 -9999 -9999 -9999 -9999 -9999 -9999 -9999 -9999 -9999 -9999 -9999
-1219.664 -1183.306 -1084.798 -1014.139 -975.9971 -951.1221 -933.5847 -899.1221 -883.924 -903.5663 -9999 -9999 -9999 -9999 -9999 -9999 -9999 -9999 -9999 -9999 -9999 -9999 -9999 -9999 -9999 -9999 -9999 -9999 -9999 -9999 -9999 -9999 -9999 -9999 -9999 -9999 -9999 -9999 -9999 -9999 -9999 -9999 -9999 -9999 -9999 -9999 -9999 -9999 -9999 -9999 -9999 -9999 -9999 -9999 -9999 -9999 -9999 -9999 -9999 -9999 -9999 -9999
-1129.94 -1124.965 -1092.291 -1044.485 -1025.878 -977.2864 -937.4658 -896.986 -851.8846 -914.5211 -975.9006 -1003.996 -983.3959 -976.0104 -9999 -9999 -9999 -9999 -9999 -9999 -9999 -9999 -9999 -9999 -9999 -9999 -9999 -9999 -9999 -9999 -9999 -9999 -9999 -9999 -9999 -9999 -9999 -9999 -9999 -9999 -9999 -9999 -9999 -9999 -9999 -9999 -9999 -9999 -9999 -9999 -9999 -9999 -9999 -9999 -9999 -9999 -9999 -9999 -9999 -9999 -9999 -9999
-1053.447 -1038.611 -1039.818 -1013.716 -998.4741 -955.3986 -918.9419 -888.7475 -885.5054 -954.5441 -978.5747 -1013.532 -962.6144 -958.3467 -944.8959 -942.8887 -9999 -9999 -9999 -9999 -9999 -9999 -9999 -9999 -9999 -9999 -9999 -9999 -9999 -9999 -9999 -9999 -9999 -9999 -9999 -9999 -9999 -9999 -9999 -9999 -9999 -9999 -9999 -9999 -9999 -9999 -9999 -9999 -9999 -9999 -9999 -9999 -9999 -9999 -9999 -9999 -9999 -9999 -9999 -9999 -9999 -9999
-1039.214 -981.1895 -955.4448 -945.2497 -934.7686 -926.3458 -910.2269 -880.8882 -916.8262 -989.1115 -994.4383 -994.5496 -967.3038 -965.9482 -900.8015 -927.7933 -922.0908 -931.1056 -956.2991 -9999 -9999 -9999 -9999 -9999 -9999 -9999 -9999 -9999 -9999 -9999 -9999 -9999 -9999 -9999 -9999 -9999 -9999 -9999 -9999 -9999 -9999 -9999 -9999 -9999 -9999 -9999 -9999 -9999 -9999 -9999 -9999 -9999 -9999 -9999 -9999 -9999 -9999 -9999 -9999 -9999 -9999 -9999
-1077.397 -985.1828 -912.3334 -903.6785 -904.9656 -910.1902 -903.0878 -883.395 -937.4399 -996.9828 -1015.256 -985.9794 -980.2604 -963.6139 -873.8076 -911.4167 -903.2072 -894.2408 -959.5549 -976.1863 -946.4725 -9999 -9999 -9999 -9999 -9999 -9999 -9999 -9999 -9999 -9999 -9999 -9999 -9999 -9999 -9999 -9999 -9999 -9999 -9999 -9999 -9999 -9999 -9999 -9999 -9999 -9999 -9999 -9999 -9999 -9999 -9999 -9999 -9999 -9999 -9999 -9999 -9999 -9999 -9999 -9999 -9999
-1140.535 -1031.57 -917.3224 -879.3103 -870.9752 -872.1386 -865.5233 -882.9186 -982.5124 -1006.879 -1025.855 -1004.736 -996.0153 -920.8259 -922.4397 -921.9381 -912.1047 -850.7728 -952.3936 -998.076 -969.4313 -941.7134 -919.8594 -904.8094 -9999 -9999 -9999 -9999 -9999 -9999 -9999 -9999 -9999 -9999 -9999 -9999 -9999 -9999 -9999 -9999 -9999 -9999 -9999 -9999 -9999 -9999 -9999 -9999 -9999 -9999 -9999 -9999 -9999 -9999 -9999 -9999 -9999 -9999 -9999 -9999 -9999 -9999
-1138.39 -1002.265 -914.9615 -897.4846 -863.0333 -824.2253 -820.451 -854.1884 -966.4999 -1014.205 -1029.107 -1027.053 -1009.212 -861.9479 -950.2324 -988.7942 -910.6763 -864.4692 -968.4248 -1006.657 -996.9857 -942.6897 -824.8879 -838.0941 -850.7435 -851.6308 -849.3716 -9999 -9999 -9999 -9999 -9999 -9999 -9999 -9999 -9999 -9999 -9999 -9999 -9999 -9999 -9999 -9999 -9999 -9999 -9999 -9999 -9999 -9999 -9999 -9999 -9999 -9999 -9999 -9999 -9999 -9999 -9999 -9999 -9999 -9999 -9999
-1117.9 -1042.084 -1013.62 -967.4846 -860.53 -846.0648 -889.2638 -913.157 -938.4031 -996.7806 -1030.589 -1025.63 -1050.044 -927.6384 -983.4604 -975.1639 -904.1363 -877.8736 -935.0773 -965.4822 -986.6576 -928.2096 -881.7504 -884.223 -870.4604 -856.5912 -878.0562 -897.5815 -898.4147 -9999 -9999 -9999 -9999 -9999 -9999 -9999 -9999 -9999 -9999 -9999 -9999 -9999 -9999 -9999 -9999 -9999 -9999 -9999 -9999 -9999 -9999 -9999 -9999 -9999 -9999 -9999 -9999 -9999 -9999 -9999 -9999 -9999
-1148.591 -1065.491 -1002.177 -909.6882 -864.6099 -905.7653 -976.0358 -998.9985 -923.259 -975.5952 -1035.72 -1024.552 -878.7955 -939.3633 -1007.652 -992.7546 -935.7211 -917.6145 -905.8063 -854.243 -992.7471 -967.2748 -884.6946 -892.7156 -917.4124 -901.0618 -894.7009 -897.5016 -877.9254 -879.7203 -905.1321 -878.4239 -9999 -9999 -9999 -9999 -9999 -9999 -9999 -9999 -9999 -9999 -9999 -9999 -9999 -9999 -9999 -9999 -9999 -9999 -9999 -9999 -9999 -9999 -9999 -9999 -9999 -9999 -9999 -9999 -9999 -9999
-1126.716 -1019.48 -936.3702 -888.355 -890.2316 -1021.426 -1026.594 -956.6777 -902.7376 -985.5696 -1043.268 -1017.72 -899.7292 -1001.784 -1020.167 -982.6336 -932.0375 -923.2533 -918.9022 -858.507 -872.4631 -859.6846 -863.3306 -906.4417 -926.3174 -916.3299 -952.3865 -940.1137 -877.6349 -914.1998 -914.1161 -897.1785 -834.4161 -901.1257 -9999 -9999 -9999 -9999 -9999 -9999 -9999 -9999 -9999 -9999 -9999 -9999 -9999 -9999 -9999 -9999 -9999 -9999 -9999 -9999 -9999 -9999 -9999 -9999 -9999 -9999 -9999 -9999
-1124.375 -1052.237 -943.9246 -901.633 -992.7155 -1050.937 -978.4863 -932.5438 -896.8975 -977.3085 -1062.336 -1046.408 -897.3174 -951.858 -1032.146 -1039.03 -1006.269 -1010.706 -949.9476 -873.0872 -871.2775 -878.2403 -895.3917 -920.8084 -922.1939 -935.4252 -988.1516 -954.7496 -924.3918 -931.46 -912.3105 -891.7664 -856.6135 -843.9084 -920.4168 -992.658 -1043.773 -9999 -9999 -9999 -9999 -9999 -9999 -9999 -9999 -9999 -9999 -9999 -9999 -9999 -9999 -9999 -9999 -9999 -9999 -9999 -9999 -9999 -9999 -9999 -9999 -9999
-1072.942 -1092.745 -995.7408 -989.5167 -1068.08 -1050.537 -994.5886 -956.5225 -895.8785 -971.7662 -1072.71 -1069.181 -896.2353 -924.8575 -1038.725 -1073.578 -1067.406 -1073.671 -982.9864 -881.4645 -891.0757 -932.5182 -941.0694 -930.0648 -930.871 -970.9887 -1007.199 -992.6761 -980.327 -940.7612 -903.2571 -877.5261 -838.6365 -819.0591 -888.5779 -1005.066 -1052.078 -1073.186 -1121.679 -9999 -9999 -9999 -9999 -9999 -9999 -9999 -9999 -9999 -9999 -9999 -9999 -9999 -9999 -9999 -9999 -9999 -9999 -9999 -9999 -9999 -9999 -9999
-998.9216 -1069.767 -1048.806 -1071.778 -1041.817 -1012.513 -1004.527 -940.2502 -902.3802 -987.3452 -1055.565 -1075.155 -899.1812 -920.5692 -1041.159 -1071.765 -1058.419 -1039.439 -969.6595 -901.7956 -902.0872 -934.3287 -953.8705 -925.8517 -960.2847 -1009.719 -1017.156 -1011.937 -997.8712 -938.6653 -897.0703 -872.0375 -829.8317 -812.6739 -876.3712 -1013.594 -1035.887 -1097.294 -1129.025 -1140.487 -1150.922 -1161.055 -9999 -9999 -9999 -9999 -9999 -9999 -9999 -9999 -9999 -9999 -9999 -9999 -9999 -9999 -9999 -9999 -9999 -9999 -9999 -9999
-987.9636 -1020.677 -1070.089 -1045.234 -967.9352 -954.5796 -956.7147 -913.4692 -934.0371 -1007.652 -1034.565 -1078.475 -907.5873 -927.5615 -1057.014 -1046.131 -989.6214 -967.7141 -933.2623 -943.4223 -951.6292 -913.5121 -936.2048 -934.8442 -988.0022 -1008.625 -989.3811 -981.2798 -989.094 -930.4944 -890.4532 -862.3687 -832.8931 -813.275 -869.909 -1025.911 -1051.829 -1117.819 -1132.384 -1144.548 -1155.797 -1166.488 -1173.788 -1181.122 -9999 -9999 -9999 -9999 -9999 -9999 -9999 -9999 -9999 -9999 -9999 -9999 -9999 -9999 -9999 -9999 -9999 -9999
-1020.718 -1015.926 -1035.368 -944.5793 -962.7756 -946.1329 -948.5302 -980.6315 -988.9726 -1014.891 -1054.446 -1050.665 -922.1676 -955.927 -1073.862 -1001.759 -937.7746 -975.5013 -969.9167 -1026.117 -1038.214 -919.2358 -924.6009 -965.9005 -985.9633 -965.9746 -942.9307 -935.7973 -960.9009 -912.8638 -886.0436 -881.2971 -892.324 -899.8594 -930.649 -1037.938 -1085.437 -1116.056 -1130.365 -1142.441 -1153.184 -1166.72 -1174.891 -1185.275 -1187.148 -1166.002 -1098.13 -9999 -9999 -9999 -9999 -9999 -9999 -9999 -9999 -9999 -9999 -9999 -9999 -9999 -9999 -9999
-929.043 -996.4123 -974.7325 -968.3881 -1026.366 -956.3319 -976.0397 -1023.383 -1018.523 -1047.391 -1110.044 -934.038 -913.4708 -958.3644 -1036.236 -966.8451 -979.0828 -1082.18 -1121.339 -1160.034 -1067.582 -922.8315 -954.3931 -988.6625 -956.721 -932.4652 -946.8505 -952.9129 -943.0939 -921.4577 -924.512 -969.4635 -1020.144 -1064.054 -1051.58 -1037.599 -1088.349 -1108.555 -1122.855 -1135.807 -1144.597 -1160.373 -1171.695 -1182.194 -1187.157 -1139.102 -1072.902 -1055.246 -1033.693 -9999 -9999 -9999 -9999 -9999 -9999 -9999 -9999 -9999 -9999 -9999 -9999 -9999
-989.5677 -1045.544 -1097.392 -1110.025 -1043.82 -978.7509 -987.6506 -1032.054 -1071.279 -1117.305 -1131.243 -995.2908 -942.4794 -998.0064 -1045.596 -1030.049 -986.2888 -1126.89 -1210.704 -1196.616 -1036.568 -932.0621 -1042.382 -1022.49 -950.6298 -922.2365 -980.6784 -1046.931 -1053.685 -1048.469 -1041.266 -1035.386 -1036.522 -1051.332 -1035.302 -1048.785 -1084.682 -1089.713 -1107.073 -1126.388 -1135.052 -1154.618 -1165.104 -1172.92 -1182.472 -1114.621 -1051.903 -1055.531 -1044.605 -1050.698 -1066.375 -1081.493 -9999 -9999 -9999 -9999 -9999 -9999 -9999 -9999 -9999 -9999
-1064.19 -1084.681 -1057.062 -992.275 -1015.871 -973.1158 -989.3771 -1048.329 -1081.239 -1135.05 -1054.759 -977.4729 -953.0036 -1096.957 -1105.205 -1046.609 -952.925 -1086.829 -1209.953 -1158.472 -975.2859 -983.3068 -1078.854 -967.7128 -1001.987 -1067.262 -1061.516 -1000.027 -882.2844 -867.8859 -875.3443 -868.1945 -854.1576 -976.5536 -1030.244 -1055.519 -1073.994 -1080.549 -1104.875 -1124.646 -1132.956 -1147.002 -1160.232 -1163.8 -1164.366 -1120.732 -1038.096 -1054.892 -1038.51 -1044.913 -1073.164 -1084.161 -1110.918 -1127.085 -9999 -9999 -9999 -9999 -9999 -9999 -9999 -9999
-1041.688 -1026.064 -1000.857 -1007.155 -1022.873 -965.6378 -966.1387 -1021.157 -1101.524 -1157.368 -1057.221 -996.9206 -954.9362 -1107.038 -1149.028 -1068.469 -950.1991 -1079.144 -1189.907 -1048.795 -976.9521 -1116.408 -1095.686 -973.5544 -1054.139 -1095.439 -992.7167 -951.2341 -934.2057 -930.4825 -883.5068 -911.426 -883.6917 -961.8775 -1023.199 -1024.585 -1022.492 -1079.518 -1095.675 -1114.95 -1123.034 -1136.549 -1149.669 -1153.813 -1154.746 -1111.716 -1036.497 -1045.713 -1028.973 -1049.496 -1090.071 -1104.034 -1115.662 -1133.424 -1192.251 -1210.893 -1144.555 -9999 -9999 -9999 -9999 -9999
-1010.354 -985.0348 -978.1932 -985.4924 -1050.99 -977.9928 -981.9561 -1002.446 -1089.068 -1169.086 -1118.283 -1036.587 -1010.292 -1040.706 -1135.794 -1093.34 -969.5358 -1056.722 -1127.36 -1052.232 -1111.884 -1136.688 -1013.519 -995.634 -1112.627 -1062.13 -967.9023 -957.3002 -944.831 -950.9745 -923.0231 -947.6243 -897.7494 -948.6135 -1021.535 -1022.471 -1045.072 -1078.915 -1093.217 -1105.739 -1112.902 -1126.051 -1132.407 -1132.717 -1044.079 -1062.666 -1039.654 -1047.663 -1054.147 -1075.341 -1106.736 -1115.042 -1123.244 -1166.938 -1175.443 -1203.41 -1229.289 -1181.484 -1156.074 -1117.797 -9999 -9999
-1004.425 -971.6277 -996.8074 -1004.285 -1073.014 -1031.35 -1000.246 -998.5599 -1084.796 -1179.728 -1167.227 -1045.183 -1026.581 -1006.293 -1115.363 -1129.765 -1002.898 -1082.009 -1131.905 -1116.939 -1087.338 -1045.574 -998.2844 -1064.967 -1097.264 -1005.073 -1005.701 -997.6872 -951.7708 -959.7296 -951.4352 -945.8793 -909.0859 -967.783 -1032.21 -1020.459 -1043.142 -1077.793 -1085.83 -1095.548 -1101.577 -1109.583 -1111.078 -1110.434 -1064.717 -1028.184 -1036.579 -1051.084 -1067.968 -1087.894 -1097.497 -1102.195 -1139.767 -1152.961 -1165.746 -1181.315 -1200.422 -1207.948 -1210.115 -1226.378 -1213.035 -1227.904
-1008.641 -982.204 -1012.152 -1027.841 -1046.681 -1053.264 -1011.143 -1009.965 -1061.39 -1162.881 -1196.033 -1111.964 -1068.045 -1005.587 -1093.027 -1169.372 -1090.661 -1129.655 -1123.895 -1101.997 -1027.583 -1045.107 -1039.34 -1075.444 -1036.01 -1018.752 -1057.848 -1028.296 -955.7242 -952.2971 -982.6709 -935.2502 -924.2531 -1000.839 -1047.494 -1032.851 -1038.755 -1038.426 -1078.265 -1089.413 -1083.941 -1081.8 -1080.876 -1074.638 -1048.422 -1006.873 -1021.313 -1039.636 -1043.823 -1076.695 -1090.934 -1092.992 -1117.394 -1142.408 -1165.641 -1180.385 -1193.415 -1201.61 -1214.226 -1242.937 -1263.68 -1284.544
-1033.08 -1029.601 -1015.765 -1004.275 -989.4848 -1005.47 -1023.902 -1036.849 -1035.712 -1122.411 -1206.941 -1206.669 -1157.224 -1013.119 -1059.799 -1150.338 -1181.677 -1174.763 -1096.882 -1035.431 -1062.235 -1111.178 -1043.891 -1033.187 -1047.806 -1111.111 -1100.711 -1029.64 -954.9311 -974.7656 -1016.671 -926.9645 -932.6069 -1027.829 -1054.053 -1018.495 -1033.993 -1016.273 -1059.496 -1051.149 -1040.233 -1038.922 -1044.723 -1034.207 -1020.783 -1001.552 -1010.222 -1014.47 -1020.847 -1049.168 -1072.285 -1083.448 -1098.761 -1135.185 -1159.625 -1177.355 -1189.811 -1192.387 -1202.089 -1228.511 -1259.798 -1274.66
-1109.636 -1094.529 -1057.938 -1003.271 -974.1178 -981.7855 -1044.073 -1075.002 -1078.554 -1103.497 -1166.397 -1196.9 -1211.479 -1052.423 -1032.451 -1056.857 -1157.182 -1172.145 -1103.344 -1054.653 -1103.924 -1079.386 -1008.84 -1066.954 -1164.148 -1200.656 -1123.515 -1025.45 -975.2813 -1040.342 -1039.58 -921.2504 -933.8519 -1042.3 -1039.039 -957.5325 -1009.311 -1029.504 -1028.324 -1001.381 -1009.192 -1004.682 -1015.509 -1012.521 -1016.384 -1006.974 -1007.412 -995.159 -1003.012 -1017.208 -1036.901 -1069.239 -1094.339 -1128.077 -1147.931 -1167.139 -1180.918 -1183.643 -1193.697 -1219.859 -1245.1 -1260.359
-1131.565 -1074.579 -1099.439 -1006.623 -974.7567 -1067.868 -1105.836 -1117.839 -1113.198 -1081.131 -1074.827 -1199.575 -1241.696 -1134.649 -1035.179 -1024.05 -1029.258 -1040.089 -1068.181 -1129.857 -1037.76 -1009.34 -1052.827 -1217.434 -1240.76 -1208.538 -1118.323 -1055.507 -1039.289 -1062.238 -1028.218 -926.8716 -950.1113 -1046.515 -1003.58 -906.886 -968.0302 -1029.168 -1000.177 -964.5979 -1000.129 -995.9653 -999.813 -1014.144 -1023.362 -1017.143 -1007.408 -993.0269 -990.0189 -997.7386 -1006.071 -1053.295 -1083.39 -1118.742 -1128.965 -1145.63 -1171.531 -1174.192 -1187.145 -1215.317 -1239.176 -1258.021
-1061.46 -1051.612 -1039.045 -1086.461 -1094.824 -1046.418 -1099.253 -1071.448 -1073.213 -1072.566 -1144.125 -1223.893 -1102.302 -1072.448 -1047.993 -1036.002 -1012.893 -1093.469 -1106.95 -1003.25 -1090.295 -1111.138 -1158.935 -1245.825 -1192.809 -1144.223 -1121.949 -1113.402 -1079.893 -969.5479 -949.8026 -953.6824 -995.8047 -1035.771 -968.6919 -941.3655 -955.0009 -1000.217 -991.5563 -896.0696 -930.2097 -991.2654 -994.35 -1020.389 -1024.778 -1026.984 -1010.677 -997.9605 -995.769 -999.1967 -1004.67 -1042.787 -1061.518 -1102.596 -1103.981 -1122.937 -1156.83 -1163.346 -1172.638 -1195.68 -1221.598 -1229.85
