Dropbox/GRP Data/GRP mammal paper/NN_analysis/DATA/2012 input files not used in 2014 analyses/yo_c_bio_1_OLD.asc
ncols         225
nrows         140
xllcorner     -70621.9986746
yllcorner     -76881.261089429
cellsize      824.83574679378
NODATA_value  -9999
[rows 39 to 77 of 140, columns 0 to 87 of 225]
-9999 -9999 -9999 -9999 -9999 -9999 -9999 -9999 -9999 -9999 -9999 -9999 -9999 -9999 -9999 -9999 -9999 -9999 -9999 -9999 -9999 -9999 -9999 -9999 -9999 -9999 -9999 -9999 -9999 -9999 -9999 -9999 -9999 -9999 -9999 -9999 -9999 -9999 -9999 -9999 -9999 -9999 -9999 -9999 -9999 -9999 -9999 -9999 -9999 -9999 -9999 -9999 -9999 -9999 -9999 -9999 -9999 -9999 -9999 -9999 -9999 -9999 -9999 -9999 -9999 -9999 -9999 -9999 1128 1136 1144 1172 1150 1065 1032 1025 1012 1003 1007 988 971 963 968 1043 1048 1012 959 905
-9999 -9999 -9999 -9999 -9999 -9999 -9999 -9999 -9999 -9999 -9999 -9999 -9999 -9999 -9999 -9999 -9999 -9999 -9999 -9999 -9999 -9999 -9999 -9999 -9999 -9999 -9999 -9999 -9999 -9999 -9999 -9999 -9999 -9999 -9999 -9999 -9999 -9999 -9999 -9999 -9999 -9999 -9999 -9999 -9999 -9999 -9999 -9999 -9999 -9999 -9999 -9999 -9999 -9999 -9999 -9999 -9999 -9999 -9999 -9999 -9999 -9999 -9999 -9999 -9999 -9999 1133 1138 1170 1172 1172 1168 1098 1055 1033 1023 1016 1007 1008 997 985 966 971 1060 1053 1010 967 924
-9999 -9999 -9999 -9999 -9999 -9999 -9999 -9999 -9999 -9999 -9999 -9999 -9999 -9999 -9999 -9999 -9999 -9999 -9999 -9999 -9999 -9999 -9999 -9999 -9999 -9999 -9999 -9999 -9999 -9999 -9999 -9999 -9999 -9999 -9999 -9999 -9999 -9999 -9999 -9999 -9999 -9999 -9999 -9999 -9999 -9999 -9999 -9999 -9999 -9999 -9999 -9999 -9999 -9999 -9999 -9999 -9999 -9999 -9999 -9999 -9999 -9999 -9999 -9999 -9999 1159 1170 1184 1208 1206 1153 1114 1102 1054 1035 1025 1019 1013 1011 1020 991 974 977 1069 1052 998 966 914
-9999 -9999 -9999 -9999 -9999 -9999 -9999 -9999 -9999 -9999 -9999 -9999 -9999 -9999 -9999 -9999 -9999 -9999 -9999 -9999 -9999 -9999 -9999 -9999 -9999 -9999 -9999 -9999 -9999 -9999 -9999 -9999 -9999 -9999 -9999 -9999 -9999 -9999 -9999 -9999 -9999 -9999 -9999 -9999 -9999 -9999 -9999 -9999 -9999 -9999 -9999 -9999 -9999 -9999 -9999 -9999 -9999 -9999 -9999 -9999 -9999 -9999 -9999 1172 1169 1199 1256 1273 1232 1178 1115 1083 1076 1066 1039 1036 1023 1009 1027 1024 1012 1004 1008 1095 1054 1013 978 923
-9999 -9999 -9999 -9999 -9999 -9999 -9999 -9999 -9999 -9999 -9999 -9999 -9999 -9999 -9999 -9999 -9999 -9999 -9999 -9999 -9999 -9999 -9999 -9999 -9999 -9999 -9999 -9999 -9999 -9999 -9999 -9999 -9999 -9999 -9999 -9999 -9999 -9999 -9999 -9999 -9999 -9999 -9999 -9999 -9999 -9999 -9999 -9999 -9999 -9999 -9999 -9999 -9999 -9999 -9999 -9999 -9999 -9999 -9999 -9999 -9999 -9999 1196 1180 1194 1256 1285 1203 1142 1134 1113 1086 1079 1068 1061 1045 1024 1018 1043 1051 1044 1032 1081 1120 1062 1056 1004 933
-9999 -9999 -9999 -9999 -9999 -9999 -9999 -9999 -9999 -9999 -9999 -9999 -9999 -9999 -9999 -9999 -9999 -9999 -9999 -9999 -9999 -9999 -9999 -9999 -9999 -9999 -9999 -9999 -9999 -9999 -9999 -9999 -9999 -9999 -9999 -9999 -9999 -9999 -9999 -9999 -9999 -9999 -9999 -9999 -9999 -9999 -9999 -9999 -9999 -9999 -9999 -9999 -9999 -9999 -9999 -9999 -9999 -9999 -9999 -9999 -9999 1224 1209 1199 1204 1251 1301 1222 1133 1117 1108 1101 1086 1076 1073 1052 1051 1037 1075 1085 1087 1113 1142 1124 1061 1068 1033 977
-9999 -9999 -9999 -9999 -9999 -9999 -9999 -9999 -9999 -9999 -9999 -9999 -9999 -9999 -9999 -9999 -9999 -9999 -9999 -9999 -9999 -9999 -9999 -9999 -9999 -9999 -9999 -9999 -9999 -9999 -9999 -9999 -9999 -9999 -9999 -9999 -9999 -9999 -9999 -9999 -9999 -9999 -9999 -9999 -9999 -9999 -9999 -9999 -9999 -9999 -9999 -9999 -9999 -9999 -9999 -9999 -9999 -9999 -9999 1279 1240 1224 1219 1207 1204 1227 1307 1262 1171 1145 1162 1128 1096 1093 1088 1081 1079 1089 1109 1140 1147 1164 1153 1102 1086 1082 1030 975
-9999 -9999 -9999 -9999 -9999 -9999 -9999 -9999 -9999 -9999 -9999 -9999 -9999 -9999 -9999 -9999 -9999 -9999 -9999 -9999 -9999 -9999 -9999 -9999 -9999 -9999 -9999 -9999 -9999 -9999 -9999 -9999 -9999 -9999 -9999 -9999 -9999 -9999 -9999 -9999 -9999 -9999 -9999 -9999 -9999 -9999 -9999 -9999 -9999 -9999 -9999 -9999 -9999 -9999 -9999 -9999 -9999 -9999 1308 1283 1254 1236 1225 1215 1206 1204 1278 1275 1215 1207 1218 1191 1160 1122 1093 1082 1081 1111 1145 1173 1186 1169 1100 1076 1108 1084 1016 961
-9999 -9999 -9999 -9999 -9999 -9999 -9999 -9999 -9999 -9999 -9999 -9999 -9999 -9999 -9999 -9999 -9999 -9999 -9999 -9999 -9999 -9999 -9999 -9999 -9999 -9999 -9999 -9999 -9999 -9999 -9999 -9999 -9999 -9999 -9999 -9999 -9999 -9999 -9999 -9999 -9999 -9999 -9999 -9999 -9999 -9999 -9999 -9999 -9999 -9999 -9999 -9999 -9999 -9999 -9999 -9999 1385 1367 1316 1302 1284 1256 1242 1216 1214 1227 1267 1300 1250 1256 1261 1251 1228 1170 1107 1085 1074 1092 1146 1190 1190 1139 1062 1082 1107 1056 1001 960
-9999 -9999 -9999 -9999 -9999 -9999 -9999 -9999 -9999 -9999 -9999 -9999 -9999 -9999 -9999 -9999 -9999 -9999 -9999 -9999 -9999 -9999 -9999 -9999 -9999 -9999 -9999 -9999 -9999 -9999 -9999 -9999 -9999 -9999 -9999 -9999 -9999 -9999 -9999 -9999 -9999 -9999 -9999 -9999 -9999 -9999 -9999 -9999 -9999 -9999 -9999 -9999 -9999 -9999 -9999 1379 1377 1363 1332 1324 1314 1287 1263 1231 1242 1292 1308 1343 1294 1293 1293 1279 1256 1190 1129 1108 1083 1082 1132 1200 1182 1101 1058 1106 1094 1031 1002 978
-9999 -9999 -9999 -9999 -9999 -9999 -9999 -9999 -9999 -9999 -9999 -9999 -9999 -9999 -9999 -9999 -9999 -9999 -9999 -9999 -9999 -9999 -9999 -9999 -9999 -9999 -9999 -9999 -9999 -9999 -9999 -9999 -9999 -9999 -9999 -9999 -9999 -9999 -9999 -9999 -9999 -9999 -9999 -9999 -9999 -9999 -9999 -9999 -9999 -9999 -9999 -9999 -9999 -9999 1374 1364 1366 1363 1352 1335 1332 1315 1283 1271 1304 1353 1364 1368 1333 1314 1299 1277 1238 1161 1141 1136 1120 1122 1141 1198 1187 1078 1055 1115 1091 1041 1023 1003
-9999 -9999 -9999 -9999 -9999 -9999 -9999 -9999 -9999 -9999 -9999 -9999 -9999 -9999 -9999 -9999 -9999 -9999 -9999 -9999 -9999 -9999 -9999 -9999 -9999 -9999 -9999 -9999 -9999 -9999 -9999 -9999 -9999 -9999 -9999 -9999 -9999 -9999 -9999 -9999 -9999 -9999 -9999 -9999 -9999 -9999 -9999 -9999 -9999 -9999 -9999 -9999 1400 1394 1378 1373 1373 1368 1356 1353 1340 1324 1313 1317 1370 1360 1360 1352 1309 1268 1268 1255 1202 1148 1145 1153 1166 1181 1165 1198 1210 1080 1068 1121 1112 1062 1040 1016
-9999 -9999 -9999 -9999 -9999 -9999 -9999 -9999 -9999 -9999 -9999 -9999 -9999 -9999 -9999 -9999 -9999 -9999 -9999 -9999 -9999 -9999 -9999 -9999 -9999 -9999 -9999 -9999 -9999 -9999 -9999 -9999 -9999 -9999 -9999 -9999 -9999 -9999 -9999 -9999 -9999 -9999 -9999 -9999 -9999 -9999 -9999 -9999 -9999 -9999 -9999 1422 1408 1396 1383 1379 1383 1376 1342 1356 1356 1340 1335 1388 1346 1272 1282 1292 1259 1248 1243 1227 1192 1144 1135 1151 1163 1187 1230 1263 1256 1142 1098 1154 1169 1096 1045 1042
-9999 -9999 -9999 -9999 -9999 -9999 -9999 -9999 -9999 -9999 -9999 -9999 -9999 -9999 -9999 -9999 -9999 -9999 -9999 -9999 -9999 -9999 -9999 -9999 -9999 -9999 -9999 -9999 -9999 -9999 -9999 -9999 -9999 -9999 -9999 -9999 -9999 -9999 -9999 -9999 -9999 -9999 -9999 -9999 -9999 -9999 -9999 -9999 -9999 1448 1453 1444 1436 1412 1391 1382 1391 1352 1378 1373 1379 1374 1398 1405 1347 1284 1295 1284 1273 1245 1209 1188 1173 1204 1193 1156 1158 1153 1176 1245 1286 1215 1215 1229 1202 1120 1062 1076
-9999 -9999 -9999 -9999 -9999 -9999 -9999 -9999 -9999 -9999 -9999 -9999 -9999 -9999 -9999 -9999 -9999 -9999 -9999 -9999 -9999 -9999 -9999 -9999 -9999 -9999 -9999 -9999 -9999 -9999 -9999 -9999 -9999 -9999 -9999 -9999 -9999 -9999 -9999 -9999 -9999 -9999 -9999 -9999 -9999 -9999 -9999 -9999 1458 1452 1454 1451 1443 1430 1413 1396 1391 1366 1393 1388 1392 1402 1420 1385 1335 1310 1302 1296 1278 1257 1212 1212 1205 1198 1199 1147 1148 1155 1137 1221 1298 1291 1229 1233 1196 1143 1105 1096
-9999 -9999 -9999 -9999 -9999 -9999 -9999 -9999 -9999 -9999 -9999 -9999 -9999 -9999 -9999 -9999 -9999 -9999 -9999 -9999 -9999 -9999 -9999 -9999 -9999 -9999 -9999 -9999 -9999 -9999 -9999 -9999 -9999 -9999 -9999 -9999 -9999 -9999 -9999 -9999 -9999 -9999 -9999 -9999 -9999 -9999 -9999 1466 1465 1458 1461 1457 1451 1441 1418 1398 1365 1387 1399 1397 1401 1413 1429 1380 1352 1325 1312 1303 1286 1261 1224 1225 1201 1192 1177 1155 1149 1149 1140 1193 1310 1277 1216 1184 1154 1132 1132 1112
-9999 -9999 -9999 -9999 -9999 -9999 -9999 -9999 -9999 -9999 -9999 -9999 -9999 -9999 -9999 -9999 -9999 -9999 -9999 -9999 -9999 -9999 -9999 -9999 -9999 -9999 -9999 -9999 -9999 -9999 -9999 -9999 -9999 -9999 -9999 -9999 -9999 -9999 -9999 -9999 -9999 -9999 -9999 -9999 -9999 1485 1485 1483 1465 1470 1468 1459 1450 1440 1416 1398 1380 1400 1413 1409 1406 1414 1436 1374 1338 1309 1299 1301 1291 1271 1256 1254 1233 1227 1190 1185 1181 1170 1172 1209 1327 1238 1211 1184 1160 1151 1157 1140
-9999 -9999 -9999 -9999 -9999 -9999 -9999 -9999 -9999 -9999 -9999 -9999 -9999 -9999 -9999 -9999 -9999 -9999 -9999 -9999 -9999 -9999 -9999 -9999 -9999 -9999 -9999 -9999 -9999 -9999 -9999 -9999 -9999 -9999 -9999 -9999 -9999 -9999 -9999 -9999 -9999 -9999 -9999 -9999 1502 1496 1491 1494 1476 1477 1474 1462 1454 1438 1412 1400 1407 1420 1425 1420 1410 1423 1447 1364 1319 1310 1305 1298 1289 1284 1281 1277 1265 1253 1203 1211 1218 1201 1201 1264 1347 1231 1214 1206 1186 1177 1178 1160
-9999 -9999 -9999 -9999 -9999 -9999 -9999 -9999 -9999 -9999 -9999 -9999 -9999 -9999 -9999 -9999 -9999 -9999 -9999 -9999 -9999 -9999 -9999 -9999 -9999 -9999 -9999 -9999 -9999 -9999 -9999 -9999 -9999 -9999 -9999 -9999 -9999 -9999 -9999 -9999 -9999 -9999 1514 1516 1514 1506 1500 1499 1493 1480 1484 1476 1472 1455 1430 1423 1431 1444 1438 1429 1420 1444 1464 1371 1323 1324 1322 1309 1305 1297 1288 1282 1270 1261 1208 1223 1232 1230 1225 1320 1334 1243 1222 1215 1207 1210 1214 1186
-9999 -9999 -9999 -9999 -9999 -9999 -9999 -9999 -9999 -9999 -9999 -9999 -9999 -9999 -9999 -9999 -9999 -9999 -9999 -9999 -9999 -9999 -9999 -9999 -9999 -9999 -9999 -9999 -9999 -9999 -9999 -9999 -9999 -9999 -9999 -9999 -9999 -9999 -9999 -9999 -9999 1545 1536 1528 1523 1515 1512 1504 1504 1486 1496 1495 1494 1482 1467 1459 1453 1460 1455 1450 1459 1476 1481 1414 1359 1337 1341 1344 1335 1308 1292 1291 1278 1279 1231 1234 1236 1261 1274 1342 1280 1244 1234 1224 1235 1258 1267 1240
-9999 -9999 -9999 -9999 -9999 -9999 -9999 -9999 -9999 -9999 -9999 -9999 -9999 -9999 -9999 -9999 -9999 -9999 -9999 -9999 -9999 -9999 -9999 -9999 -9999 -9999 -9999 -9999 -9999 -9999 -9999 -9999 -9999 -9999 -9999 -9999 -9999 -9999 -9999 -9999 1562 1553 1548 1539 1530 1525 1520 1509 1507 1494 1503 1501 1500 1491 1479 1468 1461 1473 1470 1495 1532 1496 1475 1448 1407 1394 1397 1378 1314 1302 1304 1316 1294 1280 1255 1262 1271 1278 1349 1325 1262 1250 1251 1235 1242 1263 1281 1273
-9999 -9999 -9999 -9999 -9999 -9999 -9999 -9999 -9999 -9999 -9999 -9999 -9999 -9999 -9999 -9999 -9999 -9999 -9999 -9999 -9999 -9999 -9999 -9999 -9999 -9999 -9999 -9999 -9999 -9999 -9999 -9999 -9999 -9999 -9999 -9999 -9999 -9999 1587 1590 1570 1561 1559 1549 1540 1534 1526 1514 1512 1510 1510 1509 1509 1508 1496 1476 1479 1504 1477 1504 1471 1396 1372 1339 1328 1349 1329 1315 1325 1296 1307 1313 1317 1313 1299 1250 1280 1315 1362 1322 1271 1264 1270 1263 1252 1263 1262 1259
-9999 -9999 -9999 -9999 -9999 -9999 -9999 -9999 -9999 -9999 -9999 -9999 -9999 -9999 -9999 -9999 -9999 -9999 -9999 -9999 -9999 -9999 -9999 -9999 -9999 -9999 -9999 -9999 -9999 -9999 -9999 -9999 -9999 -9999 -9999 -9999 -9999 1596 1594 1609 1585 1567 1568 1553 1548 1539 1532 1521 1517 1524 1523 1526 1519 1521 1505 1495 1511 1509 1486 1535 1513 1502 1496 1420 1333 1314 1319 1315 1315 1325 1322 1313 1299 1297 1312 1257 1282 1333 1383 1329 1292 1274 1277 1272 1274 1284 1283 1267
-9999 -9999 -9999 -9999 -9999 -9999 -9999 -9999 -9999 -9999 -9999 -9999 -9999 -9999 -9999 -9999 -9999 -9999 -9999 -9999 -9999 -9999 -9999 -9999 -9999 -9999 -9999 -9999 -9999 -9999 -9999 -9999 -9999 -9999 -9999 1621 1608 1599 1607 1615 1597 1587 1577 1562 1546 1542 1534 1526 1533 1531 1541 1526 1529 1528 1513 1508 1549 1558 1572 1590 1570 1600 1565 1520 1469 1449 1469 1461 1423 1371 1322 1334 1321 1315 1325 1283 1314 1360 1376 1319 1295 1282 1286 1304 1308 1322 1320 1278
-9999 -9999 -9999 -9999 -9999 -9999 -9999 -9999 -9999 -9999 -9999 -9999 -9999 -9999 -9999 -9999 -9999 -9999 -9999 -9999 -9999 -9999 -9999 -9999 -9999 -9999 -9999 -9999 -9999 -9999 -9999 -9999 -9999 -9999 1629 1621 1609 1603 1608 1613 1607 1604 1581 1566 1549 1546 1537 1527 1535 1550 1555 1538 1536 1534 1522 1516 1576 1610 1544 1580 1563 1591 1591 1557 1536 1506 1496 1519 1522 1466 1434 1431 1330 1322 1302 1291 1346 1414 1369 1315 1300 1299 1300 1329 1351 1353 1356 1337
-9999 -9999 -9999 -9999 -9999 -9999 -9999 -9999 -9999 -9999 -9999 -9999 -9999 -9999 -9999 -9999 -9999 -9999 -9999 -9999 -9999 -9999 -9999 -9999 -9999 -9999 -9999 -9999 -9999 -9999 -9999 -9999 -9999 1635 1629 1621 1611 1607 1609 1612 1614 1616 1593 1577 1559 1552 1541 1516 1508 1562 1563 1556 1554 1545 1560 1572 1572 1549 1467 1478 1515 1540 1531 1495 1478 1454 1428 1474 1531 1543 1537 1488 1330 1331 1299 1306 1354 1436 1373 1324 1312 1311 1307 1346 1403 1400 1410 1406
-9999 -9999 -9999 -9999 -9999 -9999 -9999 -9999 -9999 -9999 -9999 -9999 -9999 -9999 -9999 -9999 -9999 -9999 -9999 -9999 -9999 -9999 -9999 -9999 -9999 -9999 -9999 -9999 -9999 -9999 -9999 1648 1642 1635 1627 1620 1614 1612 1613 1614 1618 1623 1613 1593 1573 1560 1552 1526 1507 1571 1583 1555 1580 1584 1594 1573 1522 1487 1418 1409 1463 1484 1450 1412 1394 1391 1373 1398 1466 1532 1563 1507 1345 1328 1321 1327 1346 1416 1411 1348 1320 1318 1310 1402 1448 1432 1429 1413
-9999 -9999 -9999 -9999 -9999 -9999 -9999 -9999 -9999 -9999 -9999 -9999 -9999 -9999 -9999 -9999 -9999 -9999 -9999 -9999 -9999 -9999 -9999 -9999 -9999 -9999 -9999 -9999 -9999 -9999 1658 1651 1643 1637 1628 1622 1618 1617 1616 1614 1617 1620 1628 1613 1594 1577 1571 1553 1530 1596 1591 1524 1548 1568 1568 1510 1470 1474 1416 1413 1432 1445 1418 1377 1358 1362 1359 1355 1396 1446 1504 1520 1424 1393 1385 1375 1376 1392 1440 1398 1329 1318 1342 1478 1448 1387 1364 1341
-9999 -9999 -9999 -9999 -9999 -9999 -9999 -9999 -9999 -9999 -9999 -9999 -9999 -9999 -9999 -9999 -9999 -9999 -9999 -9999 -9999 -9999 -9999 -9999 -9999 -9999 -9999 -9999 1662 1662 1658 1650 1641 1634 1631 1625 1623 1622 1619 1615 1614 1611 1630 1630 1619 1608 1601 1578 1547 1616 1585 1502 1482 1485 1492 1463 1449 1453 1429 1413 1418 1424 1423 1389 1362 1350 1352 1349 1364 1366 1395 1480 1524 1547 1480 1462 1462 1412 1424 1463 1365 1323 1415 1505 1391 1281 1263 1261
-9999 -9999 -9999 -9999 -9999 -9999 -9999 -9999 -9999 -9999 -9999 -9999 -9999 -9999 -9999 -9999 -9999 -9999 -9999 -9999 -9999 -9999 -9999 -9999 -9999 -9999 -9999 1665 1663 1661 1658 1651 1633 1624 1629 1627 1628 1628 1623 1620 1614 1612 1621 1636 1637 1637 1634 1610 1572 1593 1620 1552 1534 1496 1457 1436 1416 1417 1414 1369 1377 1387 1402 1399 1391 1378 1357 1344 1344 1342 1320 1329 1450 1549 1483 1500 1478 1475 1479 1482 1426 1388 1471 1503 1364 1270 1262 1257
-9999 -9999 -9999 -9999 -9999 -9999 -9999 -9999 -9999 -9999 -9999 -9999 -9999 -9999 -9999 -9999 -9999 -9999 -9999 -9999 -9999 -9999 -9999 -9999 -9999 -9999 1664 1666 1666 1662 1659 1656 1639 1624 1626 1627 1632 1634 1629 1630 1620 1622 1625 1633 1644 1649 1646 1645 1607 1611 1623 1599 1547 1476 1455 1408 1353 1342 1362 1354 1332 1341 1377 1390 1399 1394 1375 1354 1332 1337 1336 1331 1429 1529 1465 1372 1348 1399 1452 1436 1427 1460 1544 1529 1380 1276 1268 1278
-9999 -9999 -9999 -9999 -9999 -9999 -9999 -9999 -9999 -9999 -9999 -9999 -9999 -9999 -9999 -9999 -9999 -9999 -9999 -9999 -9999 -9999 -9999 -9999 1663 1664 1665 1665 1665 1663 1660 1658 1648 1634 1622 1629 1635 1642 1643 1643 1634 1631 1636 1607 1622 1646 1643 1645 1647 1638 1602 1551 1529 1484 1444 1358 1342 1351 1353 1334 1316 1333 1342 1341 1349 1375 1381 1366 1343 1334 1328 1329 1352 1376 1532 1486 1491 1526 1532 1506 1531 1561 1497 1430 1334 1309 1311 1315
-9999 -9999 -9999 -9999 -9999 -9999 -9999 -9999 -9999 -9999 -9999 -9999 -9999 -9999 -9999 -9999 -9999 -9999 -9999 -9999 -9999 -9999 -9999 1660 1665 1667 1662 1665 1665 1662 1659 1656 1648 1640 1634 1632 1639 1644 1645 1646 1647 1636 1646 1629 1633 1630 1601 1635 1639 1643 1620 1563 1528 1502 1461 1362 1322 1323 1317 1309 1308 1313 1320 1323 1318 1325 1339 1359 1339 1326 1310 1306 1331 1357 1491 1486 1485 1496 1526 1537 1553 1550 1419 1379 1358 1357 1349 1327
-9999 -9999 -9999 -9999 -9999 -9999 -9999 -9999 -9999 -9999 -9999 -9999 -9999 -9999 -9999 -9999 -9999 -9999 -9999 -9999 -9999 1640 1651 1659 1663 1668 1661 1667 1667 1663 1658 1653 1647 1644 1640 1635 1639 1640 1631 1629 1642 1651 1649 1641 1645 1616 1551 1568 1603 1644 1630 1609 1575 1520 1471 1429 1344 1310 1308 1303 1304 1307 1311 1308 1316 1301 1304 1316 1324 1333 1333 1324 1332 1333 1354 1367 1357 1353 1370 1377 1414 1489 1436 1403 1391 1381 1360 1301
-9999 -9999 -9999 -9999 -9999 -9999 -9999 -9999 -9999 -9999 -9999 -9999 -9999 -9999 -9999 -9999 -9999 -9999 -9999 -9999 1644 1644 1646 1655 1663 1665 1662 1666 1668 1663 1657 1652 1648 1644 1642 1641 1646 1645 1634 1632 1640 1655 1649 1647 1634 1585 1536 1533 1551 1565 1602 1629 1611 1567 1522 1488 1403 1328 1307 1303 1301 1306 1311 1302 1309 1300 1295 1297 1314 1327 1334 1330 1325 1313 1296 1293 1284 1291 1293 1293 1313 1364 1367 1354 1376 1365 1313 1260
-9999 -9999 -9999 -9999 -9999 -9999 -9999 -9999 -9999 -9999 -9999 -9999 -9999 -9999 -9999 -9999 -9999 -9999 -9999 1641 1646 1651 1652 1654 1658 1660 1663 1665 1667 1664 1656 1653 1650 1652 1647 1646 1652 1653 1648 1648 1643 1655 1653 1645 1615 1582 1566 1558 1550 1515 1540 1579 1613 1607 1574 1514 1440 1373 1327 1312 1298 1301 1304 1303 1302 1304 1299 1302 1303 1307 1317 1320 1309 1302 1299 1284 1277 1299 1302 1300 1284 1278 1277 1272 1312 1319 1278 1250
-9999 -9999 -9999 -9999 -9999 -9999 -9999 -9999 -9999 -9999 -9999 -9999 -9999 -9999 -9999 -9999 -9999 1647 1642 1640 1644 1651 1654 1655 1653 1655 1662 1663 1666 1666 1660 1658 1654 1658 1652 1648 1654 1659 1659 1658 1650 1659 1659 1646 1618 1610 1607 1600 1589 1531 1498 1508 1571 1591 1595 1544 1442 1419 1375 1347 1317 1299 1295 1302 1307 1309 1303 1304 1293 1292 1305 1310 1296 1296 1287 1280 1273 1295 1304 1298 1271 1276 1268 1252 1248 1256 1271 1250
-9999 -9999 -9999 -9999 -9999 -9999 -9999 -9999 -9999 -9999 -9999 -9999 -9999 -9999 -9999 -9999 1651 1646 1640 1640 1639 1644 1648 1654 1651 1648 1655 1659 1664 1667 1664 1663 1659 1659 1657 1650 1653 1660 1662 1662 1659 1665 1662 1656 1645 1636 1630 1620 1610 1555 1516 1490 1509 1536 1583 1593 1466 1441 1422 1403 1365 1323 1308 1296 1313 1313 1309 1302 1296 1291 1297 1301 1295 1294 1272 1268 1265 1281 1296 1297 1272 1271 1270 1271 1237 1206 1217 1200
-9999 -9999 -9999 -9999 -9999 -9999 -9999 -9999 -9999 -9999 -9999 -9999 -9999 -9999 1646 1648 1648 1645 1640 1640 1639 1638 1640 1651 1648 1637 1641 1650 1658 1665 1664 1664 1663 1666 1663 1650 1651 1659 1664 1664 1663 1666 1666 1660 1657 1654 1652 1635 1618 1576 1540 1519 1509 1515 1529 1581 1552 1459 1434 1432 1404 1374 1334 1307 1299 1306 1311 1304 1301 1299 1302 1309 1305 1264 1264 1255 1259 1271 1286 1294 1272 1269 1283 1285 1264 1233 1189 1166
