Dropbox/GRP Data/GRP mammal paper/NN_analysis/DATA/2012 input files not used in 2014 analyses/yo_c_bio_5_OLD.asc
ncols         226
nrows         141
xllcorner     -70621.9986746
yllcorner     -77191.4869234
cellsize      821.1860311
NODATA_value  -9999
[rows 58 to 86 of 141, columns 64 to 127 of 226]
3200.031 3190.71 3187.002 3194.702 3195.521 3167.575 3155.778 3135.033 3115.169 3095.027 3019.174 2999.869 3020.277 3065.312 3124.739 3184.145 3121.483 3085.792 3093.697 3092.586 3119.985 3160.464 3171.612 3143.13 3074.577 3100.511 3109.859 3066.555 2990.257 2970.496 2978.144 3073.397 3153.206 3112.518 3013.504 2976.283 2937.82 2942.678 2930.959 2892.156 2948.601 3055.472 3093.36 3045.008 2860.715 2598.188 2447.764 2385.248 2360.715 2392.314 2477.49 2760.345 2840.016 3007.353 3047.753 3005.096 2932.081 2728.841 2566.377 2499.689 2491.646 2595.351 2767.384 2901.194
3232.081 3221.253 3206.434 3208.89 3133.686 3126.108 3135.209 3104.724 3075.956 3063.768 3033.372 3030.202 3046.064 3099.899 3203.832 3169.116 3083.092 3075.74 3107.443 3082.202 3090.945 3144.972 3179.58 3178.811 3149.486 3149.411 3135.782 3081.641 3039.436 3087.732 3106.757 3109.446 3159.667 3111.83 3021.127 2935.695 2899.603 2928.591 2979.994 3021.824 3057.372 3113.18 3078.369 2972.963 2835.547 2615.009 2472.576 2436.333 2416.636 2382.076 2375.276 2461.689 2534.229 2736.968 2938.572 3027.59 3090.57 3037.026 2798.777 2676.634 2690.863 2846.09 2983.533 2969.477
3182.681 3191.5 3188.315 3150.476 3110.996 3088.092 3094.855 3097.366 3111.061 3107.719 3069.635 3014.925 3049.773 3116.11 3204.206 3144.863 3061.963 3073.335 3114.051 3106.671 3102.183 3143.11 3156.792 3164.537 3190.07 3224.279 3182.727 3087.89 3113.848 3188.882 3205.789 3219.444 3164.238 3023.834 2947.132 2897.08 2914.29 2938.851 2986.364 3069.766 3117.516 3117.303 2974.073 2806.6 2720.542 2578.392 2480.605 2461.235 2467.877 2469.953 2451.046 2429.24 2404.859 2437.483 2515.275 2583.415 2816.941 3059.735 3056.532 3041.651 3021.988 2968.143 2889.733 2671.553
3205.852 3176.709 3186.035 3179.296 3163.034 3144.605 3143.171 3141.604 3154.076 3149.517 3085.942 3021.384 3046.221 3122.366 3207.683 3145.961 3089.226 3073.633 3114.84 3131.827 3130.141 3172.772 3176.385 3173.82 3203.256 3263.228 3197.355 3114.401 3192.111 3238.878 3212.256 3149.888 3062.862 2914.994 2910.399 2938.795 3028.648 3117.656 3144.811 3085.776 3006.125 2977.72 2913.902 2768.416 2659.065 2588.768 2534.637 2498.738 2468.595 2446.008 2442.518 2441.635 2444.176 2416.206 2400.952 2469.915 2562.159 2677.192 2727.008 2675.583 2609.613 2590.856 2564.613 2473.395
3317.636 3279.486 3328.296 3324.414 3275.85 3177.582 3150.884 3192.293 3188.404 3139.3 3096.678 3046.221 3083.042 3158.275 3202.532 3126.836 3083.864 3077.063 3115.35 3159.314 3165.63 3201.232 3203.342 3174.748 3225.928 3281.865 3245.996 3215.321 3245.434 3237.37 3116.341 2970.182 2866.723 2840.181 2936.692 3047.402 3132.648 3144.396 3009.583 2906.03 2863.724 2873.338 2893.216 2761.009 2619.184 2564.543 2513.531 2498.628 2489.546 2468.695 2433.984 2408.82 2402.264 2390.723 2372.941 2409.928 2484.645 2546.603 2544.261 2531.381 2470.368 2407.144 2344.913 2264.312
3426.874 3387.076 3365.837 3374.529 3377.539 3285.828 3245.963 3279.592 3194.563 3114.513 3065.402 3030.589 3117.284 3213.342 3197.22 3121.047 3080.436 3089.802 3123.429 3182.152 3200.359 3217.109 3226.443 3212.479 3281.645 3324.999 3264.455 3253.815 3221.508 3176.215 3110.623 3079.606 3039.219 3024.451 3063.827 3179.652 3227.031 3117.799 2972.472 2852.285 2772.365 2759.533 2795.789 2699.642 2597.617 2553.078 2511.226 2481.453 2461.965 2445.94 2424.924 2423.06 2418.762 2389.771 2388.684 2413.989 2453.648 2466.08 2440.333 2429.191 2392.984 2348.33 2321.965 2284.337
3373.004 3350.249 3304.221 3332.422 3393.612 3380.903 3373.252 3325.959 3190.545 3109.219 3062.738 3054.34 3130.6 3236.027 3179.839 3122.179 3090.649 3096.224 3126.11 3204.726 3247.427 3256.831 3279.164 3282.197 3301.85 3290.935 3200.369 3221.483 3193.618 3197.425 3214.517 3216.731 3214.829 3200.379 3197.585 3215.242 3167.39 3047.425 2965.227 2840.375 2729.315 2654.867 2656.795 2632.42 2591.926 2558.969 2535.255 2483.027 2456.233 2445.18 2450.246 2454.784 2448.625 2410.923 2408.3 2427.921 2454.839 2448.701 2423.141 2409.232 2368.098 2312.015 2276.708 2240.016
3274.013 3279.316 3253.507 3264.539 3334.439 3386.056 3431.696 3366.264 3209.367 3148.624 3112.152 3099.348 3131.572 3233.567 3213.995 3159.589 3110.887 3109.155 3148.474 3259.759 3296.772 3292.483 3292.782 3280.101 3259.541 3263.218 3217.417 3230.345 3228.938 3245.327 3229.399 3174.919 3178.653 3187.239 3180.298 3129.599 3053.883 2991.38 2946.273 2834.789 2752.06 2667.914 2601.988 2588.32 2567.605 2531.562 2534.816 2510.284 2487.52 2472.566 2470.765 2465.737 2458.369 2431.816 2435.733 2448.616 2442.083 2427.002 2404.839 2406.113 2374.641 2329.003 2282.253 2237.972
3231.585 3245.014 3240.674 3229.278 3269.802 3315.259 3381.594 3384.809 3270.748 3242.696 3212.193 3168.891 3177.763 3230.771 3265.981 3229.496 3141.167 3138.024 3197.51 3322.186 3299.055 3253.335 3216.892 3183.784 3170.627 3229.823 3248.232 3231.817 3218.314 3205.093 3142.035 3077.17 3079.563 3090.856 3075.318 3025.987 2987.263 2956.268 2927.783 2854.109 2803.361 2720.506 2596.003 2534.844 2518.657 2475.16 2498.3 2508.955 2487.208 2483.622 2474.074 2459.362 2451.024 2452.063 2463.994 2461.041 2426.326 2406.749 2385.791 2395.865 2384.654 2367.539 2331.496 2291.527
3223.744 3224.249 3226.885 3229.652 3244.785 3245.294 3272.425 3309.441 3328.197 3345.094 3320.183 3283.98 3287.288 3252.963 3267.393 3289.763 3191.346 3177.274 3253.772 3331.946 3236.711 3149.879 3120.599 3102.769 3091.16 3102.757 3099.093 3119.281 3086.951 3110.207 3117.515 3092.142 3072.845 3040.625 3036.389 3003.636 2960.065 2922.909 2913.924 2876.758 2812.096 2676.783 2540.185 2464.986 2466.429 2434.731 2453.64 2453.854 2431.37 2457.546 2476.385 2462.764 2453.214 2465.425 2460.092 2443.239 2431.116 2419.45 2401.558 2389.22 2375.243 2367.655 2346.074 2305.075
3248.25 3268.731 3240.275 3217.37 3225.695 3224.415 3194.245 3199.663 3279.77 3350.442 3324.851 3332.671 3325.394 3326.179 3330.861 3327.218 3258.008 3233.698 3322.141 3319.057 3207.202 3140.408 3124.42 3115.89 3109.768 3062.347 3034.391 3091.789 3113.37 3129.959 3095.231 3023.253 2954.736 2878.078 2942.909 3000.98 2988.188 2955.171 2895.653 2842.76 2789.517 2680.224 2550.896 2476.571 2421.311 2405.794 2410.365 2425.355 2423.821 2438.056 2465.051 2471.884 2472.379 2433.661 2405.099 2406.991 2422.015 2422.392 2409.297 2369.261 2338.939 2339.145 2325.536 2276.862
3279.834 3267.509 3256.881 3231.702 3207.317 3214.835 3210.459 3193.425 3283.935 3341.472 3315.433 3239.552 3220.817 3256.456 3283.635 3260.809 3252.552 3309.661 3355.297 3342.81 3244.957 3148.367 3132.126 3135.449 3155.343 3104.278 3111.306 3130.156 3116.772 3085.782 3034.399 2996.285 2963.842 2901.005 2895.994 2966.896 2979.576 2960.368 2921.052 2892.677 2836.446 2791.996 2699.101 2565.797 2443.501 2395.844 2409.589 2416.229 2426.774 2453.085 2448.131 2427.263 2418.84 2375.347 2361.32 2377.743 2383.375 2399.704 2374.27 2338.663 2302.35 2320.89 2312.727 2325.184
3241.236 3267.901 3274.499 3253.113 3231.629 3214.231 3201.241 3196.965 3217.123 3278.447 3338.288 3323.654 3329.771 3339.927 3344.157 3332.65 3337.974 3348.355 3335.308 3285.735 3202.17 3176.079 3179.416 3180.538 3205.256 3163.349 3074.542 3063.288 3076.041 3059.275 3017.461 2949.803 2933.447 2928.716 2892.367 2936.374 2951.87 2955.777 2929.107 2919.675 2895.374 2861.202 2795.165 2682.839 2572.067 2463.148 2443.882 2469.296 2442.572 2407.87 2393.907 2391.777 2387.639 2361.096 2353.489 2374.068 2372.354 2355.046 2271.326 2220.421 2319.687 2343.496 2350.817 2372.61
3200.06 3214.637 3229.211 3246.243 3222.385 3202.616 3188.791 3183.463 3198.349 3260.371 3340.808 3344.149 3356.656 3350.866 3353 3360.512 3359.02 3345.822 3277.163 3236.108 3217.054 3217.385 3214.965 3198.288 3188.31 3155.185 3041.854 2994.645 3007.408 3003.153 2984.358 2925.621 2912.083 2950.184 2905.874 2919.627 2908.806 2933.17 2932.921 2917.686 2888.873 2861.156 2784.677 2670.723 2535.129 2466.547 2485.378 2503.03 2493.168 2483.96 2473.57 2370.606 2362.91 2365.414 2386.335 2377.271 2343.16 2298.477 2211.884 2209.233 2315.909 2367.536 2376.219 2374.052
3205.01 3179.88 3190.588 3199.957 3206.01 3217.95 3219.666 3210.724 3215.338 3219.92 3237.278 3246.152 3247.304 3239.652 3245.032 3250.536 3276.829 3332.327 3303.056 3258.167 3244.797 3235.438 3215.703 3166.32 3139.466 3121.209 3057.64 2980.659 2923.849 2955.607 3036.267 3048.675 3030.308 2996.001 2960.648 2942.187 2923.488 2909.344 2897.174 2875.656 2859.175 2822.019 2751.286 2617.797 2497.328 2466.626 2508.554 2524.182 2529.945 2520.471 2508.997 2366.17 2371.029 2385.573 2401.951 2367.075 2331.143 2290.894 2213.569 2214.944 2318.411 2366.445 2391.412 2389.413
3198.56 3184.909 3180.261 3197.181 3209.545 3216.276 3228.081 3222.123 3215.962 3193.511 3184.915 3184.098 3183.686 3191.709 3192.264 3194.947 3208.429 3247.762 3223.363 3219.432 3231.999 3218.507 3163.958 3121.016 3113.149 3099.402 3093.259 3046.928 2999.332 3021.345 3089.324 3106.496 3073.134 3004.853 2961.488 2951.726 2938.679 2878.886 2807.721 2785.79 2781.331 2752.039 2698.826 2571.686 2461.357 2457.304 2511.322 2527 2488.492 2464.12 2469.132 2360.751 2383.12 2399.257 2399.107 2361.869 2337.416 2309.258 2231.625 2221.342 2287.999 2330.343 2385.442 2392.061
3188.456 3199.394 3187.22 3208.498 3208.523 3196.42 3211.02 3214.871 3200.327 3192.602 3186.214 3189.389 3182.118 3207.228 3209.227 3202.981 3181.617 3156.851 3118.33 3117.138 3149.515 3171.043 3139.346 3109.885 3086.782 3091.137 3108.316 3107.713 3107.835 3101.774 3092.681 3075.799 3030.352 2972.013 2928.746 2908.021 2930.938 2882.555 2793.252 2767.573 2729.812 2711.013 2699.714 2571.136 2464.818 2467.283 2537.383 2559.839 2496.977 2456.655 2434.881 2374.093 2398.458 2386.18 2380.885 2360.322 2349.377 2328.221 2248.768 2218.571 2260.013 2312.328 2358.377 2398.626
3196.307 3204.076 3198.691 3208.12 3201.106 3181.681 3198.303 3209.708 3193.303 3215.406 3193.821 3193.438 3177.294 3207.462 3220.823 3204.407 3170.584 3124.565 3114.639 3066.881 3055.602 3086.012 3122.625 3090.552 3033.726 3056.946 3074.084 3087.533 3094.061 3088.254 3047.674 3009.252 2952.142 2912.009 2902.753 2845.105 2897.697 2904.292 2868.52 2833.929 2764.563 2742.466 2752.582 2624.627 2538.416 2531.205 2586.739 2583.297 2546.736 2513.905 2446.29 2412.325 2397.624 2363.526 2358.977 2354.619 2349.629 2326.234 2266.854 2208.084 2253.153 2326.811 2345.333 2395.538
3215.984 3214.292 3215.657 3227.704 3224.674 3201.325 3216.283 3222.542 3215.143 3243.174 3213.741 3165.985 3168.01 3193.319 3210.5 3206.322 3169.401 3122.448 3146.595 3122.682 3052.392 2995.744 3010.082 2989.03 2969.199 2973.427 2999.485 3017.259 3019.027 3027.409 2971.583 2892.923 2816.257 2825.735 2851.782 2813.699 2845.237 2876.703 2892.839 2857.271 2823.398 2788.616 2760.19 2689.485 2632.361 2603.149 2603.589 2543.652 2526.152 2518.13 2470.389 2449.536 2366.526 2351.716 2342.557 2343.175 2331.323 2301.937 2277.04 2202.237 2248.69 2334.575 2367.655 2389.854
3251.023 3241.522 3242.463 3247.728 3272.685 3295.317 3299.92 3293.449 3283.125 3200.921 3192.439 3163.265 3171.697 3182.369 3199.721 3202.311 3160.761 3146.435 3157.985 3159.013 3120.632 3048.936 2952.259 2917.751 2887.576 2902.688 2947.735 2966.785 2964.051 2988.11 2906.771 2790.638 2719.648 2744.497 2749.762 2753.721 2821.837 2832.992 2861.501 2837.376 2790.38 2721.014 2706.281 2691.827 2637.752 2539.304 2552.828 2551.333 2538.767 2493.904 2484.252 2453.327 2349.918 2325.1 2324.235 2330.156 2309.034 2281.628 2248.789 2206.58 2237.132 2317.885 2396.282 2437.242
3277.005 3275.991 3278.584 3287.264 3292.347 3299.193 3293.885 3290.961 3274.457 3231.422 3175.12 3182.371 3186.724 3197.506 3212.033 3189.047 3148.45 3162.528 3181.301 3153.439 3131.992 3089.972 3053.287 2992.488 2845.429 2773.971 2840.333 2880.649 2897.55 2926.705 2934.511 2834.691 2715.482 2610.227 2609.478 2656.242 2727.938 2785.273 2799.491 2790.873 2764.989 2700.617 2653.909 2629.841 2561.304 2397.668 2401.579 2455.258 2446.128 2429.997 2438.292 2374.873 2308.101 2302.882 2317.673 2328.509 2301.958 2264.11 2166.759 2195.069 2238.766 2347.494 2436.257 2468.516
3295.586 3294.334 3297.687 3315.987 3320.058 3325.406 3328.465 3318.919 3300.049 3283.373 3227.471 3184.232 3220.752 3219.53 3220.37 3249.233 3189.141 3188.127 3198.32 3165.637 3137.176 3119.904 3085.784 3053.284 2982.331 2831.868 2676.246 2765.612 2836.76 2842.592 2859.584 2876.41 2832.329 2760.243 2678.169 2568.548 2598.727 2664.07 2638.596 2614.686 2650.302 2671.425 2626.208 2540.557 2461.814 2339.769 2320.2 2355.281 2367.33 2423.817 2421.228 2315.023 2290.681 2292.654 2307.369 2304.464 2282.95 2213.607 2143.608 2114.097 2221.431 2319.175 2358.947 2453.654
3314.056 3305.4 3320.683 3328.15 3338.329 3341.211 3339.227 3319.949 3303.134 3269.949 3237.721 3193.968 3233.198 3251.05 3226.34 3227.941 3248.136 3233.343 3209.907 3158.776 3134.283 3136.419 3127 3105.112 3044.07 2936.552 2805.001 2723.561 2723.73 2702.978 2760.907 2844.169 2846.745 2779.956 2660.611 2560.652 2576.559 2588.273 2512.585 2450.615 2463.653 2519.271 2538.23 2419.023 2334.207 2318.555 2305.64 2325.801 2351.239 2410.591 2410.728 2313.631 2294.573 2299.663 2310.629 2300.939 2277.373 2211.303 2120.396 2120.494 2214.735 2235.939 2273.598 2406.402
3346.349 3348.24 3348.175 3347.01 3346.809 3351.573 3349.629 3334.55 3305.345 3245.477 3224.549 3210.388 3225.963 3261.465 3268.928 3255.891 3272.176 3277.086 3236.182 3168.963 3148.305 3169.651 3152.361 3113.923 3070.868 2994.818 2914.702 2828.596 2709.948 2686.006 2746.762 2777.138 2768.952 2756.717 2673.803 2656.47 2622.109 2540.779 2464.378 2422.341 2388.391 2380.062 2433.461 2372.547 2303.159 2320.27 2310.653 2323.195 2349.157 2406.181 2396.079 2361.686 2328.853 2326.645 2320.156 2299.02 2266.488 2199.877 2148.814 2197.227 2213.513 2182.743 2246.252 2357.18
3366.76 3386.235 3379.053 3365.533 3354.333 3357.647 3357.992 3353.224 3326.137 3274.763 3229.003 3222.607 3224.643 3248.329 3267.62 3268.668 3282.073 3304.581 3270.655 3211.636 3188.96 3171.583 3145.709 3099.492 3068.399 3036.843 2995.944 2926.249 2795.059 2813.45 2883.565 2879.367 2835.406 2856.136 2820.981 2796.352 2701.669 2531.68 2477.919 2476.69 2405.785 2370.405 2380.876 2369.454 2352.582 2362.277 2343.456 2360.144 2369.932 2403.688 2409.015 2407.783 2380.982 2390.156 2361.33 2297.087 2253.391 2200.344 2199.764 2242.36 2253.296 2206.535 2253.997 2372.775
3391.225 3404.715 3409.269 3384.024 3360.221 3355.586 3359.161 3346.515 3320.89 3294.027 3237.549 3220.792 3229.171 3239.063 3247.095 3263.66 3286.31 3313.091 3290.716 3249.798 3204.092 3156.705 3142.435 3103.877 3057.518 3073.481 3052.012 2974.093 2900.333 2950.017 3034.461 3052.119 3010.205 3020.785 2999.5 2903.858 2745.642 2546.429 2499.879 2523.329 2470.967 2446.288 2366.337 2371.417 2392.757 2415 2403.648 2432.315 2413.722 2401.477 2416.894 2447.608 2450.058 2481.431 2441.26 2331.116 2274.25 2231.15 2236.996 2272.137 2281.273 2267.714 2336.508 2538.267
3418.153 3409.537 3419.911 3402.713 3367.62 3353.944 3357.483 3327.613 3298.722 3279.545 3247.77 3220.444 3232.595 3242.792 3245.472 3257.625 3275.063 3308.438 3275.941 3244.272 3191.386 3168.427 3155.496 3128.768 3066.992 3092.927 3075.236 3019.758 2973.464 3009.198 3085.762 3118.795 3104.542 3094.067 3074.352 2935.864 2732.495 2592.382 2531.586 2537.247 2543.878 2501.438 2361.956 2373.91 2401.082 2447.365 2495.716 2525.621 2471.617 2415.412 2428.779 2516.209 2552.491 2576.417 2520.488 2406.614 2349.427 2310.701 2314.72 2422.25 2380.795 2363.738 2546.742 2838.315
3418.671 3414.143 3408.502 3413.666 3383.87 3368.798 3361.626 3340.823 3333.76 3313.957 3284.714 3243.926 3238.832 3234.223 3220.723 3217.609 3252.004 3301.375 3248.645 3211.316 3219.51 3199.66 3155.146 3138.515 3102.606 3100.166 3108.508 3070.006 3030.101 3053.195 3115.969 3115.684 3059.387 3032.327 3048.635 2912.204 2728.682 2694.821 2619.042 2558.284 2584.159 2494.129 2378.683 2401.755 2469.459 2500.756 2614.902 2635.206 2561.766 2479.086 2512.397 2649.45 2732.294 2722.413 2624.098 2548.031 2497.468 2480.674 2531.386 2765.566 2720.351 2645.748 2883.477 3118.695
3440.018 3457.427 3444.791 3420.766 3392.517 3387.599 3369.415 3353.429 3343.008 3321.146 3274.053 3250.394 3231.919 3218.628 3218.504 3220.244 3238.453 3306.834 3310.169 3209.58 3214.479 3221.99 3200.958 3163.549 3154.045 3089.977 3134.694 3139.387 3097.722 3099.76 3161.319 3086.263 2925.927 2894.604 2962.006 2920.341 2773.724 2780.384 2697.709 2597.997 2604.17 2472.884 2411.69 2493.387 2667.527 2677.563 2701.191 2752.163 2733.859 2624.675 2651.455 2837.461 3025.792 3029.454 2911.07 2859.402 2775.167 2793.019 2879.793 3120.58 3168.87 3194.362 3216.493 3167.881
