Dropbox/GRP Data/GRP mammal paper/NN_analysis/DATA/2012 input files not used in 2014 analyses/yo_c_bio_12_OLD.asc
ncols         225
nrows         140
xllcorner     -70621.9986746
yllcorner     -76881.261089429
cellsize      824.83574679378
NODATA_value  -9999
[rows 58 to 86 of 140, columns 64 to 127 of 225]
97933.21 101057.9 102945.3 103634.7 103288.9 104295 104974.5 105583.2 106624.4 107301.3 108213.5 108841.8 108672.8 108096.5 107283.5 106620.8 106419.3 106130.1 106227.2 106299.2 106442.6 106120.8 105855.7 106113.2 106906.6 108257.8 109627 110971.4 111470 110608.5 108039.1 104977.5 101674.7 102194.1 104143.8 105445.7 106720.5 105729.8 103250.4 99882.66 96452.55 93979.94 92979.61 93739.94 95697.32 97852.61 100297.4 106296.1 109843 106314.3 103456.8 101028.6 99756.77 99482.9 101098.3 102384 103183 110088.8 112003.6 112043 110247.7 107749.7 104654.3 104473.2
96332.55 98957.79 101004.4 102589.4 103250.5 104277 104712 104889.1 105774.9 106505.3 107584.7 108556.7 107991 107474.5 106812.7 106356.5 106289 105832.3 105943.9 105831.7 105756.4 105338.1 104867.3 104192.4 104118.5 104343 105285.7 106516.9 106711.4 105812.7 103592.8 100797.6 98530.91 100253.6 103979 102439.9 103716.7 101948 99563.25 96504.2 93685.99 92531.19 93036.64 95103.56 97620.49 99560.94 103589.2 111737.7 117084.1 118831.5 115765 107803.6 104388.7 102884 101814.4 102257 102461.7 102965.1 103773.1 103857.5 103601.6 103679.5 104730.1 106518.2
94523.88 96839.63 98854.47 101284.3 103216.8 103851 104891.1 104773.4 104725.6 105972.2 107232.3 108596.2 107750.6 106913.6 106226.6 106081.9 106046 105721.6 105448.1 105260.8 105192.7 104847.9 104308.8 103653.4 102063.2 101487.1 101703.3 102058.8 101629.1 100648.2 99324.43 96685.37 96231.53 99066.89 102229.1 100693.6 97060.19 95710.08 95158.15 93216.23 92422.67 92739.83 94745.7 97634.22 99967.93 101831.5 105267.8 112352.9 118199.9 124322.5 124250.9 122256.4 120014.9 114372.2 107408.8 105117.1 103983.9 103725.8 103580.9 104059.2 105117.5 107286.7 111323.7 115329.9
90987.89 93227.98 94657.27 96804.74 99695.12 101989.5 102910.1 103669.5 104205.9 104652.8 107445.7 107660.6 107099.3 106281.2 105817.2 105730.4 105725.8 105308.2 105097.8 105105.1 104654.2 104228 103899.1 103088.4 102182.3 102924.6 101613.1 100092.9 97739.09 95721.05 93628.94 92869.17 94328 98768.86 99028.99 94986.53 92515.38 91193.79 91632.38 92630.19 94064.81 95742.15 98190.74 100305.9 101389.6 103853.4 106575.9 112673.6 118535.4 126535.7 129083.8 132392.7 132742.2 129140.7 123178.9 118310.9 114145.1 112125.3 112606.4 114112.9 115298.8 116824.5 119631.3 127150.1
86459.28 88763.34 89586.66 90917.02 93540.26 96563.66 99187.93 101785.9 103341.1 103842.6 106844.6 107715.4 106354.3 106100.4 105708.8 105547.9 105474.5 105324.8 104837.1 104682.1 103806 103284.9 102837.9 102097.2 101403.3 101403.5 99586.98 96607.2 94053.07 91974.05 90545.45 91238.31 94282.42 95883.41 94381.99 90343.75 89065.71 88902.16 91079.54 94682.66 97606.54 99750.34 101571.4 101546.4 103163.6 106426 108461.9 113507.3 119083.4 127537.3 130524 133883.5 136931.5 136546.3 133264.2 129488.1 125468.7 124594.5 123037.1 123601.1 123555.5 126825.8 130262.4 134907.8
83763.66 86303.47 86654.98 87031.7 88250.76 90517.25 93568.15 97454.95 101616.7 103632.7 106153.9 106818 106415.1 105461.1 105081.2 105056.2 105229.6 105215.9 104563.7 104220.9 103287.6 102717.8 102000.9 100988.9 99081.4 96505.9 95499.58 93731.73 91580.09 90159.14 89042.8 90265.45 91843.58 91454.04 89732.53 87783.83 87571.36 88371.84 91892.26 97394.65 101306.9 102984.6 104104.6 103832.7 105348.9 108557 110526 115081 119892.5 127590.7 130442.8 133658 136591.4 138785 137767.3 135484.7 132706.8 130844.3 130512.9 130895.9 130911.7 130810.8 133289.6 136293.4
84823.9 86494.46 86754.9 86594.98 86150.76 86742.14 89038.88 92919.93 98541.73 103133.8 106382.2 106784.3 105588.7 103673.2 103635.6 104572.2 105536.3 105519 104726.7 103303.1 101607.8 100068.8 99097.59 97722.52 95373.63 93274.52 92652.42 92088.67 91211.21 89882.71 88835.39 89701.41 89664.38 88540.73 87296.38 87052.23 87352.23 89048.48 93572.54 99514.21 103706.5 105325.6 106169.1 106447.1 108531.6 110963.8 112629.2 117093.1 120796.5 126782.6 129517.5 132514 135046.8 137997.2 138285 137852.6 135507.6 134366.9 133912.1 133726.5 134789.4 135469 135562.5 135805.8
87975.65 88880.3 89006.75 88362.22 87023.21 86492.7 87259.19 89913.34 94848.02 99966.03 103876 104598.7 102899.7 101160.4 101413.5 103118.4 105210 106022.3 104227.5 101702.1 98696.71 97072.88 96305.79 95655 94043.91 92960.77 92364.45 92456.43 92024.41 90665.56 90002.19 90069.02 89376.32 88116.43 87278.66 87327.9 88110.55 90569.61 95513.09 100805.1 104827.1 106886.9 108107.8 110266.3 113156.5 114810.3 116168.3 119254.7 121659.7 125806.3 128249.9 131135.8 133391.4 136122.2 137136.8 137451.7 136597.9 136298.9 135259.3 134580.2 135380 136947.5 136980.9 135650.8
90663.79 91535.88 91462.53 90642.07 89374.94 88705.73 88281.66 89044.95 91659.91 94731.95 97893.08 99153.56 98659.2 98087.45 98438.73 100279.3 102861 104636.6 102172.4 98920.91 95877.17 95653.62 95736.46 96241.01 95518.97 94384.32 93834.97 93975.5 93031.66 92133.94 91899.91 91530.28 90915.61 89852.06 89122.91 88969.97 90070.23 92828.66 97344.86 101969.9 105165.9 107639.2 109960.5 114856.4 118153.4 119235.4 120493 121450 122523.8 124927.7 127274.1 129955.4 132323.5 135044.1 136655.2 136992 137162.5 136776.8 136488.2 135428 134953 135632.2 136289 135359.5
91754.2 92575.43 92676.01 92542.86 91841.79 91322.95 90834.29 90113.87 90050.41 90758.49 92381.58 93788.71 94185.35 94461.02 95014.32 96933.7 98912.91 100092 98507.65 95047.79 94485.81 95437.02 96411.57 96824.99 96497.72 96271.59 95654.39 95137.33 94344.55 93957.48 93720.9 93760.98 93739.97 93209.02 92490.2 92517.21 93196.45 95494.24 98969.99 103249.4 105028.4 107444.5 111213.2 118087.3 121684 122472.3 123517.5 123429.5 123419.5 124589.8 126918 129422.3 132245.6 135221.6 137411.9 138075.7 137764.2 137101.4 137929.1 137025 135689 135171.2 134874.9 134511.1
91774.31 92430.1 92982.02 93585 93733.02 93486.39 92892.12 92243.48 90796.68 89061.69 89522.82 90712.05 91164.67 91539.78 92155.57 93730.5 95472.96 95370.7 93112.35 92128.2 94606.5 96100.03 96978.39 97097.26 97138.56 97268.89 96973.45 96886.19 96326.5 95858.1 96015.41 96686.85 97413.33 97403.52 96793.25 96318.47 96513.66 97624.45 100142.8 103335.7 104587.2 106451.9 110972 118616.8 122941 124362.5 124973.7 124607.9 124195.9 126119.9 127425.8 130518.4 132870.2 135362.1 138036.9 138832.9 139571 138875.7 139132.8 139425.1 137700 135961.6 134947.2 133787.6
91878.6 92486.02 93104.65 93741.58 94672.23 95468.7 95293.97 93903.48 91296.75 88655.98 89022.57 89199.88 89572.9 89733.99 89809.68 90728.54 91264.62 89691.37 88895.56 90520.26 94582.74 96116.15 97220.68 97176.51 97245 97619.55 98048.62 98106.64 97957.86 97911.88 98550.22 99820.02 101181.9 101818.8 100977.5 99856.38 98980.83 99006.98 100843.9 102625.8 103490.9 106018.5 109853.7 115331.1 121265.2 123879.6 124619 124810.7 125025 129154.7 131487.7 133593.9 135082.5 136398 139064.2 140197 140240 139701.3 141131.4 139963.9 138293.8 136599.6 134383.5 132233.8
93483.88 93636.16 93786.05 94486.13 95201.04 96018.67 96282.52 95325.56 93331.35 90801.91 89238.02 89482.09 89116.8 88872.8 88391.43 88719.8 87883.46 86224.14 87206.59 90700.55 94661.29 95982.89 96861.21 96862.82 97349.01 97941.13 98663.31 99102.18 99211.78 99878.27 100920.8 102057.9 102932.3 103429.3 103456.3 102264.4 101347.9 100904.3 101413.4 102295.8 102969.8 104846.4 108696 113382.6 118991.6 121775.9 122799 123359 123744.4 128855 132018.7 134409.5 136560.9 137882.1 139466 140604.1 141605.7 143250.7 144098.6 142123.2 139090.7 135959.1 132641.2 130537.4
95520.79 95224.96 95335.6 95469.93 95838.49 96387.19 96596.58 96201.24 94970.69 92983.73 91680.79 91398.19 90759.02 90489.77 89915.3 88976.88 87134.66 86518.94 88635.71 92301.83 95275.64 95959.19 96743.31 97292.77 97727.86 98629.41 99445.41 100160.5 100899.6 101681.5 102220.9 103515.2 103934.8 104568.1 104390 104068.1 103657.5 103144.9 103215.9 103651.4 104118.6 105571.1 108843.9 112825.5 117780.2 119708.3 120802.5 121483.4 122120.6 127844.1 131476.6 134196.2 135873.1 137409 139193.5 141773.6 144654.6 147885.6 147410.9 143032.3 139478.3 134622 131516.9 129332.8
97782.92 97532.49 97499.41 97255.06 96985.7 96933.14 96887.02 96714.04 96181.3 95207.49 94443.65 93917.36 93892.84 93975.8 93330.37 91375.45 90329.76 90539.05 92523.68 94885.22 95933.13 96377.07 97085.75 97761.8 98266.16 98834.15 99321.44 100567.8 101771.5 102300 102342.4 102895.4 103458.5 104628.3 105429 105652.1 105513.8 105642.5 105797.1 105846.9 106349.6 107689.7 110250 113150.9 116515.8 117801.5 118258.6 118405.6 119402.3 125962.5 129796.9 132378.4 134678 136533.9 138754.3 141815.9 146111.4 149203.3 148560.6 142664.3 138081.6 134477 130904.6 129113.5
100117.1 100177.2 100134.4 99611.29 98569.67 97707.32 97345.54 97139.79 97020.82 97070.91 96827.78 96745.64 97115.45 97469.47 96697.9 95159.71 95048.2 95250.24 96176.71 97198.75 97350.02 97567.71 97899.41 98283.09 98737.31 98533.55 99084.76 100383.4 101541.7 101957.4 101897.3 102401 103767.5 105464.2 106846.4 107324.1 107351.8 108037.2 108523.9 108571.5 108639.3 109035.7 110681.8 112842.3 115037.8 115870.5 115467 115191.7 116405.1 124074.3 127741.1 129968.8 132688.4 135317.3 138070.1 141674.6 145964.4 147824 147729.9 143111.5 138086.4 134094.7 130261.6 128771.9
102017.4 102750.3 102877.1 102015.8 100329.5 98771.62 98055.25 97753.93 97838.38 98383.66 98713.38 99122.86 99394.54 99444.96 98781.2 98147.45 98355.47 98771.88 99092.12 98927.61 98896.39 98851.82 99068.27 99220.73 99436.19 99068.68 99571.84 100341.1 101118.3 101574 102129.5 103717.2 106038.8 108109.7 109221.1 109371.9 109142.9 109672.3 109944.4 109715.7 109215.5 108866.7 109596.3 111024.2 112192.9 112640.9 112045.7 111974.2 113592.4 121789.5 125435.4 127917.3 130806.1 133860.6 136873.8 140182.5 143808.8 145055 145444.3 141722.4 137608.5 132536.1 129897.9 128692.9
103040.7 104604.2 105050.9 104065.7 102055.2 100173.6 99035.02 98658.91 98798.36 99306.13 99861.98 100264.4 100134.3 99667.18 99285.34 99051.3 99340.09 100399 100917.1 100033.6 99926.73 99978.96 100371 100543.2 100763.4 100963.8 101120.3 101352.1 101779.8 102399.1 103964 106799.3 109687.5 111736.3 112388.8 111919.7 110959.8 110502.3 109784.2 108657 107802.7 107280.2 107322.7 107866.8 108069.8 108389.1 108490.6 109195.6 111426.8 119451.7 123012.4 126451 129622.1 132520.8 135233 137657.9 140976.9 142656.5 142989.2 139570.8 135318.4 130739.4 129482.4 128886.8
103007.4 105133.7 106006.3 105430.5 103517.5 101707.3 100277.8 99768.4 99737.59 100017.3 100104 100109.4 99496.82 99001.93 98695.16 98807.82 99161.17 100091.3 100676.7 100310.6 100642.4 101251.2 101510.8 101869.1 102660.7 103218.9 103607.6 103786 104122.4 105040.3 107117.3 110379 113203.2 114673.3 115245.3 114724 113132 111312.7 109420.5 107336.5 106039 105055 104865.1 104892.3 104882.6 105430.5 106389.3 107892.4 110366 117947.4 121185.2 125430.7 128623.8 131391.5 133518.6 135666 139071.6 141458.4 141255.6 138806.9 132410.8 128890.7 127744.8 128603.5
101838 104572.5 105687.4 105604.2 104254.1 102775.2 101726.9 100911 100586.7 100327.1 100095.8 99389.46 98934.3 98236.16 98068.84 98703.76 98721.52 99216.58 100010.5 100257.1 100564 101437.1 102165.2 103259.6 104508.2 105452.5 106385.4 106842.8 107444.1 108238.3 110121.9 113005.6 115106.8 116346.8 117523.8 117203 115389.3 112755.1 109809.8 107063.6 105243 104407.2 104674.8 104480 104591.9 105281 106447 108093.2 110167.5 116752.3 120627.2 124843.5 127251.6 130094 132071.8 134232.3 137407.8 140568.7 139853.7 137015.9 130586 125547.2 124248.8 127066
100152.6 103395.6 104625.7 104845.1 104165.5 103047.9 102162.2 101348.1 100798.8 100530.9 99647.3 98899.02 98002.67 97302.2 97165.11 97514.47 97764.31 98288.96 98997.65 99686.23 100258.2 100969.3 101836.6 103318.8 105035.7 106745 107922.2 108692.6 109774 110981.9 112275.6 114098.5 115896.6 117627.1 119051.4 119400.6 117884.7 114632.6 111236.8 108726.4 106618.1 105551.6 104907.2 104437.6 105170.5 106221 106933.9 108324.3 110316.8 116244.2 119586.4 123754.9 126504.1 129334.2 131457.9 133705.8 136738.8 140953 139415.3 136314.5 130398.2 124665.6 122256.3 123993.6
98414.58 101567.7 103489.8 103960.2 103505.8 102788.3 102039.8 101473.2 100765.9 100161 99430.38 98122.58 96990.18 96256.84 95943.88 96153.47 96665.08 97529.01 97845.33 98678.98 99593.76 100386.6 101303.8 102713.8 104327.3 106587.5 108347.4 109702 111319.2 112400.3 113151.3 113976.9 115783.6 117988.5 119934.2 120639.4 119516.5 117091.8 114197.9 111278.7 108363.4 107107.3 106688.5 106354.7 107065.5 107169.5 107874.6 108830 110338.4 115299.3 119699.7 122682 125181 127668.5 130167.7 133097.1 136404.7 140969.3 139837.2 135693.2 131049.6 125191.2 121458.8 120509.5
96122.69 99226.75 101348.2 102554.8 102754.1 102302.1 101807 101391.1 100757.3 100081.5 98991.06 97580.5 96184.5 95248.34 94737.36 94416.4 94581.11 95620.49 96670.3 97639.52 98687.02 99728.66 100647 101826.3 103545.3 105653.8 107868.5 109553.4 111155.5 112315.1 112883.7 113369.2 114438.3 115911.5 117599.3 119316.7 118400.3 116692.3 113602.3 110536.9 108736.3 107792.6 107048.7 106662.8 107464.9 108005.3 108200.6 109000.8 110092.9 113845.4 117795.5 121581.6 123337.7 125924.7 128476.6 131877.2 135565.5 139587.8 138908.2 135756.2 131978.3 126575.8 120982.8 117521.3
92853.45 95759.43 98275.01 100486.4 101586.3 101724.2 101457.6 100995.7 100522.2 99594.4 98582.16 97249.24 95692.46 94465.52 93565.41 92682.5 92338.6 93199.66 94841.73 96481.25 97624.38 98890.66 100009.9 101055.1 102386.8 104427.2 106273.1 108235.9 109537.5 110402.7 110741.2 110831.4 111367.7 112525 113975.9 115476.1 115659.4 114610.5 112088.2 110212.6 109247.9 107869.5 107290.2 107119.3 107689.5 108515.8 108226.5 108284.8 108755 111963 115308.9 118938.5 121879.5 124230.7 126581.8 129785.4 133708.3 136688.7 135759.4 133647.7 131107.4 125117.8 117855.2 111543
88788.27 91555.91 94345.36 97275.08 99616.89 100822 101008.2 100553.6 99946.44 99181.04 98278.76 97044.08 95565.1 94180.89 92998.98 91598.22 90700.21 90890.16 92741.45 95210.45 96892.49 98066.55 99388.34 100402.9 101410.9 102957 104420.4 106059.1 107066.9 107415.6 107212.8 106738.2 106881.8 107833.7 109439.7 111555.3 113113.8 112902.1 111306.3 109628.4 108828.8 107715.7 107195.8 107081 107369.6 108223.7 107659.9 107195.1 107275.6 110269.6 112577.4 115361.7 119064.6 121534.7 124341.2 127484.5 131382.3 133484.1 131150.8 130049.1 127070.2 120299.9 111162.2 103770.3
84565.96 87155.83 89882.48 93560.83 97196.61 99663.63 100583.8 100290.2 99551.87 99036.84 98071.9 96930.98 95624.88 94316.88 93013.97 91381.26 89894.86 89414.18 91110.01 93914.32 96533.85 97816.13 98713.21 99787.67 100676.8 101521 102733.5 103707.1 104398.9 104242.8 103563.6 102799.4 102654.7 103207.8 105047.8 108763.3 111064.7 111765.1 110856.1 108779.2 107643.2 107457.4 107080.2 106841.4 106847.4 107260.3 106357.8 105680.8 105757.4 107986.3 108816.9 110174.9 113431 116500 120095.9 123964.1 127420.1 128469.4 125473.9 123883.2 119751.3 112842.7 103957.7 98428.46
80856.19 83055.08 85718.54 90018.64 94611.44 98092.01 99905.73 100135.7 99575.18 98920.7 97943.16 96895.26 95685.8 94589.88 93278.09 91753.22 89862.48 89014.81 90225.23 92864.56 96072.52 97735.68 97913.52 99033.82 99884.38 100376.9 101170 101693.5 102073.4 101684.5 100971.9 100467.6 100283.6 100704.4 102315.3 107763.9 109399 110585.6 110216.4 108327.8 106957.6 106843 106920.4 106693.4 105925 105461.1 104363.6 103614.7 103914.6 104914.9 104370.9 104601 106845.1 110281.9 114175.8 118886.4 121620.8 121462.1 117921.1 115638.3 111027.8 105005.2 99008.13 96618.12
77879.44 79676.59 82531.66 86541.12 91491.43 95529.25 98260.37 99621.59 99495.51 98771.38 97861.34 96850.44 95746.58 94872.84 93766.35 92245.79 90275.46 88932.38 89563.75 92161.37 95018.43 96635.53 96986.3 97902.64 98930.87 99358.7 99775.66 99980.51 100313.1 100178.5 99817.63 99932.34 100084.6 100885.1 102298 109085.8 108890.2 109534 109728.6 108254.3 107188.4 105942.6 105849.1 105760.3 103872.8 102918.6 101985.9 101297.1 101881.5 102047.2 100785.3 101025.9 102467.8 105553.7 108827.8 112838.9 114380.9 113061.2 108476.9 106865.9 102714.3 98859.59 96689.83 96665.03
75240.06 77110.95 79614.02 83341.16 87663.62 91977.61 95457.61 97957.12 99087.16 98906.88 97719.41 96597.7 95773.11 95225.36 94404.05 92440.16 89916.77 87886.44 88267.42 90805.39 93384.02 95540.22 96023.82 96484.91 97587.36 98148.07 98580.36 98419.38 98837.66 99019.44 99533.59 100621.2 101653.7 102012 105525.7 110405.7 110103.4 109139.9 108881.4 108464.7 107106.3 106042.5 104075 103631.7 102373.3 102057.9 100105.1 99057.73 99862.49 99623.93 98744.65 98367.64 99892.86 102614.7 104500.5 105637.1 104842.3 102149.5 100199.8 98026.55 95304.88 94947.63 96501.06 98989.78
