Dropbox/GRP Data/GRP mammal paper/NN_analysis/DATA/2012 input files not used in 2014 analyses/yo_c_bio_6_OLD.asc
ncols         226
nrows         141
xllcorner     -70621.9986746
yllcorner     -77191.4869234
cellsize      821.1860311
NODATA_value  -9999
[rows 108 to 134 of 141, columns 62 to 123 of 226]
263.1937 220.5654 213.2232 208.8199 218.1284 215.7638 199.7485 162.7458 174.9787 220.8483 200.8412 176.5379 180.8335 175.4725 89.8396 88.24193 130.1873 137.0381 129.8774 97.95615 122.42 144.5739 145.6255 130.3922 123.3691 113.8536 98.7189 81.39277 72.15591 82.15845 74.75634 68.13772 58.79289 34.41952 20.81111 -13.88275 78.65165 103.1113 52.19383 43.52869 34.25035 2.960257 1.296051 -2.917455 135.0851 62.6808 78.96117 52.91176 -94.7982 -183.4809 -231.4081 -165.238 -113.7803 -15.98606 3.862712 -88.1021 -78.72034 -142.1895 -146.8998 -134.7573 -205.7918 -184.0604
276.6398 233.1604 219.0624 204.047 180.227 191.9488 216.6114 155.2134 142.213 181.3585 209.6907 173.8489 168.9386 176.3605 145.2061 103.3141 84.73943 111.1943 127.4284 61.96575 87.40311 142.1052 139.4035 124.3176 112.1689 102.5605 93.68985 81.47775 64.34563 40.87262 71.90088 84.81292 66.34695 40.14705 30.23638 16.523 69.73947 72.94708 26.1757 33.58643 25.82534 -2.540983 49.17141 43.2369 61.50983 109.7522 16.27302 31.21354 -55.21148 -156.4467 -251.1052 -227.4368 -143.7724 -39.27772 7.226833 -64.05093 -91.41986 -97.48094 -129.3679 -156.0944 -170.5969 -118.7081
296.6702 254.1173 239.5191 214.8513 193.7013 188.6131 234.5763 209.1771 195.1826 171.7132 215.2862 173.4922 159.4889 161.7687 174.5099 119.7617 76.66154 88.33717 124.918 64.72585 56.33415 112.3606 127.9195 116.5496 99.12069 91.89228 86.57028 70.13264 47.86242 21.36133 67.691 73.4943 65.11185 42.47858 30.2807 30.43791 52.72015 17.4392 27.04603 19.12593 22.1805 14.69943 108.0587 96.58204 -22.56142 72.36114 15.74537 10.15631 24.54527 -26.05393 -169.8184 -278.7438 -191.2969 -100.7095 -36.13074 -81.06576 -111.9746 -78.33653 -82.33173 -137.0364 -109.8115 -67.24474
310.5446 277.0989 260.8681 214.9245 185.8939 169.434 206.4526 271.243 269.7405 208.1934 228.6157 188.4667 156.733 152.427 154.2109 135.8344 92.18027 68.96027 107.6502 70.09686 45.06683 51.90117 97.46446 98.56057 95.75957 92.34735 81.14918 53.05814 53.8229 54.65086 60.18917 57.96012 65.27387 63.85878 47.3022 52.34621 51.23732 13.96462 32.18017 17.28588 7.872659 23.36481 67.7655 107.8366 15.10608 2.384807 49.4858 5.001595 59.09032 79.90588 -52.94535 -267.1596 -239.9498 -185.4828 -102.5236 -82.37806 -129.0608 -112.2874 -76.94818 -71.0433 -64.66481 -64.79832
315.8624 297.5742 275.1338 218.1562 178.2227 178.3109 164.0814 216.9935 207.25 167.4888 263.0242 221.6847 153.64 149.0238 142.0263 148.5916 101.8812 70.69695 96.26781 60.82231 59.32113 43.55527 66.59998 108.8169 94.60828 90.2841 92.60272 72.28359 77.41132 77.75419 73.05547 67.93591 70.34475 63.0896 50.10143 56.31008 49.1851 23.96021 30.31399 50.36949 18.61688 -6.245258 -15.21688 100.0376 123.5597 105.7778 75.84444 -35.36107 -21.07111 52.89016 -4.007399 -244.2012 -269.7197 -181.7643 -109.1831 -13.16739 -146.137 -137.7377 -124.0237 -105.8583 -85.29309 -77.74129
322.1508 308.7816 297.2387 254.8782 206.9292 200.1737 168.3948 222.2456 207.3517 159.2812 203.5844 157.0243 152.2364 141.2191 138.5704 132.5346 140.3789 145.0376 143.8345 78.24536 107.2621 112.9688 96.30523 106.184 106.5082 93.95161 95.13426 74.00366 68.06037 70.37572 69.7874 67.63601 67.81862 64.28325 75.73662 29.46057 26.9178 93.37003 137.2744 99.08991 21.02383 -13.2228 -16.30865 -13.97525 68.37555 26.45966 -31.78638 -9.423236 42.24116 57.241 2.673214 -178.9647 -260.9092 -190.0024 -105.2352 -43.95695 -109.7893 -154.1495 -157.4483 -155.5594 -159.017 -152.1951
311.9116 286.9409 287.5551 271.965 249.8015 215.9282 179.6237 169.935 166.2273 157.6089 168.9398 155.1123 143.8057 137.3743 134.9106 132.0183 131.4304 132.1358 129.3278 143.8602 133.3018 110.1928 113.6135 103.5636 90.9619 90.51035 92.65591 70.44621 64.95125 79.93027 72.082 64.98953 65.88541 82.51898 79.50042 55.25652 66.53621 30.46702 31.11267 57.53871 3.344998 -7.974278 -17.99213 -12.9223 70.16248 54.06389 -22.44684 -17.76098 19.45998 86.98653 42.56542 -101.0398 -217.6269 -203.5051 -157.9422 -100.4636 -55.1731 -125.5263 -217.9639 -201.3562 -254.325 -281.7723
298.8969 291.2395 288.053 276.5954 266.4424 235.2329 210.8082 187.5794 182.6982 162.5244 158.0459 153.9882 142.9478 139.4842 132.5508 131.3959 132.0659 132.7487 129.6727 135.3085 127.6869 119.431 114.8845 101.2219 100.6121 98.3574 94.41291 92.01217 86.9748 81.27605 77.05604 74.47631 73.34772 72.43167 73.04581 78.56256 84.04196 53.60604 54.74313 66.78824 30.9269 -4.0668 -18.26959 -17.93362 4.643279 42.86464 67.25514 48.44153 -2.130147 -21.03359 -65.49658 -140.4834 -185.4167 -64.26621 -32.70048 -77.25839 -90.09936 -96.23779 -175.5157 -247.3021 -273.6568 -340.0313
310.3649 309.7305 293.9526 283.7952 273.97 262.9656 247.9321 231.5713 226.4475 206.9509 163.6478 175.3683 176.1677 162.3946 132.3507 133.3146 134.6108 133.1871 130.8581 129.911 125.4071 123.1536 119.0043 107.1452 104.1844 109.1762 111.4677 112.4224 110.8449 99.08331 71.76274 76.97146 79.22897 79.61124 95.80766 99.90227 104.2736 91.49339 98.50467 80.7496 39.27232 5.199666 -7.579385 -11.38674 -15.39352 0.2484639 107.5658 132.4786 78.48329 14.23081 -10.97679 -62.6321 -79.24467 32.18949 -17.10936 -21.06262 -115.1334 -111.3131 -126.7341 -157.1286 -255.0754 -314.9083
331.1593 315.5727 303.611 290.4933 291.2696 289.486 283.58 278.9136 270.3046 240.1947 161.9634 205.5035 186.6874 161.6609 138.1252 135.7631 137.8459 138.0623 132.7343 129.5886 125.7934 123.9763 125.2095 118.9028 102.4247 110.4511 127.6213 123.0544 120.889 109.1999 70.14776 84.2459 83.28648 95.32706 114.5426 115.4756 117.365 109.6194 110.915 85.4457 46.87942 13.28495 5.147172 6.213792 -2.470896 -0.8700162 50.67791 133.2093 149.7544 99.69448 69.50072 21.26882 45.87428 28.81977 -18.16193 13.80639 -98.41691 -132.8148 -134.2033 -152.5188 -199.0922 -205.6426
322.9789 318.6535 308.2537 298.7522 309.3844 311.282 315.3326 311.1609 296.6248 259.0143 177.5265 223.5767 190.6895 153.2407 142.7321 146.61 152.673 144.1451 135.1356 131.8027 127.8646 123.2142 125.0354 123.3175 108.6776 110.2626 126.8794 132.1382 130.8125 115.6318 73.10876 89.49929 86.2972 100.6911 115.6433 118.6254 121.4593 125.3882 109.36 96.45716 65.61953 23.56968 19.46448 27.27715 23.3968 25.5334 4.470301 57.89652 129.8826 163.9851 110.6058 57.42287 77.79617 13.61751 -0.8078675 5.797652 -85.1038 -141.0904 -147.1086 -180.3122 -181.6675 -127.3839
284.3766 311.8754 302.9002 311.2235 319.5338 326.1266 335.189 321.3674 302.4465 268.9238 217.1254 235.0362 213.9306 168.1291 146.5942 156.3017 173.9192 156.2041 137.5148 135.585 131.7701 122.5158 120.3154 119.4498 119.4913 115.425 117.367 134.5116 139.7443 132.5622 86.91173 83.68954 88.57693 96.69189 110.8911 114.1112 124.6804 139.9394 112.6428 110.2339 88.16894 50.4488 36.46959 42.90756 48.01431 48.96465 13.03812 3.470184 72.04146 162.3407 116.0774 65.6601 44.07284 25.58213 14.22028 -11.3774 -88.6782 -139.1433 -134.4699 -157.1258 -166.2797 -107.4975
253.6517 274.2021 288.266 321.0677 327.9618 333.0588 338.5663 315.1807 296.7751 264.9509 243.9702 254.3411 234.5905 190.9479 153.3788 145.1964 178.0184 177.9342 148.8942 133.4584 133.3047 126.4044 124.2495 120.541 120.1618 120.8939 119.0083 121.5409 133.0003 156.5849 121.1458 82.6684 91.34535 97.91213 111.2173 116.6935 132.3785 134.2271 112.3356 107.1019 103.5979 85.34147 50.27504 50.15322 59.04504 71.44715 25.73253 30.52973 72.41995 104.5439 102.8259 76.57395 55.0008 32.91029 23.33276 20.63944 -62.69281 -118.0405 -106.5698 -108.0356 -107.7183 -89.99693
249.7483 237.535 263.8983 315.2805 338.3002 340.2363 342.4524 296.4965 284.9643 278.7488 247.7737 256.0991 235.6467 177.8073 142.2455 134.2371 160.2585 173.6597 182.6717 124.4337 130.2592 136.0251 142.4392 128.6684 126.3474 132.8792 125.8238 130.0316 143.6324 178.6151 150.0802 117.6132 98.04592 101.804 112.9088 128.9063 140.161 139.178 110.8324 106.988 109.4502 73.94965 54.19393 58.21187 60.08873 89.36977 70.77564 67.71566 101.043 107.0012 106.626 98.69714 90.49606 47.45639 53.68829 113.233 26.65648 -46.23407 -50.34294 -72.63267 -96.65321 -67.22536
251.6231 237.1257 251.5112 317.1422 346.3701 340.0506 337.1371 258.9924 228.9573 267.0043 268.033 256.7122 230.4756 158.8636 139.4799 135.4462 129.6523 160.3508 136.2529 127.6806 134.084 167.5631 172.5603 173.3894 172.5395 163.0814 159.169 158.5986 161.1498 188.465 175.7355 149.7314 120.9619 110.3272 115.4533 131.1107 140.0609 130.3027 110.8903 109.5323 114.941 68.72802 62.36762 76.0228 84.16846 98.01687 87.94614 87.74567 119.3072 97.09849 106.8307 110.4173 86.01805 67.19746 88.13219 158.3493 117.3981 43.4181 49.06137 26.71677 -68.59781 -57.60131
274.501 261.3038 276.5168 325.8192 349.7814 345.6201 330.7384 241.733 195.0662 228.9124 236.9798 236.4581 225.386 176.8526 148.789 136.719 129.0984 156.6721 153.1509 120.5826 134.5786 165.9355 188.4878 197.1333 204.2057 200.2904 196.1221 165.2317 155.9275 184.2117 180.6236 168.2359 142.9396 112.4126 115.6716 151.1636 133.7384 112.3365 117.6626 128.87 113.4381 72.17453 76.30645 87.89449 99.27002 102.4282 95.98987 101.9274 127.3946 112.2657 120.7437 127.9497 92.1138 81.73678 102.2687 160.7191 127.591 62.22027 87.35122 51.96507 -18.23466 -12.0153
279.5538 265.985 291.1003 318.1092 352.0367 353.9437 323.6355 235.8817 244.7178 196.6517 209.5233 212.0197 199.4929 176.4668 155.5443 148.3727 132.0419 159.9367 159.1908 158.3144 161.1934 150.2993 190.924 208.09 220.2049 224.2457 209.5564 194.4979 173.2727 190.4887 175.3964 138.901 125.3838 125.5573 132.7578 160.6201 162.8649 128.1164 143.2357 129.9741 92.69186 85.41366 101.6946 95.23134 132.5731 138.7098 105.8176 128.9131 143.4191 135.7605 151.4449 139.7699 94.29736 122.5453 188.497 160.701 120.1612 67.76053 102.753 91.51644 36.18488 -37.19059
273.6714 257.603 284.7379 305.5109 343.0505 347.9898 325.1523 260.4246 219.5049 197.5985 190.5108 197.6348 188.33 185.9915 179.4382 160.5658 136.8304 141.3596 167.095 176.8098 185.3992 165.1433 174.4606 210.2451 227.3636 237.0357 227.4359 232.8742 220.5176 221.3767 187.0844 142.0276 118.1908 123.2032 154.7408 168.6535 180.5229 168.6458 170.8369 148.6113 105.0342 97.88155 119.1124 119.7166 167.2922 158.5254 111.32 127.2392 143.7975 158.3096 140.9722 118.1855 97.73074 150.7646 218.8356 155.9537 102.4954 70.66709 83.78278 52.53334 -12.26812 -53.35291
288.9509 261.0707 279.1943 295.2799 333.061 338.2527 328.4018 286.7629 210.3404 184.4221 180.6214 195.64 199.4724 204.4012 199.9011 176.428 144.9378 128.8782 178.0636 186.0193 196.7452 155.7172 152.474 192.9079 226.7979 242.516 241.6523 247.018 243.9434 227.7996 186.2911 150.2564 119.8342 119.5498 139.3678 164.2662 188.9682 192.317 185.43 171.1937 139.3414 121.308 131.4021 136.0236 188.5419 169.0911 134.5713 138.7684 146.454 177.7341 216.6525 187.341 180.9752 165.9472 211.2054 182.6766 119.7421 103.4356 98.89365 33.81731 -25.08415 -32.44218
318.9576 286.2237 280.0327 284.2274 316.3455 333.5257 328.177 296.421 241.3052 194.6658 195.282 212.229 220.9829 221.0698 212.6067 192.7733 159.4172 135.1203 162.3522 192.194 201.7835 157.8557 145.3701 178.7119 216.3347 240.3467 249.5137 240.1008 211.8079 184.0579 157.0734 137.4605 119.8198 120.9456 120.2186 153.4346 182.0703 190.7663 191.8593 184.718 159.8467 138.3281 138.5181 137.8235 199.7753 176.3867 136.152 146.4103 162.8953 231.6322 290.1199 265.2416 252.5797 188.6238 202.1788 191.6577 129.2397 116.9135 88.65364 19.89543 -9.007728 -14.14355
339.148 319.2821 294.68 287.6449 307.9555 333.4127 329.2254 301.2589 268.0815 248.437 236.0909 237.1257 232.1325 225.7432 219.5602 200.4517 170.273 144.165 130.8012 176.2753 185.0981 186.026 153.9811 191.7421 210.0816 227.1767 238.1302 221.5965 163.9268 131.5924 123.0053 120.1325 121.3912 124.137 128.2968 153.9718 170.0884 183.8621 197.3443 188.2794 155.9568 139.6451 142.2661 138.1881 205.8043 186.674 118.0525 145.2306 173.983 291.673 292.2 261.9427 236.8895 202.7978 172.1179 142.72 118.7092 104.1075 59.42427 7.133054 4.513954 -6.939139
342.9782 338.7032 328.5856 321.9521 325.7533 329.0292 335.1768 317.4082 282.2448 281.21 274.3748 251.8239 224.7299 212.3425 210.2483 194.7153 163.7835 141.898 137.5132 136.6345 133.4635 162.7407 158.9819 214.0717 215.609 195.486 186.8489 185.3849 161.8298 128.4721 118.6027 126.0094 130.8583 126.5741 132.971 168.0367 181.8038 185.5275 199.0155 178.8413 150.2561 147.1031 149.1764 153.0951 209.5018 190.1712 132.74 164.5235 161.3275 279.4413 278.1879 221.7728 188.6569 177.4908 108.5703 82.8936 116.1431 100.5639 78.11151 35.78454 -9999 -9999
346.1385 340.7848 340.261 338.949 307.9035 309.093 330.2842 322.8111 306.2508 295.3542 285.1724 283.7953 228.5163 188.8322 187.3477 183.0567 167.6027 146.8585 144.2043 144.056 144.8565 139.2998 163.3837 204.5688 166.2344 135.418 137.2483 161.0441 157.4344 131.5762 133.6963 140.0097 133.4766 117.2317 138.0729 169.6365 187.684 188.8652 200.0594 149.3489 153.8674 166.9807 154.8781 197.0986 229.1013 132.9476 134.4879 165.6293 162.5574 243.2827 200.6446 181.4921 162.9671 145.5113 106.7679 94.17551 84.27177 75.54946 -9999 -9999 -9999 -9999
348.2646 328.5882 332.0142 342.5848 342.6024 334.9243 335.8497 329.0396 316.0508 312.8026 305.4688 293.0715 239.6579 202.959 200.1839 209.662 209.6047 187.9418 193.8867 208.9926 213.2348 152.0765 178.8918 195.2629 146.8249 158.8002 142.7246 152.7266 137.5805 127.8788 137.3867 158.7747 152.1879 121.5849 139.6452 158.5278 175.2105 201.9692 204.3272 207.2245 162.1105 194.1735 165.9486 224.1753 216.69 154.5781 186.1539 190.9663 258.1302 242.7077 171.4393 144.3139 123.15 137.1218 108.1173 -9999 -9999 -9999 -9999 -9999 -9999 -9999
347.8978 327.8672 349.2424 350.4705 347.105 337.9171 337.7596 336.1057 327.4771 323.6291 324.3542 283.6131 225.8528 182.6593 201.1779 222.8187 262.0193 246.7076 247.3327 253.7502 210.0952 157.7952 150.3867 146.2949 135.1059 148.273 138.2743 142.0337 137.2878 134.2869 137.2901 158.4597 161.7701 137.7832 143.2519 155.0626 163.8272 215.5689 233.1891 231.9325 152.8326 179.1953 163.5627 166.5353 162.6744 221.2919 194.3136 172.4248 296.5344 228.5428 136.0527 122.4765 125.1221 -9999 -9999 -9999 -9999 -9999 -9999 -9999 -9999 -9999
334.4567 326.9789 348.0952 351.5405 349.4361 343.5731 337.7856 333.6027 334.1214 322.0537 305.3889 274.0109 239.0153 226.2593 226.9267 239.7888 280.5883 253.5899 225.3716 206.4174 154.6207 141.1864 134.5904 131.5648 138.2641 147.3782 137.7041 138.8713 137.1479 136.3672 137.6355 163.5098 185.0014 162.8531 167.0441 181.587 177.6921 216.0363 267.6087 248.1335 180.2076 172.1367 157.6169 151.7001 174.6719 202.8988 202.3833 172.8594 306.2654 225.617 -9999 -9999 -9999 -9999 -9999 -9999 -9999 -9999 -9999 -9999 -9999 -9999
333.4185 333.3089 341.3694 343.1558 345.877 341.4574 334.4873 333.563 338.0165 327.1214 310.7057 279.4424 280.8506 272.9429 271.8555 271.14 295.7622 251.0817 178.1178 160.1939 128.8007 132.2317 139.0455 137.5095 140.5621 145.5531 142.2112 143.6205 144.6805 140.2938 142.9184 172.6055 202.3171 174.0612 179.8115 207.6183 200.0726 195.4493 235.3512 263.1117 220.5468 205.68 200.1663 183.0229 216.5858 201.5318 203.2805 -9999 -9999 -9999 -9999 -9999 -9999 -9999 -9999 -9999 -9999 -9999 -9999 -9999 -9999 -9999
