Dropbox/GRP Data/GRP mammal paper/NN_analysis/DATA/2012 input files not used in 2014 analyses/yo_c_bio_12_OLD.asc
ncols         225
nrows         140
xllcorner     -70621.9986746
yllcorner     -76881.261089429
cellsize      824.83574679378
NODATA_value  -9999
[rows 29 to 57 of 140, columns 64 to 127 of 225]
-9999 -9999 -9999 -9999 -9999 -9999 -9999 -9999 -9999 -9999 -9999 -9999 -9999 -9999 -9999 -9999 -9999 108848.2 109200.3 109867.1 110992.4 112984.3 114681.1 114861.2 115058.3 116412.3 118268.9 117707.7 118355.8 121100.1 122635.9 123818.9 124528.2 124854.9 125859.1 126855.5 127791.1 128796.7 130173.7 132000.9 134571.7 137539 140502 143617 146247.2 147521.8 147109 146248 144897.5 143853.4 145534.3 145400.5 145574.1 146642.5 148504.1 150724.2 153245.4 158858.5 160081.5 159585 158326.3 156130.6 154938.2 158495.1
-9999 -9999 -9999 -9999 -9999 -9999 -9999 -9999 -9999 -9999 -9999 -9999 -9999 -9999 -9999 -9999 108900.3 109422 109876.6 110763.9 111574.2 112527.3 113596.5 114384.3 115307.9 117510 119177.4 118745 119150.1 121812.4 123457.4 124813.8 125589.7 126284.6 126992.6 127449.6 127586.2 128024.1 128965.3 130749.5 133656.6 137097 140128.2 143257.5 145544.9 146435.7 145889.7 145003.5 144557.8 143764.3 144711.3 144630.1 144678.1 145553.5 147700.3 150368.5 153352.4 158273.7 161194.2 159261.4 157305.8 154303 153754.1 157330.9
-9999 -9999 -9999 -9999 -9999 -9999 -9999 -9999 -9999 -9999 -9999 -9999 -9999 -9999 -9999 108668.5 109247 109915.2 110645.8 111574.5 111843 111864 112220.4 113826.1 115197.1 117708 120021.2 119441.1 120205 123135.1 124291.2 125828.9 126657.8 127453.1 127985.4 127525.1 127069.8 127251.5 128016.4 129458 132458.7 135941.9 139157.1 142111.6 143931.4 144643.5 144558 144070.5 144103.4 143648 143729.9 144394 145562.1 147284.2 149816.3 153457.7 157346.5 161067.8 163193.8 159537.9 155818.1 152571.1 153011.7 156052
-9999 -9999 -9999 -9999 -9999 -9999 -9999 -9999 -9999 -9999 -9999 -9999 -9999 108968.9 108810.6 109067.9 109781.9 110584.6 111561.6 112063.5 112476.1 112425.3 112360.8 114359.8 115180.2 117396 120587.4 119574.9 120551.8 124160.9 125486.9 126924.2 127961.8 128084.4 128051.3 126940.4 126136.8 126122.5 126710 128331.3 130556.9 133891.4 137213.2 140066.8 141815.6 142775.5 143149.6 143458.8 143763.1 143447.1 143483.6 144680.3 147134.4 150552 154489 158925.1 163424.2 165812 164552.2 159520.1 153633.6 150242.2 151571.7 154441.3
-9999 -9999 -9999 -9999 -9999 -9999 -9999 -9999 -9999 -9999 -9999 -9999 109649.5 109421.3 109560.3 109766.2 110565.3 111945.6 111816.9 112278.4 112538.1 112665.7 112648.5 114735.9 116105.5 117842.6 121907.1 120420.4 120999.4 123810.3 127268.1 128527.1 128590.5 128070.5 126673.2 125685.5 125122.2 125085.5 125392.9 126736.4 128306.6 131371.1 134541.1 137766.9 139932.6 141383.8 142319.7 143024.5 143233.8 143757.5 143871.9 145723.2 148585.7 153547.8 159515.5 163694.4 167991.1 169158.5 165273.1 157448.3 150696.8 147027.5 149159.8 152590.2
-9999 -9999 -9999 -9999 -9999 -9999 -9999 -9999 -9999 -9999 -9999 110876.2 110714.8 110153.9 109848.9 110500 111355.9 111994.1 112296.6 112424.2 112671.4 112686 112945.3 115502.5 116537.5 119451.4 122161.8 122239.1 122181.6 124531 128281.4 128808.2 127612.5 126579.9 125149.5 124479.6 123962.9 124213.3 124792.7 125812.8 127404.4 129447.7 131976.5 135183.4 137840.1 139902.7 141819.1 142767.2 142870.7 144000 144918.2 146108.2 149213.5 155099.2 162537.7 165069.7 167922.2 168313.7 163635.1 154179.5 147968.7 144560.4 146971.5 150846.5
-9999 -9999 -9999 -9999 -9999 -9999 -9999 -9999 -9999 110536.9 110263 110780.2 110312.9 110229 110226.2 110683 111423.3 111694.2 112000 112354.5 112539.9 112804.4 113267.2 117022.9 118259 121440.5 122890 124246.9 124717.8 125861.9 127100.8 127251 126003.4 124804.2 123372.5 122559.3 122729.7 123230.6 124290.3 125654.2 127288.3 129047.4 131235.1 133608.6 136866.9 139714.2 142681.1 144311.3 143777.2 144291.9 145653.6 147323.7 149741 154167 160407 165266.8 165989.5 164085.7 156025.3 149121.1 145438.7 144575.9 146532.9 151400.6
-9999 -9999 -9999 -9999 -9999 -9999 -9999 -9999 110191.5 110189.2 109470.8 110486.9 110406.9 110322.9 110402.2 110918.1 111493.8 111751.4 111946.6 112201.8 112535.9 112967.2 113791.9 118422 119906.2 120828.1 123084.9 125693.3 126270 126131.9 125851.5 124649.9 123865.6 123018.4 121060.6 121455 121823 122765.1 124405.2 126115.5 127591.9 128898.1 130665.9 132933.1 136554.2 140652.8 145521.9 149004.3 145833.3 144364.2 145789.2 148668.5 151706.7 154736.8 159128.3 162126.3 162361.4 158294.5 150771.9 146172.9 143718.4 144309.7 146311.3 150145.3
-9999 -9999 -9999 -9999 -9999 -9999 109684.6 109392 109454.9 109617.4 109443.3 110503.1 110517.3 110679.4 110823.7 111081.6 111493.3 111784.9 111930.6 112102.7 112436.2 113140.6 114406.2 119376.5 121184.8 120998.3 124325.2 126935.4 127292.4 126967.8 125456.7 123592.4 121391.7 120249.2 119883 120510.9 121433.1 123082.9 125200.5 127124.3 127788 128681.1 130390 132728.2 136408.2 141003.6 145814.3 148979.1 146436.9 143004.1 145407.5 149637.8 153820.1 155259.2 155653.3 156110.6 155855.1 153290.9 148885.9 144721.4 143236 143911 145509.2 149263.4
-9999 -9999 -9999 -9999 -9999 110190.7 109991 109815.3 109609.1 109768.1 109891.6 110581.3 110719.3 111021.2 111139.9 111323.1 111507.6 111690.6 111942.9 112058.7 112419.9 113348.1 114792.8 119774.1 122340.8 121872.9 125358.4 128099.8 128174.1 127500.9 125373.3 122647.9 119272.6 118141.7 117998 118293.2 121766.1 124056.1 126124.3 127664.2 127698.3 128349.8 129629.1 131668 135117 139480.9 143273.8 144875.3 143203.2 140728.1 144513.5 149777.2 154222.4 155694.5 153326.3 151392.6 150367 148968.9 146181.5 143732.9 143235.2 144298.5 145658.5 147217.9
-9999 -9999 -9999 -9999 110199.9 110366.3 110471.9 110701.7 110500.1 110619.6 110416.8 110752.1 111000.4 111119.4 111168.9 111455.2 111468.5 111594.6 111883.8 111998.8 112526.3 113514.6 114977.4 119774.9 122917.9 122979 125826.2 128906.9 128670.6 127483.5 125271.5 122009.6 118420.1 116953.1 115687.1 116917.1 122778.9 125157.4 126630.1 127628.2 127447.8 127822.5 128568.2 129903.6 132343.8 135780.1 138497.9 139256.5 137745.5 138023.9 143121 148619.9 152297.5 153881.3 151218.5 148705.1 147462.9 146200.8 144053 143209 143306.7 144430 145498.6 145000.7
-9999 -9999 109831.6 110039 110268.5 110512.9 110831.4 111188.7 111339.8 111279.9 110957.4 111124 111241.9 111120 111128.6 111340.9 111334.1 111558.4 111718.9 111894.5 112566.4 113550.4 115161.4 119257.4 122472.8 124072.6 126475.5 129056.9 128439.3 127331.5 125415.5 122140.1 118423.5 116601.9 115131.1 118114.3 124328 126109.4 126769.2 127550.9 127486.7 127411.6 127851.9 128418.3 129163.4 130820.5 132323.8 133294.2 132473.6 135465.9 141047.7 145860.6 148855.3 150185.4 148905.9 147043.5 145960.5 144805.4 143576.8 143298.1 143245 143821 144029.2 143242.1
-9999 109238.2 109712.3 109920.7 110164.6 110663.7 111212.9 111707.4 111917.8 111465.6 111510.3 111489.4 111436.3 111263.4 111187.9 111214.5 111211.8 111434.5 111592.9 111776.7 112438.1 113523.5 115346 118021.9 121463.7 124798.9 127232.4 128292.1 127335.5 126652.7 125739 121842.1 118042.6 117775.4 117751.4 120592.7 126257.1 127132 127206.6 127920.1 128335.8 127994.4 127877.6 127725 126998.7 126372.5 126409.8 127590.5 128356.2 133866.2 138502.8 142295.9 145449.6 147285.8 147433.1 145607.9 144376.9 143665.7 143195.3 143512 143078.6 143111.2 142110 141711.9
108900.5 108889.1 109191.2 109578.6 110271.8 110894.5 111853.5 112703.7 112076.3 112035.7 111843.1 111775.7 111526 111167.9 110983.2 110964.5 110937.8 111097.1 111392.5 111601.4 112410.2 113658 115382.4 117395.1 120415.6 125694.3 126463.2 125955.9 124867.8 124356.9 124695.1 121665.7 118839.8 119048.4 123113.8 125083.2 128076.4 128195.3 128456.8 129346.6 129989.8 130083.3 128996 127694.5 125849.9 123990.8 123182.3 124811.5 126804.4 133658.1 136920.3 140233.8 143056.5 144354.8 144283.4 143519.4 142956.1 142932.8 142680 142963.5 142929.1 142214.6 140791.4 140690.4
108303 108145.1 108646.4 109366.8 110242.9 111296.1 112535 113456.6 112680.2 112337.2 112250.4 112049.4 111670.5 111312.8 110855.9 110672.6 110645.3 110727.3 110936.4 111481.8 112215.8 113557.5 115262.6 117361.1 118597.7 123581.4 125533.3 125701.6 124806.1 123835.4 122230.5 119427.9 117896.1 120603.6 123709.6 127111.1 128651.8 129218.8 129945.1 131194.6 131748.4 130909.6 127694.1 126700.8 124824.5 123258.6 123921.6 126134.7 128361.8 134956.3 136380.8 138041 139288.5 140314.2 141353.5 141532 141980.8 141922 142060.8 141768.9 140794.9 139266.2 138503.9 139141
107854.5 107536.7 107929.1 108598.1 109885.1 111122.2 112272.6 113202.9 113601 112483.6 112375.8 112134.8 111767.9 111075.1 110585.4 110349.1 110153 110237 110519.8 111133.1 111918.2 113267.3 115047.5 117352.9 119166 121219.4 124507.2 125800.2 125479.8 123741 121901.3 119337.5 118133.5 118990.3 121881.8 126973.5 128620.9 129632.1 130727.7 131836.4 131359.9 129759.8 125395 123747 122316.5 122810.3 124618.6 127132.8 130113.3 134202.7 135016.5 135377 135874.5 136776.3 138450.3 139818.7 141476.1 142138.8 141366.6 140397.7 139017.5 137626.1 137524.5 138902.1
107554.4 107169.2 107132.2 107840.6 109000.1 110044.1 110994.1 111744.6 112497.3 112797.8 112361.3 112237.6 111868.9 110981.5 110218 109844.2 109809 109831.1 110177 110850.5 111927.1 113236.9 115127.5 117560.3 119810.1 121883.8 124066.5 125874.7 125960.8 123840.6 121798.2 119481.1 118374.3 118797.3 123420.3 125789.3 127133.6 129229.9 130554.2 131028 129225.9 126276.2 121881.1 120827.6 121165.5 123587.2 125912.9 128383 130861.4 131886.5 131849.3 131912.4 132497.7 133913.5 136201.6 138539 141024.9 142063.4 141589.4 139562.1 137334.8 135965.4 136404.9 138537.8
107341 106722.6 106216.4 106602.7 107560.4 108334.9 109037.9 109999.7 111124.5 112043.1 112427.2 112576 111749.7 110969.7 110032 109508.4 109466.3 109590.2 109982.4 110796.8 111939.8 113405.4 115392.5 117936 120571.5 122930.6 124392.4 126413.3 126209.3 123850.6 121688.9 119372.9 118344.9 118788.2 121588 125035.8 125312.6 126184.9 127823.1 128422.2 124100.7 120708 117482.7 117862.1 121097.8 124399.7 126640.6 128355.5 129790.1 129631.7 129281.3 129603.4 130607.6 132628.5 134906.4 137571.8 140258.1 142422.8 141403.6 138679.4 135629.5 134251.5 135578 138067.9
106870.5 105933.2 105211.3 104975 105431.1 106171.7 107329.7 108174.3 109670.3 111102.5 112094.6 112450 111610.5 110756.4 109746.1 109285.5 109210.7 109416.5 109865.1 110800.8 111939.4 113526.5 115644.7 118290.2 121187.5 123663.5 125165.3 127183.4 126319.6 123815.8 121654.5 119333.1 118350.4 118528.9 119383.1 122151.9 123695.4 123246.8 123934.8 123603.9 119481.6 116763.7 114723.6 115514.8 120336 124173.7 125989.6 127045.5 127655.4 127804.7 127998.9 128974 130900.8 133116.5 134518.3 136349.4 138645 141202.2 139586.2 136580.4 134078.3 132759.5 134917.7 137482.7
105798.4 105023.3 104308.4 103810.4 103586.6 104411.4 106043.1 107141.6 108571.1 110591.4 111584.2 111882.7 111337.1 110403.7 109373 108978.1 108930.9 109178.1 109726.1 110736 111944.3 113520.5 115749.8 118468 121418.6 124081.7 125733.2 127570.6 126517 124111.3 121815.7 119567.3 118463.3 118311 118607.1 118506.1 120176.8 119066.8 117983.7 115996.2 113242.8 113091.1 113141.2 113801.2 118584.6 122635.5 123963.5 124779.6 125102 126475.2 127941.5 130167 132669.7 133969.4 134022 134770.8 136333.1 138019.5 136270.6 133669.8 132316.1 131862.2 134083.5 136610.7
104798.7 104424 103796.7 103685.9 103267.8 104125.6 105560.8 107353.7 108537.7 110491.5 111397.1 111466.1 110909.4 110103 109047.5 108512.8 108549.4 108873.8 109646.2 110574 111971.8 113498.8 115645.1 118351.5 121236.9 124071.8 125835.8 127467.7 126875.8 124823.9 122336.2 120040.2 118545.6 118122.9 117691.8 116695.3 115153.5 113346.1 111260.9 108697.5 105876.4 108328.3 111021.4 111959.1 115864.2 119028.2 119922.4 120761.4 121130.3 125087.3 127958.5 131485.3 133547.3 133417.6 132652.2 132759.8 133497.8 133590.1 132220.5 130611 130175.4 131235.2 132893.2 135551.4
104713.6 104097.8 103768.9 104113.1 104369 105420.4 106794.7 107903.8 109456.9 110930.2 111382.3 111312.1 110805.7 109809.2 108654.4 108079.6 108349.5 108667.8 109739.9 110293.6 111982.7 113484 115372.2 117948.6 120756.1 123733.3 125850 127424.7 127120.9 125360.5 123168.8 120652.7 118643.5 117507.4 116300.6 115203.4 113332.7 111416.5 109316.8 107123.1 104941.6 105605.5 108280.8 108901.5 110780.8 111914.4 112413.2 113414.5 113972.9 122608.2 126444.5 129989.1 131292.6 130784.6 130304.9 130118.2 130222.3 129036.2 128451.7 127796.7 128246.9 130310.6 131802 134588.6
102998.9 103228 103748.4 104384.8 105334.9 106746.6 107874.8 109229.4 110662.3 111496.2 111620.9 111216.7 110703.3 109719.4 108769 108184.5 108299.4 108667.6 109344.3 110082.9 111305.6 113067.9 115259.7 117835.9 120393.8 123347.5 125430.8 127053.5 127088.4 125300.5 123212.4 120850.2 118788.8 117056 115156.1 113811.5 111947.8 110402.5 108356.4 106078.6 103775 101870.6 103831.1 103291.1 102496 102325.6 102534.3 103394.4 104788.8 118589.2 123185.2 125319.6 126604.6 126272.3 126233.3 127030.4 127385.3 126531.3 126544.6 126628.5 127602.3 129834.8 131977.2 133821
102115.4 103123.9 103868.4 104959.6 106109.2 107439 108823.8 110421.1 111723.6 112865.7 112388.9 111700.4 111307.3 110475.7 109098.1 108138.2 107654 107931.5 108677.3 109429.5 110659.8 112036.9 114205.7 116934.7 119748.2 123044.1 124888.3 126482.7 126289.9 124782 122545.5 120608.5 117752.4 115484.1 113576 112586.8 111386.7 109721.7 108074.5 105768.7 103120.8 101335.5 99539.04 98578.87 97776.53 97592.62 97618.81 97682.78 98314.78 106704.5 111358 113767.5 115483.5 116304.5 119197.1 122707.7 125694 125924 126932.8 128324.5 129897.1 131959.1 133701.9 133960.6
101010.8 103142.6 103595.2 104615.9 105842.3 107516.3 109143.3 110684.4 111960.7 112738.9 112522.5 111766.8 111511.6 111116.6 109568.1 108189 107174 107102.9 107910 109022.1 110002.6 111168.8 113154.5 116002.1 119186.2 122670.5 124798.1 126173.5 125231.3 123680 121402.1 119049 116525.2 113947.8 112390.4 111576 110778.9 109452.1 107605.2 105241.9 102703.6 100114.5 97756.39 96703.86 95979.16 95400.27 95376.27 95751.25 95848.53 99122.45 101582.7 103069 104270.8 106031.5 111512.5 115491.5 124350.2 128873.3 131305.6 133130.7 134038.5 135371.9 136187.5 135658.4
100617.9 103246.4 103280.8 104350.8 105603.8 107182.9 108530.4 109913.6 110923.5 111565.4 111550.9 111174.6 111235 111194.5 109589.7 108043 106983.9 106845.3 107595.2 108588.5 109537.4 110698.8 112297.9 115035.8 118416.1 122148.3 124530.2 124840.5 123647.9 121741 118997.6 116181.1 113939.4 111994.3 110895.7 110293.9 110004 108859.7 107306 105160.7 102182 99021.32 96609.92 94775.83 94145.33 93572.35 93676.03 94168.72 94797.48 96086.79 98105.38 99642.34 101100 103031.7 107297.7 113119.6 125936.6 130482.6 133946.2 136585.9 136634 137450.7 137161.8 133184.6
100660.8 103628.1 103029.9 104125.4 105289.1 106525.1 107453.4 108516.2 109404.1 110206.7 110574.1 110605 110551.6 110484.8 109180.6 107555.2 106701.7 106680.9 107320.5 108086.6 108919.4 109931.3 111162.1 113465 116741.6 120251 122747.9 122789.5 121556.5 119489.9 116606.7 113474.7 111014.8 109478.6 108943.8 108999 109263.2 108698.6 107230.2 104813.3 101467.5 98018.38 95476.84 93639.41 93064.41 92950.43 93585.31 94659.21 95275.66 95367.47 96426.23 98299.3 100239.9 102470.9 105418.7 112667.5 126947 131277.5 134950.4 138041.4 137512.5 135892.2 132644.5 124787.3
100575.9 103875.3 103089.2 103685.2 104678.3 105684.4 106423.7 107352.7 108095.1 108970.1 109674 109967.3 110033.5 109587.2 108532.7 107073.7 106545.4 106537.9 106924.2 107557.3 108128.3 108829.2 109725.6 111149.7 113818.6 116804.9 119024.6 119626.9 118847.6 117020 114232.6 110908.2 108155.5 106809.3 106897.4 107845.9 108442.6 108290.9 106820.7 104052.7 100417.5 97030.7 94871.27 93384.45 93168.75 94141.74 95313.98 96880.96 97430.78 96422.47 96441.18 97672.84 98689.66 100871.8 103548.9 109351.2 120812 127719 130806.8 133574 132243.4 128572 123392.6 115757.5
99663.52 103075.7 103342 103529.1 103871.7 104839.3 105601.2 106500.4 107244.8 108009 108842.8 109291.4 109540.2 108827.2 107854.7 106808.3 106531.8 106393.2 106522.1 106952.9 107272.4 107488.4 107868.9 108521.8 110231.5 112539.8 114266.3 115445.5 115486.9 114183.2 111483 108165.8 105083.7 104366.5 105155.7 106892.1 107701.2 107367.3 105592.2 102532.4 98809.35 95727.71 94170.26 93444.06 94187.26 96162.93 97739.63 100727.2 102243.6 99288.83 98039.02 98290.81 98058.97 99213.65 101814.3 104767.3 110285.2 119662.7 122130.9 123565.1 121508.7 117551.7 112381.6 108478.1
