Dropbox/GRP Data/GRP mammal paper/NN_analysis/DATA/2012 input files not used in 2014 analyses/yo_c_bio_12_OLD.asc
ncols         225
nrows         140
xllcorner     -70621.9986746
yllcorner     -76881.261089429
cellsize      824.83574679378
NODATA_value  -9999
[rows 29 to 57 of 140, columns 128 to 191 of 225]
163518.3 167447.4 172122.3 174955.4 175915.4 172719.1 165977.8 161272 155865.6 155210.9 154543.3 152323 149503 145190.6 142133.8 137966.2 127774.3 108767.9 90818.11 77004.37 66238.84 57631.78 50431.97 46254.51 45747.97 47537.19 51810.46 55147.98 57268.44 58009.41 58107.25 57743.3 57206.05 56962.66 55148.38 52665.14 50775.19 49945.07 49569.48 49101.34 47332.55 44831.37 42625.92 41322.05 40751.86 40536.67 41207.51 42011.98 41083.26 39794.58 38607.34 37708.23 36916.04 36257.76 35908.08 35079.42 33881.69 32300.39 30935.24 30168.5 29620.06 29036.84 28558.59 27802.27
161659 164694.6 168553.8 171500.1 173361.1 172189.3 167497.9 163826.2 159282.8 156216 154296.4 151520.9 148693.1 145270.4 139148.6 131237.9 119564.7 105187.2 94761.97 87200.99 77665.95 66221.77 56317.35 51605.29 51023.77 54553.34 58466.1 62587.66 63471.59 63712.34 63255.55 61219.28 58405.27 58588.72 57382.77 56430.27 55040.63 53647.69 52666.7 51607.07 49731.88 46810.72 44689.47 43444.79 42735.74 42498.82 42611.66 42772.73 42472.26 41049.53 39243.58 37402.39 36066.23 35152.31 34625.71 34407.52 33744.38 32465.39 31371.62 30383.58 29663.17 29287.15 28677.56 27943.55
159521.8 162213.4 165346.1 168110.5 169931.3 170349.6 167633.3 164572.3 161193 156281.7 153270.4 149894.4 146903.8 143576 138154.3 130332.1 121741.9 116907 115110.1 112270.1 101745.3 84148.91 68634.27 61851.42 60460.93 64213.16 66882.77 69978.55 69974.13 69754.55 69683.01 66912.91 62063.53 59145.15 58377.29 57842.16 57025.73 55688.77 54384.6 53004.02 51008.25 48283.95 46197.81 44980.42 44152.38 43508.79 42927.57 42606.55 43024.59 41606.07 39616.98 36895.38 35268.88 34303.5 33907.52 33763.5 33754.41 32547.29 31413.25 30272.51 29615.47 29539.47 28962.04 28249.41
157185.7 160136.2 163032.9 165255.2 167038.7 168340.1 167186.4 164051.2 161818.8 156605.4 152535.3 148990.2 146102.2 143663.8 140328.4 135420.4 131751.1 132265.5 134463.8 134472.3 126056.6 105833.8 84562.36 74199.27 72101.23 72517.61 74546.4 75376.82 75286.02 74752.48 74304.66 71508.75 65423.59 59513.34 58730.77 58086.09 57552.17 56561.22 55372.41 53996.66 52009.73 49336.89 47283.27 46093.73 45179.62 44378.72 43525.79 42747.09 42936.2 41562.18 39730.42 36881.1 35176.92 34325 33952.32 33470.86 33034.8 31810.57 30964.58 30332.58 29808.15 29669.38 29107.44 28478.2
155294.5 158982 161198.9 162277.2 164335.9 165989 165678.4 164124.3 162174 157547.4 152309.9 148468.3 146066.1 145332.5 144278.9 142693.6 141860.2 139584.9 141507.3 142659.8 140407.8 126127.9 103629.2 89727.27 85701.62 81464.17 81198.53 80102.16 80839.76 79605.8 76416.52 72383.29 65529.96 59392.43 58799.25 58284.96 57714.05 57012.38 56130.48 54871.88 53123.08 50251.3 48054.12 46668.19 45680.25 44819.61 43867.64 42755.64 42221.34 41043.28 39512.89 37309.02 35534.68 34780.43 34250.76 33336.03 31904.99 31370.21 30838.94 30447.2 30091.96 29913.58 29413.35 28868.15
154664.7 157498.4 158687.7 159292.8 161022.2 163885.4 164846.1 163461.9 161300.2 157449.7 152512.4 148143.1 146925.9 147365.2 149030.5 147182.3 144096.3 139455.6 140752 141369.8 141561.6 137854.7 123466.1 109867.4 100323.3 94680.94 89262.72 86493.27 87058.54 83102.2 76521.73 70222.48 63818.75 59020.26 59407.18 59044.11 58353.26 57745.45 56825.7 55652.91 54234.05 51470.82 49015.41 47143.36 45987.14 44770.79 43529.33 42311.19 41291.23 40334.33 39150.97 37835.86 36083.95 35342.6 34502.79 33088.59 31464.39 31534 31031.06 30482.87 30299.2 30245.9 29811.09 29309.85
153823.1 155153 155276.3 155498.6 157651.4 160772.5 162430.1 162091.6 161459.7 157685.3 152740.2 148533.1 148181 149544.4 151879.9 152027.1 148690.2 143179.5 136879.5 137625 139803.7 142775.5 138581.1 126276.2 113569.4 106950.1 99492.05 95857.01 91331.78 82160.95 74111.35 67196.18 62785.54 60717.17 61584.84 61495.6 60578.39 59176.71 57817.99 56771.37 55532.3 53354.22 51068.34 48813.18 46991.2 45098.49 43297.84 41787.26 40702.6 39815.09 38995 38216.77 36645.77 35855.95 34594.43 32787.96 31829.07 31799.75 31125.61 30576.82 30437.79 30561.03 30184.22 29724.23
151916.6 152125.7 151418.4 151145.3 154070.4 157468.7 159332.3 160281.6 158779.3 156357.5 152442.9 149725.8 149390.1 150740.1 152555.4 152153.7 147494.3 141014.2 136134.7 133840.8 135561.1 139697.5 140492.8 133889 126536.6 120978.5 112796.5 103073.7 89981.86 77795.98 70264.66 65243.66 63248.5 64990.83 68351.58 68755.2 65690.93 61838.78 59639.78 58043.89 56564.93 55123.98 53554.41 51378.54 47980.93 45083.41 42441.62 40475.02 40054.16 39588.56 39066.69 38339.16 36871.69 35940.06 34362.41 32789.11 31972.47 31956.98 31212.7 30962.37 30676.68 30891.74 30582.18 30186.89
149439.5 147669.3 146001.8 146625.3 150837.7 154336.8 156757 158007.9 156802.4 154860.6 152085.5 150308 149576.8 150550.5 150935.8 148791.2 144377.2 139553.6 135171 131922 132396.7 135879.8 138820.5 137092.3 136032.6 130544.6 121488.2 105528.3 89073.23 76367.48 69085.56 65326.06 65606.41 69588.69 74676.38 75821.88 72763.99 66668.27 61898.96 59463.07 58025.39 56465.15 54980.66 52271.33 48926.65 44845.05 41583.85 39873.76 39226.64 39106.76 38685.04 37977.62 36999.98 35701.65 34144.29 33164.39 32427.71 32297.29 31768.75 31444.71 31205.16 31281.27 31004.69 30632.28
146552.6 143165.7 142784.6 144664.8 149711.7 153477.5 156078.2 157012.3 156073.3 153914.5 151602.8 149957.8 149001.8 149161.1 147538.8 144099.4 140902.2 137651.6 133929.8 130122.3 129028.1 130596.5 132747.7 131709.5 134070.6 131614.8 122182.5 104591.8 88251.56 77536.75 70817.62 67454.95 68487.18 72827.77 78591.97 80340.88 77550.84 71523.09 65535.66 61954.08 59659.2 57502.86 55512.13 52847.92 49912.84 45449.2 40874.14 39052.58 38486.21 38455.24 38205.01 37678.43 36685.37 35423.56 34146.07 33379.06 32870.7 32611.26 32135.2 31613.92 31501.71 31503.15 31221.57 30857.14
143750.2 139978.1 141018 144522.6 150065.4 153973.6 156145.1 156175.6 154365.6 151792.8 150575.3 149024.4 147425.3 146318 143522.1 139924 138062.1 135454 132343.7 127993.7 126141.7 126090.4 125719.1 124158.7 124886.7 122654.1 114003.4 99618.45 87694.66 79663.07 73261.64 70091.84 70811.33 75245.27 81263.38 82878.84 79766.73 74011.44 68025.13 63920.25 61233.98 58849.23 56422.53 52820.16 49141.88 44876.29 40398.43 38569.92 38180.95 38029.49 37811.95 37230.71 36074.42 35096.24 34337.59 33622.33 32603.21 32362.2 32420.15 31949.61 31887.37 31827.06 31421.45 31197.66
141869.8 139442.3 140065.6 144473.3 150011.3 153683.6 155027.3 154073.5 151611.8 149296.5 148570 146731.2 144421.5 142061.6 138943.3 136998 136164.3 133374.6 130868.1 126700.4 123397.2 122158.1 120547.8 119432.4 118483.2 115491.4 107010.5 95239.22 87085.8 81363.63 76418.05 73353.16 72641.74 76827.11 81482.42 82060.22 78844.09 74091.44 68979.05 65243.35 62421.71 59877.03 56963.14 52868.82 48257.89 43813.31 40287.66 38691.93 38276.34 37844.68 37751.82 37122.81 35949.92 34988.89 34454.93 33551.82 32709.69 32339.33 32540.13 32261.41 32108.25 31992.67 31635.35 31550.76
141147.2 141100.8 140884.8 144482.9 148740.6 151621.5 151926.5 150249.3 148226.4 146481.3 144905.9 142783.2 139942.7 137246.1 134570.3 134930.7 135327.4 132900 130052.4 125521.7 120498.4 118214.9 117086.1 117308.8 117309.5 114396.7 105719.4 93267.11 86662.09 82320.16 78782.1 76148.67 74668.71 76936.81 79233.59 78493.9 75795.24 72791.87 69045.79 65823.16 62885.35 60235.89 57415.51 53159.77 47754.5 43026.73 40177.28 38751.52 37920.02 37470.97 37231.93 36709.03 35771.32 34888.21 34265.22 33408.72 32871.04 32550.38 32484.27 32391.62 32209.86 32121.21 31870.18 31780.03
140746.3 142148.7 143336.1 145453.6 147537.6 148815.7 147712.4 145027.7 143023 141130.8 139358.5 138106.7 134846.4 132694 132144 133505.3 135277.9 134335.5 130263.6 123223.9 117542.1 114574.1 114077 115497.7 116623.7 113430.5 105509.6 93160.66 87607.7 83581.6 80149.93 77947.82 76500.29 75821.88 76055.38 74375.39 72412.77 70573.62 67916.78 64969.89 62264.7 59876.09 57593.3 53392.91 47669.57 42703.35 39986.14 38515.02 37413.69 36916.91 36598.91 36180.22 35550.82 34825.67 34098.45 33408.62 32939.2 32772.03 32522.68 32397.39 32270.84 32198.73 32058.39 32001.25
140509.8 142678.5 143835.4 144219 147606.6 146794 143483.8 139016.2 136529.7 135830 134110 132719.1 130798.9 128353.3 131670.5 133794.4 134850.8 133839.9 130980.9 121944.3 114352.9 111558.1 111847.4 113844.1 113311.7 108407.5 101313.7 94806.93 90559.7 86980.6 83768.67 80914.46 77246 74440.23 73136.22 71063.36 69313.73 67251.11 64995.33 62657.64 60836.62 59016.32 57015.55 53277.11 47803.25 42702.41 39831.94 38178.32 37055.04 36359.91 36185.36 35853.11 35490.79 34909.49 34200.11 33510.68 33006.02 32825.2 32604.84 32424.99 32362.93 32298.97 32215.93 32172.35
142027.5 144503.3 147119.7 150006.5 151294.3 147963.6 140380.7 134898.4 132596.1 130757.2 129815.2 129103.8 129461.9 129937.9 133348 133588.6 134091.7 133432.7 127965.1 119019.4 111383.7 109235.7 109933.5 110794.7 108075.9 102671.6 97179.3 94034.44 92702.78 93403.92 91794.36 87543.06 78311.52 72147.8 69516.31 67442.52 65258.09 63314.07 61707.98 60806.1 59902.21 58264.11 56340.07 53227.75 47979.51 43027.9 39813.38 37800.46 36422.57 35749.55 35639.89 35554.61 35443.64 35030.16 34368.25 33576.43 33132.19 32805.74 32589.56 32514.05 32477.05 32429.73 32329.92 32240.08
143060.7 146413 149652.5 151690.7 151471.5 146557.3 137913.8 131820.7 128940.2 127378.8 127620.3 129350.1 131356.5 131314.3 133737.9 133141.7 132559.3 129645.2 123992.1 116438 109469 106650.8 106412.9 106724.1 103481.1 98067.64 95823 95455.54 98192.73 98338.92 94960.15 89138.56 78294.48 68961.09 65928.84 63569.09 62089.72 60961.94 60631.07 60619.02 60088.64 58900.17 57598.7 54825.23 49204.55 44074.74 40124.29 37226.57 35640.52 34872.3 34950.04 34994.55 35075.58 34800.51 34224.44 33559.28 33194.82 32919.52 32608.78 32585.16 32564.51 32522.42 32406.86 32298.06
143286.4 148035.5 150196.5 149019.8 147120.9 142418.3 135159 131672.9 128623.4 128613 129563.5 131454.8 132450.3 132620.8 133764.9 131984.9 128602.4 123904.5 118781.3 112552.3 107110.9 104147.9 102638.2 101784.7 97007.05 95225.74 94819.41 97278.7 100331.8 101661.1 97410.24 89115.21 78533.27 68183.1 64162.46 62586.95 62300.97 62029.83 62017.22 62390.14 62170.24 61539.41 60291.75 57744.84 52119.99 46402.06 41317.59 37316.58 35137.45 34024.09 34287.21 34270.56 34429.49 34184.19 33811.2 33256.61 33104.84 32907.93 32667.51 32706.03 32694.76 32690.56 32663.13 32495.59
142493.1 145952.3 146651.3 144754.6 141189.8 137303.3 133303.5 131894.4 130558.7 131061.5 132246.5 133687.7 134117 133315.4 132824.3 129601.1 124234.9 118022.9 112975.1 108255.7 104415.4 101324.5 98162.98 96104.67 94033.35 94709.12 95647.8 97502.94 100625.2 102745.5 100443.1 89898.25 78566.79 68794.51 65328.82 64216.74 63985.96 64112.41 64596.32 64999.84 65096.61 65319.6 64042.71 61545.61 56512.81 50078.79 43896.57 38032.13 35015.57 33812.21 33630.14 33603.74 33799.84 33580.07 33273.88 33153.72 33025.45 32976.96 32827.4 32816.24 32809.22 32645.26 32657.07 32615.44
139754.2 141104.5 140597.6 138239.7 135455.1 133280.1 132095.6 132094.6 132385.3 134225.9 135162.7 135805.6 135192.4 133363 131781.2 126842.3 119693.2 113188.7 108345.4 104737.8 101427 97750.64 94250.77 93088.77 94012.82 95506.96 97375.57 98617.42 100572.1 101882.4 100873.5 91003.23 80172.49 73238.3 70233.41 68463.72 67418.44 66657.31 66434.8 66450.65 67012.82 67632.99 66387.88 64566.39 60102.89 53417.73 47045.35 40618.96 35850.74 34000.16 33458.47 33351.8 33403.5 33185.38 33121.22 33001.6 32880.66 32937.88 32845.08 32895.96 32936.2 32735.43 32654.08 32613.03
136789.4 137265 135457.7 132509.8 131304.8 131155 131860.5 132775.8 134600.4 136768.1 137057.2 137251 135549.3 132649.7 129725 122778.8 114419.4 108563.4 104247.9 101112 97468.6 93793.66 91932.92 93103.53 95930.33 98097.68 100325.9 101160.7 101271.1 101425.6 99976.1 91726.97 82772.77 79242.09 76527.98 74029.08 71627.09 70238.84 69174.98 68464.86 68304.53 68566.15 67381.63 66154.62 62665.57 56216.36 49977.85 43272.12 37626.46 34720.34 33653.07 33269.75 33178.63 33069.86 32964.41 32817.23 32833.59 32917.96 32770.17 32900.07 32894.98 32793.75 32678.96 32647.89
135536.3 136080.4 132477.8 131181 129739.3 130773.1 132883.9 134043.8 137370.2 137659.2 137281.7 137847.8 135509.3 131217 126415.6 117941.9 108920.7 103400.5 99771.3 96826.57 93269.25 90691.52 91153.02 94715.13 98930.48 102095.3 103966.4 104194 102983.6 102517.8 99853.36 92255.17 84957.41 83232.88 80565.57 77698.63 74530.67 72920.03 71621.96 70337.12 69293.09 68152.63 67547.88 66604.56 64413.67 58850.87 53026.55 47087.83 40652.29 36280.66 34301.8 33448.7 33189.62 33099.56 32972.27 32822.86 32830.67 32910.88 32868.7 32900.73 32891.71 32862.28 32811.59 32796.52
133654.5 134245.6 129669.7 130505.4 130197.7 132016.1 133892 135108.1 137667.4 138012.2 137489.6 138302.8 134282.8 129054.1 123116.1 114495.4 104366.9 98614.2 95705.77 93336.24 90846.19 89519.57 91227.89 96366.34 101574.9 105224.3 106954.7 106794.6 105216.6 104187.8 100961.8 93687.95 86658.92 83829.96 81050.66 78182.05 75461.87 73520.19 72234.42 70862.55 69560.13 67336.92 66687.8 66660.26 65415.8 61219.93 55853.41 50604.32 44630.79 39069.84 35648.24 34122.62 33557.63 33316.27 33104.26 32935.96 32884.72 32925.38 32983.28 32968.93 32902.06 32888.36 32876.41 32867.97
133440 129760.3 128976.7 129286.5 131016.6 133918.9 134185.8 134195.5 136548.8 136782.6 136722.1 137120.1 131654.1 125075.9 117607.2 109483.9 99901.53 95754.32 93444.63 92409.76 90486.66 89685.25 91791.05 96702.89 101930.1 105401.1 108577 108349.3 106792.5 104872.3 102508.1 96694.87 88956.96 82813.52 80037.24 77402.09 75220.4 72782.41 71011.49 69696.12 68282.35 66578.47 64621.65 66119.24 65514.76 62755.24 57990.64 52640.42 48189.16 42560.97 37817.07 35460.18 34364.84 33779.07 33287.5 33048.43 32956 32968.61 33010.66 33023.11 32932.35 32920.28 32880.7 32850.92
131773.6 128066.3 126836.7 127858.8 130496.3 134038.7 133324.5 132520.3 132450.4 133933.5 131985 130356.5 126841.2 118530.2 111164.3 104513 99850.84 97334.75 95628 93209.86 90993.04 89791.98 91565.45 95653.15 100977.9 105015 106361.1 106768.7 105505.4 104401.8 104402.9 99285.63 90688.02 82678.34 79283.38 76121.73 73157.71 70187.48 67635.59 66041.31 64769.91 63720.53 62264.65 63742.53 64522.7 63055.04 59561.58 54810.47 50080.77 45374.04 40212.63 37329.11 35595.55 34486.7 33638.78 33247.02 33062.49 33036.49 33035.85 33034.5 33001.05 32981.4 32926.17 32884.26
128170.1 121103.7 122946.8 126981.5 131019.5 131991.1 130945.6 129767.4 128673.8 127079.6 126174.4 123479.4 119838.4 114578.4 109073.5 104315.4 101310.4 99978.65 98464.13 95836.05 92078.47 89333.55 90209.28 93621.49 98393.58 101664.4 103973.8 106411.7 106709.2 105051.8 103825.6 99531.56 91908.77 83019.87 76857.12 74277.96 71650.05 67770.48 62811.27 60107.73 58646.84 58006.44 59055.41 61694.19 62570.84 62015.32 59520.56 55164.25 50902.93 47332.53 41291.49 39162.68 37070.6 35489.49 34380.18 33680.86 33423.34 33193.87 33139.04 33190.02 33070.72 33024.06 33021.89 33039.34
118986.4 115128.9 116816.7 120199.3 126184.4 127817.7 128266.3 127561 127008.3 125098.9 122925.8 119866.1 116683.7 112506.6 108197.8 105678.1 103925.4 103800.4 102011.8 97502.98 91928.09 88521.23 87938.99 90887.59 94733.05 98490.35 102203.4 104708.9 105590.6 104989.2 104090.6 100786.8 94572.29 85878.39 75140.94 70771.04 67862.25 64248.22 58991.93 56942.24 56345.2 56392.46 56805.51 58268.71 58981.21 59111.95 57653.33 53942.07 50630.34 48509.67 43182.8 40547.16 38127.3 36659.27 35256.08 34288.21 34012.13 33714.27 33475.83 33444.7 33290.73 33254.27 33212.24 33244.2
110412.7 109013.6 112004.3 114459.2 118560.2 120409 122016.4 122210.4 122548.8 124912.6 122715.9 119467.1 115695.4 111970 108717.7 106451 104865.6 105048.3 102903 97565.12 90719.6 87224.38 86137.3 88887.73 93591.82 97589.84 101621 104336.7 106371.4 106488.1 103997.7 101594.7 97680.57 90314.2 79144.03 69379.91 64624.54 60995.25 57162.57 55391.34 55109.71 55279 55687.2 56237.94 56437.86 56431.47 54976.8 51390.52 48851.39 47961.18 44655.5 41683.32 39556.98 37525.83 36172.79 35113.48 34625.5 34429.63 34360.44 34173.82 33911.19 33666.9 33650.51 33643.71
105745.1 105066.8 108781.5 110594.6 113536.8 114976.5 116271.2 116854.9 118482.9 121674.8 121645.6 119773.2 115956.2 112418.3 109430 106994.2 105594.4 104564.3 102374.4 95952.3 89196.85 86234.59 85722.96 88666.91 94451.77 98784.55 102791.5 105204.2 106641.9 106151.3 102603.2 100798.9 99354.23 93686.05 83981.83 70147.35 63554.09 60383.16 58239.61 56493.59 55373.24 55512.53 55605.96 55661.63 54813.77 54563.84 52222.8 49058.73 48421.66 47633.36 45841.25 42662.51 40751.01 38430.31 36845.06 35813.9 35364.87 35282.75 35407.66 35168.98 34981.2 34698.6 34410.3 34280.22
