Dropbox/GRP Data/GRP mammal paper/NN_analysis/DATA/2012 input files not used in 2014 analyses/yo_c_bio_1_OLD.asc
ncols         225
nrows         140
xllcorner     -70621.9986746
yllcorner     -76881.261089429
cellsize      824.83574679378
NODATA_value  -9999
[rows 78 to 116 of 140, columns 0 to 87 of 225]
-9999 -9999 -9999 -9999 -9999 -9999 -9999 -9999 -9999 -9999 -9999 -9999 -9999 1653 1648 1643 1643 1644 1646 1645 1641 1641 1638 1649 1643 1638 1635 1640 1651 1662 1666 1665 1665 1667 1665 1657 1648 1651 1663 1667 1667 1666 1666 1666 1664 1659 1656 1651 1633 1579 1515 1516 1517 1502 1494 1525 1592 1520 1505 1480 1443 1417 1374 1314 1305 1293 1293 1293 1291 1288 1280 1272 1268 1266 1244 1243 1251 1264 1267 1272 1264 1284 1283 1285 1269 1248 1236 1207
-9999 -9999 -9999 -9999 -9999 -9999 -9999 -9999 -9999 -9999 -9999 -9999 1659 1653 1652 1649 1644 1647 1650 1649 1645 1646 1641 1639 1640 1639 1641 1644 1645 1659 1665 1665 1667 1665 1663 1661 1658 1654 1663 1667 1670 1672 1668 1667 1665 1664 1661 1656 1653 1625 1567 1542 1485 1451 1452 1486 1531 1538 1494 1464 1442 1424 1414 1329 1298 1293 1287 1282 1281 1288 1293 1283 1268 1266 1261 1234 1239 1250 1263 1266 1276 1290 1291 1286 1277 1270 1254 1234
-9999 -9999 -9999 -9999 -9999 -9999 -9999 -9999 -9999 -9999 1666 1660 1659 1659 1658 1652 1644 1646 1651 1653 1649 1647 1648 1647 1646 1649 1654 1650 1641 1644 1651 1657 1661 1667 1667 1664 1659 1656 1656 1668 1671 1672 1672 1670 1670 1672 1672 1663 1668 1641 1581 1564 1510 1454 1432 1462 1461 1540 1498 1454 1424 1420 1415 1388 1306 1292 1289 1282 1276 1277 1281 1292 1288 1270 1264 1236 1243 1254 1264 1275 1313 1317 1300 1286 1279 1278 1277 1262
-9999 -9999 -9999 -9999 -9999 -9999 -9999 -9999 -9999 1676 1671 1665 1663 1660 1654 1655 1654 1650 1655 1657 1656 1653 1654 1654 1654 1658 1660 1653 1645 1643 1644 1648 1664 1679 1672 1671 1664 1659 1658 1665 1672 1673 1675 1674 1674 1678 1675 1669 1651 1634 1615 1588 1521 1485 1454 1457 1471 1516 1503 1472 1445 1431 1421 1422 1365 1321 1301 1293 1275 1273 1275 1284 1293 1265 1265 1254 1260 1278 1292 1307 1330 1348 1321 1302 1293 1285 1284 1269
-9999 -9999 -9999 -9999 -9999 -9999 -9999 -9999 1679 1678 1673 1668 1667 1662 1658 1661 1660 1654 1656 1656 1658 1659 1659 1660 1660 1662 1661 1655 1650 1647 1649 1650 1663 1678 1674 1674 1671 1668 1663 1666 1677 1676 1676 1677 1676 1681 1678 1674 1663 1652 1647 1608 1539 1513 1475 1461 1489 1488 1489 1478 1469 1456 1448 1439 1421 1387 1363 1317 1280 1276 1278 1284 1293 1280 1273 1271 1276 1289 1300 1320 1338 1369 1357 1341 1327 1296 1288 1259
-9999 -9999 -9999 -9999 -9999 -9999 -9999 1676 1680 1681 1676 1673 1671 1665 1664 1666 1664 1659 1657 1655 1658 1663 1663 1663 1662 1663 1662 1659 1655 1652 1655 1654 1660 1675 1678 1677 1678 1679 1674 1671 1678 1679 1680 1680 1681 1685 1680 1675 1675 1668 1661 1618 1569 1529 1480 1448 1475 1471 1471 1479 1489 1489 1482 1457 1448 1438 1434 1357 1292 1279 1284 1291 1292 1295 1284 1284 1289 1288 1293 1318 1341 1375 1384 1370 1343 1304 1295 1265
-9999 -9999 -9999 -9999 -9999 -9999 1677 1675 1679 1682 1680 1677 1674 1668 1669 1668 1667 1664 1660 1658 1662 1665 1665 1665 1664 1664 1664 1662 1660 1656 1659 1658 1660 1670 1674 1674 1680 1685 1684 1675 1676 1681 1683 1685 1688 1690 1683 1670 1666 1663 1660 1621 1581 1533 1488 1450 1471 1461 1449 1476 1506 1517 1510 1476 1467 1459 1467 1400 1314 1288 1292 1293 1298 1302 1300 1301 1303 1293 1301 1324 1341 1379 1377 1366 1330 1308 1302 1293
-9999 -9999 -9999 -9999 -9999 1675 1678 1677 1679 1680 1681 1680 1677 1673 1671 1670 1671 1668 1664 1664 1668 1667 1667 1666 1665 1665 1665 1663 1662 1660 1662 1663 1662 1663 1660 1663 1674 1683 1685 1678 1673 1683 1685 1688 1689 1692 1688 1669 1661 1655 1652 1624 1567 1534 1513 1507 1510 1458 1430 1467 1509 1528 1530 1498 1496 1496 1484 1424 1350 1314 1301 1302 1323 1327 1326 1319 1315 1306 1317 1329 1350 1397 1360 1347 1338 1322 1312 1307
-9999 -9999 -9999 -9999 -9999 1679 1679 1681 1682 1680 1683 1682 1680 1677 1673 1673 1675 1672 1669 1671 1671 1670 1668 1667 1666 1665 1665 1664 1664 1664 1665 1665 1663 1658 1654 1655 1668 1681 1684 1680 1672 1683 1689 1691 1692 1695 1689 1681 1663 1650 1644 1622 1593 1575 1547 1535 1532 1514 1513 1518 1509 1522 1543 1532 1512 1513 1506 1440 1377 1365 1327 1324 1332 1333 1338 1330 1324 1323 1327 1334 1340 1409 1427 1354 1352 1341 1330 1316
-9999 -9999 -9999 -9999 1680 1682 1679 1682 1685 1686 1685 1683 1683 1681 1679 1676 1677 1675 1673 1673 1673 1672 1669 1667 1669 1667 1666 1667 1667 1668 1668 1665 1664 1660 1657 1661 1673 1686 1684 1682 1685 1690 1693 1694 1696 1696 1694 1694 1683 1657 1650 1624 1598 1594 1588 1578 1569 1567 1566 1556 1529 1526 1553 1549 1530 1532 1518 1490 1446 1425 1382 1344 1343 1350 1345 1339 1345 1341 1335 1349 1379 1437 1437 1362 1364 1354 1347 1337
-9999 -9999 -9999 -9999 1681 1683 1679 1681 1685 1687 1685 1682 1682 1681 1678 1675 1677 1677 1675 1675 1673 1673 1671 1670 1667 1664 1666 1668 1668 1668 1669 1668 1666 1662 1658 1658 1666 1679 1686 1687 1686 1689 1692 1696 1700 1702 1702 1700 1689 1672 1664 1638 1615 1609 1597 1587 1587 1634 1652 1649 1593 1565 1574 1561 1547 1538 1510 1497 1476 1457 1433 1384 1362 1364 1356 1343 1351 1359 1359 1363 1379 1440 1454 1402 1405 1380 1382 1386
-9999 -9999 -9999 1684 1682 1685 1681 1680 1683 1687 1686 1684 1683 1681 1676 1675 1673 1676 1673 1671 1672 1669 1668 1667 1665 1664 1666 1667 1668 1668 1667 1669 1668 1666 1662 1659 1661 1672 1684 1687 1684 1692 1698 1701 1704 1705 1707 1706 1697 1687 1676 1666 1647 1625 1607 1607 1635 1668 1680 1682 1667 1630 1588 1568 1558 1543 1509 1487 1477 1467 1456 1440 1410 1379 1379 1379 1387 1396 1406 1419 1416 1435 1470 1452 1421 1387 1392 1398
-9999 -9999 -9999 1685 1687 1688 1683 1682 1682 1686 1685 1681 1676 1679 1676 1674 1671 1674 1673 1671 1670 1670 1668 1668 1666 1666 1667 1667 1668 1668 1668 1669 1668 1667 1666 1662 1660 1668 1674 1681 1671 1692 1700 1703 1707 1708 1709 1710 1706 1701 1691 1682 1662 1632 1615 1623 1654 1670 1679 1688 1691 1663 1594 1569 1563 1550 1524 1491 1457 1423 1421 1429 1431 1397 1401 1404 1410 1418 1428 1439 1462 1473 1500 1430 1410 1388 1390 1402
-9999 -9999 1690 1688 1689 1690 1685 1687 1683 1683 1684 1682 1676 1677 1677 1672 1670 1672 1672 1672 1671 1671 1671 1671 1669 1667 1667 1666 1667 1668 1669 1669 1669 1669 1668 1666 1661 1662 1669 1669 1671 1696 1696 1695 1697 1701 1709 1712 1713 1710 1703 1694 1676 1640 1619 1625 1645 1662 1676 1695 1698 1682 1601 1557 1564 1557 1538 1494 1441 1395 1393 1401 1423 1447 1452 1445 1427 1427 1437 1443 1469 1505 1532 1432 1407 1395 1393 1402
-9999 -9999 1693 1691 1695 1693 1689 1691 1688 1687 1686 1683 1678 1677 1677 1674 1673 1675 1675 1674 1673 1673 1674 1674 1672 1669 1668 1667 1667 1668 1670 1670 1669 1670 1670 1669 1666 1661 1665 1662 1677 1699 1694 1692 1692 1697 1707 1711 1716 1714 1712 1699 1689 1669 1631 1624 1640 1659 1684 1704 1704 1696 1637 1566 1562 1563 1552 1513 1470 1416 1393 1393 1405 1473 1505 1502 1464 1452 1454 1453 1474 1521 1537 1462 1424 1409 1404 1402
-9999 -9999 1695 1695 1697 1696 1692 1693 1690 1688 1687 1685 1681 1678 1677 1676 1676 1677 1677 1677 1676 1674 1675 1676 1674 1672 1669 1669 1669 1670 1671 1671 1670 1671 1673 1673 1672 1666 1664 1664 1682 1692 1692 1698 1702 1705 1706 1703 1704 1709 1716 1703 1696 1705 1668 1648 1658 1663 1697 1713 1710 1702 1689 1624 1567 1563 1571 1553 1525 1456 1407 1397 1394 1436 1512 1544 1518 1500 1481 1466 1512 1546 1520 1467 1448 1425 1417 1411
-9999 1697 1698 1698 1697 1696 1693 1693 1688 1687 1688 1687 1684 1681 1680 1679 1676 1677 1677 1677 1678 1675 1676 1677 1677 1674 1672 1671 1672 1671 1670 1671 1671 1673 1675 1676 1673 1671 1670 1666 1684 1679 1684 1701 1711 1718 1706 1687 1678 1695 1714 1715 1705 1717 1721 1703 1692 1681 1706 1722 1714 1696 1692 1692 1600 1565 1581 1576 1535 1494 1451 1420 1400 1409 1477 1555 1551 1542 1514 1492 1535 1571 1519 1484 1469 1442 1437 1429
-9999 1698 1700 1698 1696 1695 1694 1692 1687 1687 1687 1687 1686 1685 1685 1682 1679 1680 1679 1678 1677 1677 1678 1679 1679 1677 1675 1674 1673 1672 1669 1671 1673 1677 1674 1673 1672 1673 1674 1677 1675 1675 1677 1693 1714 1723 1706 1689 1682 1688 1706 1716 1716 1727 1739 1739 1719 1722 1725 1719 1691 1634 1620 1682 1662 1608 1595 1609 1572 1563 1540 1488 1457 1446 1466 1533 1592 1573 1563 1571 1586 1575 1506 1500 1488 1472 1456 1439
-9999 1698 1698 1698 1697 1696 1695 1693 1690 1690 1690 1688 1687 1688 1688 1685 1683 1684 1682 1680 1680 1681 1682 1681 1680 1678 1676 1675 1674 1673 1669 1670 1675 1678 1673 1673 1673 1675 1674 1676 1678 1684 1686 1685 1699 1710 1735 1734 1697 1692 1704 1714 1718 1732 1745 1741 1723 1698 1691 1658 1606 1579 1593 1611 1656 1651 1644 1624 1590 1582 1566 1574 1523 1507 1522 1546 1578 1596 1594 1595 1593 1537 1518 1508 1501 1467 1451 1438
-9999 1699 1698 1698 1697 1697 1698 1697 1695 1695 1696 1696 1697 1698 1695 1690 1687 1687 1686 1685 1686 1689 1689 1685 1682 1680 1677 1676 1677 1675 1672 1675 1680 1678 1674 1673 1676 1676 1689 1693 1701 1697 1689 1690 1694 1705 1723 1746 1739 1723 1710 1714 1720 1730 1747 1752 1726 1684 1649 1625 1588 1560 1579 1600 1592 1604 1648 1632 1620 1597 1569 1577 1579 1574 1528 1560 1603 1603 1599 1589 1602 1550 1529 1514 1510 1461 1446 1436
-9999 1700 1699 1700 1701 1699 1700 1698 1697 1700 1700 1694 1692 1697 1695 1691 1692 1693 1693 1692 1691 1690 1692 1692 1692 1688 1683 1682 1683 1680 1678 1683 1681 1679 1675 1674 1676 1673 1688 1694 1706 1704 1694 1694 1697 1710 1723 1731 1742 1738 1722 1709 1702 1726 1749 1758 1750 1694 1645 1621 1592 1578 1594 1575 1590 1592 1616 1642 1628 1603 1581 1581 1585 1563 1553 1578 1593 1590 1581 1575 1598 1566 1534 1515 1522 1484 1447 1437
-9999 1703 1705 1701 1699 1697 1697 1697 1696 1698 1697 1694 1689 1690 1691 1689 1689 1690 1691 1689 1687 1686 1687 1688 1688 1687 1686 1685 1684 1684 1682 1681 1680 1680 1678 1677 1679 1677 1682 1686 1697 1709 1707 1699 1700 1711 1722 1725 1743 1754 1743 1716 1692 1690 1729 1761 1765 1731 1661 1633 1617 1608 1606 1581 1552 1555 1604 1622 1630 1628 1597 1582 1581 1563 1556 1570 1580 1581 1576 1592 1571 1571 1542 1541 1559 1495 1450 1440
-9999 1707 1703 1701 1700 1699 1698 1698 1697 1698 1697 1695 1691 1688 1689 1687 1688 1689 1688 1687 1686 1685 1684 1686 1686 1687 1687 1686 1683 1684 1683 1680 1680 1680 1680 1679 1680 1681 1681 1681 1686 1698 1703 1701 1704 1714 1723 1726 1748 1761 1760 1738 1706 1685 1706 1758 1771 1760 1700 1660 1640 1632 1618 1598 1560 1529 1575 1592 1614 1638 1627 1605 1588 1582 1574 1564 1578 1579 1575 1612 1589 1595 1577 1579 1577 1504 1477 1462
-9999 1704 1702 1701 1702 1701 1699 1699 1698 1698 1697 1695 1693 1689 1690 1687 1687 1690 1688 1687 1686 1685 1683 1685 1686 1687 1687 1686 1683 1683 1683 1680 1682 1680 1680 1681 1681 1682 1682 1681 1682 1688 1694 1699 1705 1717 1724 1726 1746 1763 1766 1753 1725 1705 1691 1755 1778 1776 1745 1702 1671 1644 1621 1603 1598 1559 1539 1560 1590 1621 1653 1646 1621 1615 1616 1581 1573 1571 1565 1615 1613 1581 1570 1579 1580 1548 1521 1493
-9999 1703 1702 1702 1702 1701 1699 1698 1698 1698 1698 1697 1695 1691 1691 1689 1688 1690 1689 1687 1685 1684 1683 1685 1685 1686 1687 1687 1684 1682 1684 1682 1684 1682 1681 1682 1682 1681 1681 1681 1682 1686 1690 1695 1702 1716 1724 1723 1737 1761 1767 1751 1732 1714 1688 1762 1785 1786 1775 1746 1713 1654 1616 1605 1599 1607 1550 1526 1574 1601 1634 1664 1642 1647 1646 1617 1581 1571 1572 1602 1565 1493 1480 1521 1578 1603 1554 1516
-9999 1704 1704 1703 1702 1701 1699 1698 1699 1699 1698 1698 1696 1694 1691 1690 1689 1690 1689 1687 1685 1684 1684 1686 1686 1686 1687 1686 1684 1684 1687 1686 1684 1683 1681 1681 1681 1681 1680 1681 1681 1683 1687 1691 1697 1709 1719 1722 1732 1745 1767 1760 1743 1720 1713 1777 1792 1791 1789 1770 1727 1676 1638 1619 1612 1601 1595 1523 1559 1588 1572 1626 1579 1624 1645 1646 1637 1622 1630 1560 1516 1459 1444 1466 1501 1573 1567 1552
-9999 1705 1705 1704 1701 1701 1700 1699 1700 1699 1697 1697 1696 1695 1691 1690 1691 1690 1689 1688 1687 1685 1685 1685 1686 1687 1687 1685 1684 1686 1686 1685 1683 1682 1680 1679 1680 1680 1681 1681 1682 1683 1685 1687 1691 1698 1705 1712 1727 1736 1763 1770 1745 1734 1750 1773 1795 1795 1791 1776 1720 1694 1659 1634 1623 1608 1596 1610 1599 1585 1571 1576 1569 1601 1595 1579 1590 1630 1641 1568 1535 1485 1448 1452 1493 1564 1606 1594
-9999 1706 1704 1704 1702 1702 1701 1699 1700 1699 1697 1696 1697 1695 1692 1691 1692 1691 1689 1689 1687 1688 1686 1685 1685 1685 1687 1686 1685 1685 1683 1681 1683 1682 1681 1680 1681 1679 1681 1682 1685 1684 1683 1685 1688 1696 1700 1710 1717 1743 1769 1769 1748 1751 1772 1761 1799 1794 1794 1786 1766 1728 1703 1688 1639 1617 1597 1580 1550 1519 1562 1581 1586 1494 1449 1451 1486 1538 1606 1626 1610 1584 1543 1508 1488 1497 1507 1486
-9999 -9999 1705 1704 1702 1702 1701 1699 1700 1699 1697 1695 1695 1694 1694 1691 1691 1692 1690 1688 1688 1688 1688 1686 1684 1684 1686 1687 1685 1685 1683 1681 1681 1682 1682 1681 1681 1684 1682 1683 1685 1682 1684 1686 1688 1691 1702 1712 1717 1739 1767 1780 1764 1740 1765 1752 1788 1743 1747 1782 1773 1762 1709 1658 1641 1603 1588 1575 1570 1537 1563 1589 1580 1569 1506 1447 1447 1503 1555 1577 1584 1577 1547 1544 1500 1473 1467 1441
-9999 -9999 1706 1705 1704 1703 1702 1700 1700 1699 1697 1696 1696 1696 1696 1694 1693 1692 1692 1690 1688 1687 1687 1686 1685 1685 1685 1686 1686 1685 1685 1684 1682 1685 1684 1684 1684 1684 1683 1682 1682 1682 1684 1687 1691 1692 1702 1713 1719 1734 1757 1779 1777 1755 1752 1751 1789 1758 1734 1766 1749 1730 1691 1635 1632 1614 1622 1603 1570 1535 1560 1592 1575 1577 1546 1476 1409 1436 1499 1523 1526 1525 1520 1512 1513 1483 1454 1436
-9999 -9999 1707 1706 1704 1703 1702 1701 1700 1698 1697 1697 1697 1697 1697 1695 1694 1692 1691 1691 1689 1687 1687 1685 1686 1686 1685 1684 1686 1686 1687 1686 1685 1687 1687 1685 1684 1683 1682 1681 1682 1682 1685 1690 1694 1696 1701 1707 1713 1726 1751 1776 1779 1763 1759 1756 1781 1766 1726 1739 1730 1707 1684 1637 1629 1622 1612 1601 1559 1505 1513 1561 1569 1571 1565 1521 1415 1403 1440 1464 1466 1445 1460 1467 1482 1465 1449 1441
-9999 -9999 -9999 1707 1705 1705 1704 1701 1700 1698 1698 1698 1699 1698 1698 1697 1696 1693 1692 1691 1690 1687 1686 1685 1686 1687 1686 1685 1686 1688 1688 1687 1687 1687 1686 1685 1683 1682 1681 1680 1682 1683 1687 1691 1696 1699 1701 1703 1709 1719 1739 1766 1775 1764 1767 1756 1774 1768 1730 1723 1729 1707 1693 1654 1642 1630 1604 1591 1561 1499 1482 1513 1562 1572 1571 1556 1478 1421 1401 1426 1440 1393 1407 1452 1455 1450 1441 1431
-9999 -9999 -9999 1707 1707 1706 1704 1701 1700 1699 1699 1700 1700 1699 1699 1697 1696 1695 1694 1693 1691 1688 1686 1686 1687 1688 1687 1686 1686 1688 1688 1687 1687 1685 1685 1685 1683 1681 1681 1680 1681 1685 1689 1692 1697 1700 1702 1704 1708 1717 1730 1753 1770 1769 1770 1757 1772 1776 1742 1725 1737 1722 1713 1678 1665 1639 1621 1594 1578 1543 1525 1504 1553 1566 1570 1567 1544 1460 1393 1410 1438 1390 1383 1441 1454 1448 1435 1419
-9999 -9999 -9999 -9999 1708 1706 1704 1702 1702 1700 1700 1701 1701 1699 1699 1697 1697 1697 1696 1693 1692 1688 1687 1688 1689 1689 1688 1687 1688 1688 1688 1686 1687 1685 1684 1684 1684 1682 1682 1681 1683 1686 1690 1692 1697 1701 1702 1706 1707 1717 1732 1742 1760 1768 1772 1762 1773 1781 1748 1737 1749 1743 1732 1703 1686 1640 1623 1601 1589 1593 1592 1549 1552 1558 1570 1567 1559 1495 1409 1396 1428 1398 1371 1396 1435 1431 1431 1423
-9999 -9999 -9999 -9999 1709 1706 1705 1703 1703 1702 1701 1702 1701 1699 1699 1697 1698 1698 1697 1694 1692 1690 1689 1690 1691 1690 1689 1688 1689 1689 1687 1686 1687 1685 1685 1684 1684 1685 1684 1683 1685 1685 1687 1690 1695 1700 1699 1704 1709 1714 1721 1725 1737 1742 1760 1751 1783 1780 1758 1752 1760 1752 1735 1721 1701 1645 1625 1617 1588 1575 1568 1569 1583 1563 1570 1568 1562 1526 1438 1402 1420 1396 1364 1366 1410 1445 1425 1419
-9999 -9999 -9999 -9999 -9999 -9999 1709 1707 1705 1705 1705 1703 1703 1702 1701 1700 1701 1699 1697 1695 1694 1695 1694 1695 1694 1693 1689 1687 1685 1684 1684 1683 1686 1688 1691 1691 1689 1689 1689 1689 1686 1687 1687 1689 1692 1696 1698 1701 1703 1708 1711 1717 1725 1733 1741 1771 1776 1771 1761 1775 1766 1749 1736 1717 1709 1696 1676 1649 1622 1599 1587 1581 1571 1566 1566 1563 1558 1553 1543 1532 1515 1494 1481 1481 1472 1468 1475 1447
-9999 -9999 -9999 -9999 -9999 -9999 1710 1710 1708 1706 1705 1704 1703 1703 1703 1702 1702 1700 1699 1697 1698 1696 1696 1697 1692 1690 1687 1686 1687 1688 1689 1689 1690 1692 1693 1692 1691 1691 1692 1689 1686 1686 1687 1687 1690 1695 1698 1699 1701 1703 1713 1724 1730 1739 1746 1771 1781 1766 1760 1774 1764 1744 1731 1720 1714 1702 1690 1665 1643 1622 1611 1590 1579 1569 1567 1564 1557 1552 1550 1545 1535 1533 1526 1521 1507 1486 1495 1493
-9999 -9999 -9999 -9999 -9999 -9999 -9999 1711 1710 1710 1710 1708 1707 1706 1705 1704 1703 1701 1700 1700 1699 1700 1697 1696 1693 1692 1692 1691 1691 1691 1690 1690 1690 1692 1693 1695 1693 1693 1691 1689 1687 1686 1686 1686 1689 1695 1699 1700 1700 1701 1708 1719 1732 1743 1751 1776 1779 1770 1763 1771 1767 1759 1740 1736 1719 1709 1698 1686 1671 1657 1646 1624 1591 1590 1589 1579 1556 1553 1548 1539 1535 1540 1541 1537 1524 1497 1497 1518
-9999 -9999 -9999 -9999 -9999 -9999 -9999 -9999 1712 1713 1712 1711 1709 1708 1707 1705 1704 1702 1700 1701 1700 1703 1698 1695 1693 1694 1696 1695 1693 1692 1691 1691 1691 1692 1693 1695 1692 1691 1689 1688 1686 1686 1687 1687 1691 1696 1702 1703 1701 1703 1709 1718 1730 1743 1751 1773 1775 1773 1765 1769 1766 1764 1755 1746 1729 1719 1713 1707 1701 1693 1683 1652 1595 1613 1597 1577 1560 1554 1549 1540 1538 1540 1540 1541 1535 1518 1502 1521
