Dropbox/GRP Data/GRP mammal paper/NN_analysis/DATA/2012 input files not used in 2014 analyses/yo_c_bio_5_OLD.asc
ncols         226
nrows         141
xllcorner     -70621.9986746
yllcorner     -77191.4869234
cellsize      821.1860311
NODATA_value  -9999
[rows 87 to 115 of 141, columns 64 to 127 of 226]
3474.127 3482.933 3461.554 3437.66 3420.314 3410.567 3387.701 3358.07 3351.49 3313.771 3288.802 3267.469 3267.166 3226.335 3219.142 3240.971 3286.743 3308.629 3318.985 3220.183 3237.454 3245.372 3234.542 3198.337 3186.908 3124.86 3151.81 3168.41 3126.585 3156.891 3119.716 3045.724 2844.82 2772.536 2933.14 3011.156 2867.192 2845.377 2781.498 2640.677 2695.712 2711.455 2580.493 2559.125 2719.378 2830.079 2846.243 2841.148 2862.279 2797.681 2738.608 2900.046 3160.833 3015.572 3074.77 3080.114 3128.759 3181.731 3207.617 3162.193 2919.219 3046.213 3129.953 2915.873
3491.386 3482.662 3430.081 3420.411 3397.033 3407.052 3401.146 3374.264 3354.118 3337.122 3304.03 3263.114 3262.512 3259.059 3249.963 3254.677 3277.615 3323.508 3315.722 3263.229 3269.139 3256.172 3264.415 3252.877 3221.802 3173.986 3192.076 3194.036 3162.407 3100.264 3041.218 2965.806 2912.698 2836.619 2822.502 2983.373 3042.402 2951.98 2779.195 2629.133 2711.378 2893.217 2852.891 2730.522 2697.153 2841.915 2904.041 2876.771 2908.267 2907.432 2867.517 3101.594 3063.816 2820.345 2725.82 2701.878 2794.938 2893.98 2918.638 2777.865 2754.571 2712.413 2732.603 2607.727
3510.123 3482.054 3422.405 3408.798 3404.264 3400.437 3401.417 3391.301 3369.222 3341.672 3323.367 3298.47 3296.347 3301.321 3310.556 3313.635 3307.693 3327.345 3332.199 3320.376 3280.538 3246.796 3270.369 3270.628 3235.15 3203.272 3205.557 3168.636 3109.983 3107.976 3089.193 3032.39 2982.775 2976.754 2987.77 3075.204 3099.67 2948.955 2764.904 2673.233 2702.437 2894.905 3010.746 2865.662 2724.288 2892.936 2964.081 2913.179 2919.389 2924.102 2921.149 3176.941 3012.526 2702.171 2515.026 2472.722 2508.353 2546.839 2509.721 2449.856 2560.634 2568.335 2484.365 2415.923
3515.973 3489.838 3451.544 3422.783 3395.333 3370.054 3369.147 3374.65 3373.256 3341.476 3323.205 3305.399 3310.821 3321.126 3339.908 3341.66 3355.835 3340.358 3342.653 3317.235 3255.791 3242.251 3254.026 3260.955 3245.366 3222.257 3201.581 3152.083 3097.08 3137.096 3135.904 3101.577 3036.215 3087.113 3198.711 3159.585 3034.867 2906.325 2855.894 2906.547 2808.126 2941.615 3123.236 2961.981 2834.124 3039.139 3096.219 2980 2901.759 2894.97 2996.904 3221.602 2957.432 2737.339 2558.803 2449.96 2384.566 2388.768 2365.842 2346.328 2450.822 2497.94 2455.143 2390.551
3509.15 3500.076 3479.305 3436.411 3386.573 3351.736 3342.009 3338.617 3342.821 3362.165 3374.291 3347.616 3324.017 3317.835 3329.444 3345.906 3371.849 3348.298 3351.334 3322.73 3246.903 3249.533 3244.587 3251.881 3242.632 3220.092 3201.766 3158.173 3136.486 3179.652 3203.197 3156.966 3094.92 3187.728 3293.738 3170.561 2976.734 2917.057 3067.529 3150.483 3014.51 3060.621 3232.832 3100.982 3043.39 3206.424 3244.951 3138.135 3005.282 2937.501 3167.708 3176.473 2886.815 2724.151 2628.405 2539.311 2437.156 2370.395 2328.274 2328.436 2391.397 2438.772 2447.223 2412.019
3477.302 3501.818 3496.152 3452.913 3405.735 3358.135 3328.625 3305.372 3298.172 3354.068 3445.459 3427.076 3372.853 3334.256 3319.315 3350.996 3365.012 3354.399 3371.279 3345.928 3272.888 3264.963 3258.027 3259.299 3243.32 3223.81 3213.408 3174.601 3173.482 3205.317 3262.976 3225.378 3189.278 3284.058 3291.561 3149.125 3036.021 3053.95 3262.958 3331.162 3255.821 3256.211 3368.426 3304.992 3310.434 3382.577 3392.683 3325.635 3224.094 3150.436 3273.212 3037.146 2833.23 2655.611 2580.242 2541.831 2479.337 2378.544 2299.291 2317.158 2371.089 2412.978 2421.976 2417.744
3458.165 3493.583 3509.119 3484.502 3437.754 3378.677 3329.022 3289.418 3263.059 3284.41 3432.595 3474.082 3443.634 3398.949 3352.661 3363.788 3371.131 3375.869 3391.128 3351.041 3308.707 3286.199 3286.278 3276.472 3261.178 3247.734 3230.427 3195.606 3188.603 3218.183 3281.281 3288.778 3292.855 3318.082 3265.58 3199.446 3203.127 3256.475 3353.502 3441.004 3427.021 3436.281 3476.064 3458.411 3470.397 3475.798 3451.939 3367.281 3276.955 3257.145 3142.141 2876.577 2771.02 2598.556 2479.888 2436.45 2421.27 2368.09 2287.217 2300.952 2362.735 2411.046 2410.211 2412.129
3527.931 3495.517 3513.859 3516.379 3449.753 3417.062 3370.554 3307.858 3245.124 3235.682 3332.662 3452.434 3474.162 3468.975 3424.326 3389.426 3388.406 3403.265 3381.045 3360.34 3333.376 3312.152 3310.323 3287.671 3270.599 3250.32 3249.133 3226.619 3220.119 3274.118 3311.254 3296.472 3323.843 3264.018 3243.467 3347.643 3347.952 3354.883 3411.183 3407.368 3400.846 3411.622 3447.665 3422.883 3359.734 3315.961 3266.326 3154.249 2972.802 2930.487 2880.375 2780.303 2665.156 2540.346 2454.284 2397.612 2374.669 2352.979 2291.416 2281.007 2332.354 2388.284 2403.29 2408.38
3607.938 3547.398 3535.792 3549.564 3501.192 3478.923 3435.108 3384.53 3330.251 3286.363 3321.673 3375.707 3455.72 3467.602 3460.866 3446.827 3419.19 3394.813 3363.439 3350.993 3336.135 3326.28 3309.414 3298.654 3287.365 3267.47 3274.274 3252.151 3239.563 3250.242 3276.956 3267.986 3304.405 3291.099 3334.633 3338.793 3326.344 3390.975 3392.205 3322.193 3191.244 3271.01 3369.354 3330.541 3170.962 3087.198 2958.908 2875.554 2838.95 2849.919 2847.965 2784.811 2663.116 2525.809 2464.033 2443.122 2379.947 2318.471 2277.443 2277.414 2322.689 2371.906 2386.095 2393.419
3583.987 3617.536 3606.874 3577.023 3522.64 3505.99 3453.032 3430.843 3376.754 3351.455 3376.882 3403.819 3435.34 3453.933 3448.046 3437.156 3417.108 3385.287 3362.38 3345.05 3337.755 3320.453 3303.485 3294.395 3286.171 3282.844 3264.143 3252.429 3233.092 3218.097 3270.407 3260.924 3266.704 3268.648 3297.287 3223.527 3150.438 3210.58 3217.847 3159.516 3041.553 3197.67 3222.129 3287.576 3144.936 2902.821 2803.195 2733.489 2724.86 2689.942 2724.555 2644.516 2579.352 2549.814 2505.853 2467.712 2425.802 2341.219 2277.525 2260.077 2320.703 2359.413 2334.131 2380.87
3509.23 3553.466 3591.566 3583.021 3563.72 3542.989 3467.475 3455.035 3427.943 3412.201 3382.499 3417.974 3447.501 3443.887 3430.156 3425.213 3401.144 3383.195 3362.424 3350.357 3337.513 3315.675 3298.826 3293.395 3285.243 3268.616 3260.821 3198.891 3217.144 3255.991 3281.041 3254.479 3218.023 3199.261 3283.373 3260.969 3244.873 3268.173 3292.64 3221.729 2958.561 2938.792 2974.966 3012.177 3104.77 2849.461 2735.952 2774.109 2744.976 2634.619 2587.694 2577.512 2546.368 2573.03 2566.837 2558.092 2522.344 2446.528 2373.018 2303.323 2317.746 2341.8 2314.814 2340.406
3486.49 3548.645 3570.84 3583.29 3588.598 3546.936 3495.862 3473.815 3456.592 3455.074 3449.177 3454.891 3461.505 3447.84 3436.62 3415.298 3388.038 3381.788 3362.153 3346.045 3318.456 3314.358 3297.302 3288.038 3283.025 3263.951 3236.103 3224.447 3265.766 3278.295 3268.394 3244.553 3211.791 3195.754 3272.208 3292.377 3291.781 3283.756 3301.448 3238.546 3080.102 2863.195 2786.449 2785.559 2877.183 2792.585 2744.248 2895.403 2929.638 2752.276 2611.502 2585.996 2584.665 2650.238 2669.709 2653.802 2592.17 2526.274 2405.411 2350.933 2424.661 2377.351 2318.602 2334.884
3473.02 3502.792 3534.985 3578.748 3585.086 3524.782 3497.49 3467.276 3459.466 3440.045 3465.504 3456.789 3462.017 3438.783 3429.216 3399.963 3381.81 3375.74 3320.741 3315.369 3321.657 3310.79 3281.093 3277.597 3281.671 3263.22 3236.837 3268.669 3272.995 3266.094 3237.573 3242.361 3242.079 3179.934 3198.255 3206.876 3217.602 3233.033 3293.312 3258.662 3209.937 3045.685 2938.001 2897.505 2878.069 2863.357 2923.26 3018.907 3008.257 2803.733 2771.646 2724.979 2735.72 2728.279 2723.688 2676.714 2606.476 2538.695 2436.961 2454.319 2521.2 2418.055 2333.044 2344.299
3471.547 3466.435 3494.211 3561.461 3577.676 3518.434 3464.755 3446.004 3430.598 3414.351 3438.332 3431.348 3434.547 3422.858 3409.635 3383.512 3371.24 3363.294 3312.36 3305.72 3318.587 3299.077 3267.789 3267.895 3271.586 3235.945 3271.271 3275.747 3264.613 3258.77 3231.285 3233.674 3252.526 3187.548 3138.792 3143.589 3164.068 3207.607 3284.358 3282.922 3289.508 3232.327 3182.561 3147.888 3118.361 3084.226 3126.339 3109.678 3093.752 2991.474 3039.906 2947.7 2952.085 2854.673 2766.329 2681.612 2600.22 2544.908 2521.942 2557.894 2556.619 2477.261 2406.794 2355.337
3491.302 3475.217 3469.108 3518.799 3558.556 3544.512 3484.306 3461.853 3421.408 3413.224 3413.207 3405.815 3407.029 3410.728 3393.539 3372.223 3360.55 3345.429 3331.801 3321.17 3309.48 3298.608 3268.192 3253.963 3249.42 3229.756 3294.093 3253.911 3263.875 3257.704 3241.908 3225.614 3236.019 3215.386 3132.02 3158.677 3179.333 3211.187 3250.585 3257.385 3304.089 3301.138 3300.178 3324.279 3340.049 3305.055 3267.324 3205.301 3233.973 3220.958 3234.333 3159.264 3120.551 2988.566 2860.043 2718.71 2593.276 2542.868 2587.148 2605.424 2560.147 2525.029 2465.193 2361.014
3522.299 3500.54 3464.953 3469.962 3516.442 3566.453 3570.693 3534.718 3483.419 3413.797 3399.969 3390.744 3399.716 3394.088 3381.467 3367.412 3354.257 3327.462 3314.131 3314.709 3307.732 3309.692 3270.39 3242.544 3245.101 3282.739 3282.595 3250.467 3254.87 3245.267 3238.325 3232.458 3227.278 3217.658 3144.719 3170.405 3174.718 3177.11 3190.199 3193.155 3275.335 3321.966 3292.543 3363.967 3360.096 3339.477 3340.205 3314.083 3306.039 3230.569 3184.368 3211.54 3191.842 3073.099 2944.102 2762.154 2594.355 2533.705 2595.868 2596.434 2554.169 2515.86 2431.591 2353.43
3549.046 3521.455 3471.836 3467.755 3490.608 3538.564 3564.761 3592.328 3560.794 3401.242 3398.443 3389.846 3375.722 3362.684 3364.384 3365.014 3330.876 3313.659 3295.958 3279.543 3274.16 3284.342 3270.511 3269.678 3296.384 3293.743 3289.783 3280.408 3257.121 3250.111 3236.653 3232.231 3226.49 3214.844 3170.682 3151.055 3112.872 3120.45 3150.056 3195.453 3281.424 3336.423 3248.458 3255.988 3221.786 3154.253 3282.646 3322.365 3221.111 3057.604 2957.303 3033.419 3208.243 3133.615 2902.063 2758.08 2621.067 2573.655 2620.202 2576.027 2514.357 2441.14 2347.383 2331.249
3576.126 3533.979 3509.594 3482.058 3489.265 3532.279 3556.466 3569.597 3525.701 3501.217 3481.151 3420.147 3394.995 3363.423 3361.371 3350.728 3304.311 3278.5 3296.327 3287.632 3284.055 3296.027 3313.938 3309.344 3290.822 3244.472 3288.511 3266.812 3266.451 3240.309 3208.636 3208.322 3215.782 3205.649 3203.908 3157.716 3113.056 3152.512 3155.256 3197.933 3256.772 3318.559 3356.337 3116.305 2939.695 2914.172 3039.327 3098.598 3092.945 2911.46 2776.372 2955.737 3121.684 3151.361 2897.295 2755.298 2674.384 2651.253 2638.133 2569.57 2443.045 2341.421 2309.814 2318.505
3604.149 3568.628 3535.285 3504.98 3481.67 3472.122 3517.988 3524.849 3483.03 3455.15 3407.816 3393.886 3372.271 3346.707 3355.509 3351.875 3341.797 3329.846 3299.446 3290.693 3300.865 3295.691 3292.357 3293.615 3286.773 3287.783 3263.471 3278.793 3260.72 3247.944 3234.221 3224.214 3208.649 3180.394 3184.744 3150.14 3129.267 3165.777 3115.376 3097.744 3211.179 3305.788 3329.832 3248.995 3053.1 2815.585 2839.328 2901.452 2832.729 2828.648 2713.906 2873.135 3082.205 3144.784 2986.76 2784.69 2731.438 2693.365 2618.654 2513.481 2430.849 2350.31 2349.13 2367.528
3606.958 3533.57 3526.745 3517.969 3487.13 3462.225 3492.034 3488.078 3490.416 3508.211 3464.34 3397.846 3375.382 3361.352 3345.696 3339.306 3335.968 3326.23 3296.516 3297.279 3284.067 3287.233 3281.153 3277.281 3275.52 3269.565 3277.674 3279.452 3261.777 3253.517 3248.637 3248.847 3218.966 3124.096 3133.411 3079.699 3096.67 3168.488 3148.497 3115.731 3186.427 3321.788 3358.438 3294.359 3148.26 2868.247 2727.616 2782.826 2706.941 2719.718 2617.87 2782.877 2911.115 3067.823 3069.033 2886.146 2764.836 2670.75 2580.708 2488.056 2418.239 2369.896 2417.604 2450.22
3586.395 3535.23 3505.789 3501.836 3476.897 3457.052 3479.39 3471.445 3479.125 3488.757 3466.804 3416.513 3369.607 3353.648 3331.664 3329.523 3326.261 3322.772 3305.323 3302.746 3279.621 3290.028 3283.762 3278.534 3272.644 3255.803 3267.755 3272.326 3259.43 3254.661 3254.611 3243.661 3223.042 3144.094 3081.332 3070.01 3124.729 3161.54 3172.495 3198.964 3250.567 3294.236 3340.482 3224.069 3006.666 2842.384 2670.548 2655.156 2603.062 2630.339 2678.022 2800.287 2853.836 2996.118 3040.556 2829.319 2719.789 2645.453 2566.713 2556.677 2498.967 2506.653 2544.146 2538.295
3583.149 3564.897 3521.871 3500.951 3467.844 3454.848 3459.919 3454.88 3466.086 3477.544 3473.831 3451.549 3372.228 3341.422 3334.793 3327.921 3334.47 3336.024 3322.206 3293.878 3287.94 3307.352 3331.298 3328.833 3286.238 3261.309 3318.966 3314.04 3261.4 3268.17 3269.11 3250.856 3246.506 3216.975 3102.077 3101.197 3159.058 3177.944 3201.888 3210.582 3214.25 3218.221 3316.699 3245.124 2979.817 2820.311 2652.681 2558.053 2513.61 2586.471 2706.495 2790.962 2792.931 2892.909 3028.94 2883.49 2732.199 2653.573 2677.969 2739.526 2637.958 2664.236 2667.4 2575.409
3601.845 3593.884 3560.769 3512.998 3465.154 3455.003 3447.464 3444.658 3474.874 3482.258 3483.117 3474.92 3419.956 3366.448 3341.897 3331.523 3341.337 3342.029 3318.048 3299.688 3308.729 3332.974 3362.338 3358.83 3321.384 3306.085 3360.927 3337.422 3279.86 3280.961 3281.021 3272.958 3278.336 3274.281 3185.153 3151.907 3184.337 3188.477 3219.78 3192.157 3126.383 3141.315 3280.013 3311.364 3099.379 2904.977 2703.4 2579.182 2494.194 2526.146 2640.431 2742.674 2759.632 2820.343 2969.961 2977.242 2864.119 2762.337 2829.822 2909.903 2857.552 2829.066 2740.945 2613.705
3625.794 3606.42 3586.757 3529.52 3474.011 3458.106 3452.849 3445.605 3478.811 3478.948 3481.036 3481.037 3475.196 3404.447 3336.085 3338.385 3335.906 3338.911 3309.25 3329.685 3335.175 3353.597 3353.1 3344.469 3351.52 3350.752 3350.617 3328.545 3311.65 3286.425 3290.417 3298.066 3303.543 3288.009 3251.94 3185.989 3210.442 3191.214 3218.56 3204.32 3096.839 3096.579 3208.125 3284.221 3220.139 3024.515 2834.356 2732.159 2567.793 2468.821 2547.181 2644.891 2735.331 2810.349 2895.922 2992.362 2991.831 2915.765 2942.98 2994.637 3015.074 2960.65 2853.93 2737.083
3641.894 3603.68 3585.711 3553.168 3497.037 3464.658 3465.657 3457.5 3453.584 3470.066 3482.437 3488.486 3479.015 3413.43 3335.214 3346.333 3336.44 3347.656 3318.322 3341.417 3350.276 3357.657 3349.588 3336.671 3345.998 3345.739 3339.149 3338.644 3335.202 3305.923 3315.354 3324.769 3322.764 3288.652 3267.197 3189.505 3221.926 3217.216 3224.8 3238.525 3142.018 3080.291 3112.534 3142.359 3220.888 3081.339 3003.927 2907.546 2677.829 2470.81 2493.248 2532.491 2669.89 2811.66 2869.83 2936.178 2992.052 2985.963 2994.345 3008.001 3015.715 2990.291 2969.125 2882.922
3650.639 3599.599 3574.151 3573.996 3520.551 3470.481 3475.481 3491.924 3456.179 3464.163 3483.166 3490.366 3482.79 3448.431 3380.064 3350.918 3357.808 3356.371 3286.716 3297.218 3342.408 3350.101 3353.846 3331.888 3330.23 3350.248 3325.232 3319.599 3335.805 3355.304 3351.177 3346.866 3329.136 3310.929 3309.464 3227.93 3181.395 3240.485 3261.355 3279.387 3220.262 3090.163 3037.527 3006.189 3057.623 3124.342 3123.56 2963.527 2735.173 2496.107 2461.026 2526.515 2615.878 2763.582 2822.031 2881.385 2924.539 2934.594 2972.552 2974.202 2980.054 2931.76 2911.585 2878.642
3658.984 3634.274 3597.514 3589.702 3552.238 3486.115 3482.396 3508.212 3465.889 3482.089 3490.749 3489.894 3489.766 3474.668 3423.513 3385.576 3378.678 3367.04 3314.624 3302.883 3322.35 3363.281 3352.983 3317.141 3319.302 3342.334 3345.172 3347.867 3364.294 3364.24 3364.321 3353.197 3302.592 3326.185 3344.187 3281.997 3127.734 3186.046 3290.729 3319.053 3293.343 3178.456 3007.762 2908.692 2837.822 2886.434 3065.022 2979.839 2753.202 2544.18 2463.975 2515.833 2608.12 2709.443 2787.051 2836.872 2871.828 2876.087 2869.462 2875.441 2926.426 2958.724 2896.091 2796.415
3658.95 3644.81 3620.21 3595.731 3568.99 3524.448 3513.255 3507.116 3480.767 3473.815 3491.124 3492.833 3491.481 3478.925 3466.573 3445.279 3424.47 3397.558 3381.47 3382.232 3371.148 3371.615 3380.829 3351.867 3347.413 3361.906 3371.697 3357.312 3372.097 3360.675 3354.985 3347.737 3305.615 3341.18 3351.336 3335.346 3296.908 3293.521 3335.689 3361.713 3337.081 3273.066 3130.115 2953.85 2853.859 2841.487 2889.638 2923.612 2809.896 2633.662 2500.239 2499.869 2534.348 2597.727 2692.421 2739.177 2770.226 2813.68 2739.321 2712.101 2815.019 2849.342 2793.573 2703.027
3659.323 3647.025 3630.688 3606.976 3586.926 3559.05 3545.395 3517.313 3498.524 3471.725 3485.896 3496.835 3484.41 3467.686 3462.017 3451.485 3437.185 3428.644 3425.011 3416.807 3399.408 3382.603 3393.574 3388.808 3379.204 3381.24 3383.19 3362.908 3357.367 3345.254 3341.525 3347.939 3346.982 3364.552 3367.461 3357.174 3352.03 3356.053 3377.205 3371.236 3364.118 3341.162 3277.421 3137.479 3013.338 2918.108 2793.152 2759.969 2691.476 2596.53 2537.335 2676.531 2710.059 2634.648 2616.555 2653.766 2712.644 2739.198 2690.324 2624.339 2697.973 2726.782 2706.434 2679.125
