Dropbox/GRP Data/GRP mammal paper/NN_analysis/DATA/2012 input files not used in 2014 analyses/yo_h_bio_6_OLD.asc
ncols         226
nrows         141
xllcorner     -70621.9986746
yllcorner     -77191.4869234
cellsize      821.1860311
NODATA_value  -9999
[rows 54 to 80 of 141, columns 124 to 185 of 226]
-980.9091 -1035.751 -1089.23 -1112.659 -982.5345 -903.3286 -774.9553 -801.32 -1023.307 -1007.982 -1061.31 -1031.922 -1015.599 -1093.021 -1121.244 -1111.973 -1103.356 -1083.44 -1080.917 -1171.413 -1205.463 -1267.315 -1178.768 -1209.309 -1203.813 -1201.913 -1201.472 -1253.55 -1244.74 -1254.944 -1271.139 -1328.313 -1351.803 -1362.912 -1344.7 -1351.841 -1307.408 -1318.422 -1295.668 -1263.371 -1213.052 -1238.225 -1209.457 -1177.81 -1182.499 -1204.81 -1213.222 -1202.899 -1174.78 -1177.778 -1171.714 -1145.012 -1141.176 -1143.689 -1066.59 -974.0509 -961.2995 -972.1442 -994.8199 -1024.609 -1036.993 -1048.802
-984.2044 -1043.03 -1077.64 -1013.745 -856.5282 -718.6412 -611.4498 -699.9088 -972.8008 -942.35 -938.0337 -929.7999 -957.8032 -980.361 -993.5679 -1004.011 -1018.286 -1053.63 -1075.212 -1073.779 -1172.794 -1195.346 -1160.348 -1172.159 -1195.883 -1218.339 -1231.199 -1263.914 -1251.147 -1251.646 -1266.635 -1286.045 -1324.2 -1361.56 -1332.531 -1330.696 -1325.569 -1273.494 -1263.839 -1231.013 -1239.166 -1218.548 -1244.06 -1221.465 -1162.157 -1137.052 -1138.86 -1135.668 -1122.743 -1084.262 -1118.771 -1065.106 -1040.331 -1077.729 -1052.766 -1050.527 -965.3463 -977.7319 -990.4644 -1009.231 -1028.072 -1039.867
-941.8196 -976.3896 -947.7245 -846.408 -701.176 -551.2622 -509.944 -742.3571 -948.7296 -895.6257 -812.5533 -769.2077 -788.1382 -955.86 -1000.783 -1093.568 -1071.953 -1122.172 -1111.63 -1056.102 -1124.94 -1144.355 -1152.834 -1167.102 -1193.5 -1228.571 -1262.827 -1284.345 -1284.182 -1298.013 -1271.183 -1275.037 -1294.373 -1339.559 -1341.309 -1326.033 -1321.814 -1300.585 -1312.302 -1229.626 -1224.05 -1205.839 -1224.94 -1218.807 -1180.08 -1196.079 -1194.205 -1138.813 -1120.028 -1143.433 -1083.771 -1049.96 -1018.204 -1045.638 -1051.608 -1025.544 -982.7671 -981.5442 -985.262 -1010.428 -1036.968 -1052.401
-857.0544 -862.4419 -780.6729 -658.1324 -551.638 -475.6289 -484.5961 -682.2065 -785.5164 -731.5472 -684.0582 -653.6146 -652.2748 -830.7298 -914.4154 -997.7126 -998.2464 -1030.928 -1024.674 -1060.186 -1115.483 -1127.794 -1145.989 -1160.069 -1201.131 -1226.257 -1256.328 -1280.057 -1289.394 -1319.404 -1315.444 -1324.164 -1331.948 -1346.275 -1348.078 -1347.621 -1338.319 -1337.336 -1323.386 -1280.537 -1277.551 -1196.805 -1194.461 -1194.053 -1185.004 -1190.387 -1185.822 -1126.058 -1201.762 -1124.354 -1171.649 -1125.752 -1050.334 -1036.59 -1044.017 -1035.126 -998.2874 -988.0368 -987.9445 -998.6891 -1022.024 -1050.58
-779.4514 -728.9338 -636.8691 -512.5721 -465.8814 -452.9297 -469.7678 -521.045 -570.0162 -590.8377 -735.0538 -735.7215 -697.6273 -737.4412 -825.7405 -852.506 -955.2201 -971.5184 -974.5552 -1030.613 -1126.57 -1116.103 -1126.763 -1163.69 -1232.635 -1229.323 -1249.626 -1274.004 -1271.708 -1316.323 -1348.974 -1362.324 -1340.539 -1330.361 -1332.93 -1340.629 -1336.881 -1337.118 -1308.429 -1315.568 -1311.666 -1194.75 -1197.985 -1219.579 -1230.835 -1211.393 -1172.611 -1126.004 -1207.835 -1170.698 -1154.194 -1124.42 -1080.714 -1075.985 -1059.42 -1042.368 -1032.707 -998.2983 -997.9316 -1005.634 -1023.795 -1046.679
-698.9922 -573.4532 -516.3722 -535.6015 -536.5553 -522.8174 -526.4288 -636.3023 -600.8318 -754.3669 -1031.35 -973.6475 -872.7987 -927.9319 -944.835 -991.9204 -1124.014 -1129.469 -1105.85 -1046.738 -1136.663 -1113.332 -1122.427 -1212.789 -1248.201 -1233.229 -1239.994 -1254.849 -1267.441 -1314.352 -1329.44 -1350.922 -1312.745 -1297.108 -1315.093 -1321.505 -1333.659 -1310.12 -1288.68 -1314.016 -1304.658 -1211.759 -1217.984 -1250.822 -1266.517 -1261.025 -1208.125 -1141.581 -1150.266 -1174.091 -1108.837 -1100.794 -1087.678 -1079.912 -1054.342 -1020.904 -1041.4 -1018.294 -1007.974 -1012.786 -1027.485 -1036.818
-483.8187 -527.9407 -606.4617 -796.0706 -837.3489 -858.7809 -866.165 -1014.893 -877.3911 -1027.634 -1140.117 -1089.364 -1006.03 -1125.934 -1002.292 -1045.306 -1079.561 -1104.608 -1164.131 -1198.136 -1199.984 -1155.401 -1173.075 -1279.971 -1204.478 -1218.005 -1185.903 -1183.985 -1268.995 -1297.317 -1282.728 -1316.683 -1320.641 -1309.554 -1318.997 -1326.8 -1349.075 -1295.426 -1282.287 -1307.775 -1291.956 -1241.715 -1226.439 -1256.912 -1270.76 -1294.512 -1287.139 -1208.232 -1144.339 -1113.406 -1105.968 -1107.695 -1088.604 -1069.263 -1047.478 -1009.332 -1027.959 -1033.749 -1017.008 -1018.573 -1029.378 -1034.17
-878.317 -920.5012 -881.6663 -835.6042 -930.8929 -1020.854 -1121.111 -997.9583 -1115.957 -1167.737 -1166.406 -1173.065 -1141.491 -1137.978 -1121.349 -1072.052 -1040.268 -1059.816 -1234.343 -1295.282 -1316.673 -1280.502 -1235.833 -1206.562 -1214.459 -1211.753 -1187.325 -1178.55 -1220.621 -1246.267 -1262.046 -1277.165 -1292.873 -1341.408 -1327.4 -1312.471 -1317.605 -1307.561 -1319.546 -1315.297 -1266.052 -1263.37 -1236.859 -1283.107 -1320.139 -1330.94 -1359.262 -1305.273 -1193.957 -1110.538 -1096.864 -1115.115 -1099.552 -1088.81 -1058.286 -1028.372 -1028.594 -1035.835 -1025.866 -1027.345 -1033.778 -1039.967
-865.5039 -949.213 -994.9312 -1043.33 -1142.732 -1185.243 -1216.089 -1225.931 -1235.444 -1237.966 -1233.699 -1221.455 -1182.177 -1194.203 -1214.807 -1189.969 -1056.416 -1131.64 -1206.332 -1277.885 -1227.918 -1202.588 -1206.388 -1182.397 -1188.381 -1213.058 -1219.878 -1223.354 -1226.8 -1250.4 -1277.544 -1299.521 -1311.955 -1331.712 -1350.827 -1335.067 -1319.528 -1321.972 -1323.06 -1317.121 -1262.659 -1300.966 -1271.739 -1283.313 -1389.339 -1401.989 -1352.456 -1244.087 -1164.835 -1115.165 -1092.882 -1125.772 -1115.67 -1078.279 -1039.579 -1032.165 -1046.48 -1037.347 -1033.016 -1033.361 -1039.589 -1042.726
-926.3818 -976.2033 -1000.679 -1033.506 -1106.74 -1174.043 -1242.628 -1230.639 -1191.198 -1171.859 -1184.073 -1252.345 -1261.156 -1259.733 -1273.2 -1128.818 -1103.624 -1170.317 -1155.796 -1152.779 -1219.051 -1219.485 -1203.424 -1179.999 -1192.465 -1241.146 -1319.908 -1340.034 -1363.105 -1373.043 -1387.94 -1388.501 -1421.039 -1431.49 -1441.882 -1384.245 -1346.712 -1337.392 -1323.052 -1333.04 -1313.718 -1298.232 -1291.845 -1268.732 -1286.466 -1345.279 -1311.382 -1279.948 -1261.771 -1155.552 -1139.074 -1194.577 -1160.645 -1092.028 -1059.21 -1035.083 -1053.991 -1039.54 -1038.281 -1036.876 -1046.01 -1049.426
-963.1593 -1019.907 -1053.372 -1089.14 -1134.53 -1164.964 -1178.264 -1102.05 -1078.699 -1083.841 -1160.586 -1265.295 -1303.794 -1319.829 -1291.517 -1130.116 -1207.595 -1246.072 -1180.78 -1143.297 -1220.08 -1254.763 -1225.666 -1184.561 -1189.827 -1250.13 -1337.937 -1364.638 -1385.645 -1411.226 -1426.385 -1433.595 -1440.469 -1441.314 -1444.65 -1432.449 -1416.57 -1386.136 -1336.662 -1328.544 -1320.247 -1300.298 -1296.859 -1269.455 -1264.647 -1299.951 -1359.805 -1399.625 -1269.375 -1142.241 -1198.713 -1210.772 -1143.043 -1106.374 -1048.628 -1058.195 -1056.881 -1048.985 -1045.838 -1044.313 -1049.301 -1053.898
-963.0947 -1009.803 -1054.347 -1094.411 -1109.604 -1127.77 -1114.428 -1026.119 -1003.796 -1034.338 -1152.21 -1268.962 -1319.304 -1352.226 -1335.165 -1171.582 -1288.373 -1296.14 -1175.749 -1167.741 -1225.533 -1258.432 -1250.692 -1226.445 -1218.135 -1246.554 -1309.754 -1369.174 -1385.338 -1400.134 -1409.768 -1420.88 -1418.63 -1419.686 -1427.662 -1434.88 -1439.54 -1414.922 -1370.276 -1346.03 -1323.272 -1300.221 -1296.133 -1271.886 -1279.372 -1356.128 -1393.882 -1325.407 -1241.596 -1157.942 -1203.503 -1180.888 -1158.492 -1106.983 -1048.734 -1045.513 -1080.374 -1057.021 -1053.494 -1047.623 -1052.425 -1062.392
-958.8309 -973.9083 -1009.767 -1045.441 -1067.035 -1103.669 -1093.172 -1008.612 -973.9153 -1011.089 -1119.801 -1201.532 -1244.739 -1296.806 -1338.434 -1238.145 -1331.521 -1308.302 -1165.852 -1187.071 -1229.509 -1247.805 -1291.148 -1289.645 -1277.971 -1270.714 -1267.994 -1344.784 -1382.454 -1397.976 -1409.242 -1412.724 -1409.65 -1407.467 -1408.767 -1410.587 -1426.021 -1416.171 -1356.228 -1346.423 -1320.64 -1281.62 -1284.95 -1259.947 -1256.49 -1348.423 -1341.722 -1267.691 -1198.703 -1173.448 -1226.873 -1189.151 -1147.644 -1076.821 -1042.792 -1041.851 -1068.68 -1069.496 -1067.481 -1058.434 -1060.867 -1069.042
-975.7933 -977.5239 -999.7313 -1035.359 -1086.667 -1108.271 -1068.618 -982.0782 -958.6971 -1010.165 -1075.175 -1119.675 -1182.686 -1254.655 -1330.99 -1328.7 -1346.294 -1290.328 -1185.95 -1202.18 -1228.777 -1254.709 -1329.496 -1311.397 -1308.265 -1297.265 -1243.253 -1287.465 -1331.966 -1378.075 -1406.483 -1407.916 -1412.418 -1419.921 -1415.869 -1413.306 -1417.143 -1420.717 -1344.715 -1365.778 -1320.878 -1295.435 -1312.162 -1262.724 -1253.922 -1295.53 -1267.132 -1235.275 -1194.701 -1161.454 -1188.626 -1182.586 -1173.565 -1093.424 -1047.913 -1035.487 -1040.908 -1082.235 -1085.566 -1081.331 -1064.312 -1057.486
-1012.384 -1008.376 -1019.299 -1048.892 -1076.935 -1060.27 -990.8262 -945.6486 -958.4311 -1055.036 -1080.182 -1151.242 -1262.022 -1338.322 -1392.261 -1399.756 -1318.964 -1239.456 -1208.15 -1219.554 -1226.076 -1279.848 -1344.674 -1290.265 -1288.278 -1290.575 -1259.191 -1271.771 -1277.917 -1316.93 -1349.798 -1363.357 -1373.091 -1409.078 -1439.342 -1438.095 -1428.982 -1428.449 -1383.118 -1363.539 -1328.232 -1327.365 -1341.319 -1292.62 -1281.18 -1259.027 -1234.361 -1233.896 -1223.526 -1158.589 -1160.545 -1140.659 -1172.939 -1135.457 -1085.639 -1058.163 -1036.417 -1095.736 -1078.01 -1067.779 -1056.575 -1051.018
-1030.505 -1011.756 -1013.781 -999.2611 -976.5944 -995.1851 -926.4632 -921.1458 -987.0441 -1109.516 -1169.797 -1209.864 -1245.952 -1342.113 -1394.45 -1370.021 -1238.871 -1166.588 -1198.156 -1246.042 -1231.615 -1297.433 -1349.404 -1311.669 -1288.444 -1275.248 -1294.263 -1332.374 -1311.456 -1268.177 -1276.85 -1288.645 -1287.422 -1343.52 -1434.75 -1432.347 -1420.053 -1420.503 -1434.18 -1325.503 -1340.827 -1338.915 -1327.267 -1325.346 -1306.211 -1256.729 -1244.925 -1265.691 -1276.178 -1203.929 -1186.011 -1102.262 -1145.306 -1176.421 -1133.997 -1089.143 -1070.324 -1106.358 -1053.084 -1043.69 -1048.271 -1042.878
-1012.992 -979.3643 -968.0229 -936.4579 -918.056 -935.2764 -896.05 -947.0252 -1022.916 -1106.482 -1191.291 -1251.87 -1343.113 -1399.989 -1406.296 -1300.918 -1198.921 -1145.734 -1190.165 -1258.781 -1285.388 -1316.745 -1308.307 -1315.183 -1308.507 -1261.581 -1237.137 -1227.412 -1261.577 -1284.322 -1326.462 -1285.224 -1290.06 -1330.861 -1399.275 -1393.586 -1338.878 -1411.429 -1431.126 -1383.855 -1352.516 -1348.628 -1321.191 -1326.786 -1314.812 -1265.426 -1257.262 -1287.052 -1328.281 -1256.959 -1189.851 -1111.748 -1157.32 -1187.932 -1153.047 -1086.109 -1109.306 -1111.076 -1045.539 -1049.368 -1046.307 -1036.671
-1008.51 -951.1995 -936.2001 -926.71 -907.134 -899.9687 -895.6266 -957.6265 -1024.354 -1092.71 -1223.209 -1308.459 -1307.37 -1235.692 -1181.311 -1157.277 -1133.082 -1131.26 -1203.831 -1241.164 -1245.748 -1278.663 -1239.26 -1219.813 -1288.04 -1205.959 -1222.594 -1232.389 -1265.765 -1325.927 -1293.777 -1281.038 -1300.661 -1328.535 -1405.661 -1345.893 -1325.913 -1407.333 -1429.806 -1462.189 -1341.009 -1339.589 -1326.582 -1309.387 -1280.084 -1271.257 -1264.158 -1255.336 -1260.058 -1198.879 -1141.378 -1152.897 -1168.019 -1108.855 -1138.676 -1070.188 -1107.034 -1112.823 -1071.607 -1067.97 -1044.952 -1051.26
-1010.444 -952.7788 -917.5439 -909.1971 -879.3383 -879.0943 -907.5623 -970.2933 -999.39 -1077.225 -1219.088 -1259.036 -1220.262 -1142.853 -1098.448 -1095.821 -1101.766 -1123.289 -1224.75 -1223.229 -1217.878 -1233.12 -1228.609 -1203.206 -1292.062 -1301.713 -1237.984 -1246.434 -1273.198 -1284.751 -1281.223 -1282.702 -1306.738 -1308.663 -1324.378 -1330.238 -1342.286 -1351.58 -1422.572 -1445.399 -1344.281 -1404.42 -1337.44 -1337.638 -1295.723 -1347.075 -1360.072 -1304.724 -1237.05 -1160.554 -1146.741 -1109.177 -1108.069 -1102.798 -1119.439 -1075.596 -1106.461 -1109.278 -1103.681 -1095.586 -1055.414 -1053.723
-1017.762 -972.1264 -902.3843 -881.7289 -862.6924 -861.8518 -910.728 -974.1849 -983.8488 -1047.739 -1164.558 -1175.638 -1117.636 -1063.843 -1046.178 -1049.434 -1079.72 -1108.897 -1226.867 -1216.393 -1209.179 -1216.048 -1223.765 -1235.592 -1275.546 -1294.247 -1256.294 -1278.306 -1323.187 -1319.947 -1298.052 -1292.115 -1345.457 -1339.078 -1326.462 -1299.542 -1327.47 -1347.199 -1429.306 -1445.694 -1428.929 -1387.442 -1366.051 -1328.055 -1338.605 -1377.129 -1383.397 -1361.683 -1324.142 -1328.929 -1267.98 -1151.841 -1106.055 -1105.765 -1102.121 -1143.097 -1111.457 -1123.754 -1111.197 -1107.79 -1076.342 -1064.651
-1013.776 -962.6741 -898.9833 -855.0813 -848.1154 -846.3161 -899.0801 -962.9578 -969.3692 -1008.853 -1062.791 -1056.18 -1002.742 -994.4412 -1006.117 -1007.976 -1070.148 -1131.024 -1223.184 -1211.194 -1197.612 -1211.252 -1214.744 -1249.336 -1260.987 -1286.603 -1298.624 -1333.843 -1371.223 -1327.966 -1283.623 -1306.675 -1385.129 -1343.299 -1344.806 -1323.493 -1325.21 -1352.474 -1345.402 -1358.319 -1441.766 -1395.836 -1358.261 -1330.837 -1316.878 -1338.491 -1360.26 -1364.153 -1319.717 -1340.293 -1340.918 -1302.05 -1197.438 -1116.206 -1088.973 -1058.324 -1154.979 -1107.103 -1101.65 -1122.356 -1096.296 -1070.892
-989.97 -912.7135 -882.3299 -837.1021 -836.2671 -846.6176 -888.3633 -947.2725 -965.3226 -964.3016 -961.1353 -940.3879 -915.4211 -966.1573 -980.3252 -982.806 -1068.197 -1133.415 -1191.276 -1196.689 -1187.659 -1208.334 -1200.395 -1243.635 -1317.307 -1296.896 -1344.877 -1380.451 -1363.946 -1288.013 -1278.472 -1341.766 -1400.291 -1351.093 -1360.904 -1361.174 -1344.482 -1355.228 -1360.031 -1358.501 -1448.29 -1428.675 -1363.43 -1383.103 -1324.652 -1304.964 -1319.625 -1376.747 -1270.761 -1253.05 -1267.934 -1291.073 -1230.971 -1127.573 -1103.214 -1076.587 -1147.204 -1147.088 -1079.363 -1127.439 -1114.464 -1079.956
-962.573 -867.6787 -836.5206 -813.1824 -827.486 -861.4359 -886.3536 -932.5146 -961.1024 -924.788 -894.7953 -869.0566 -883.0558 -958.8746 -960.329 -995.8879 -1066.674 -1109.297 -1135.354 -1151.321 -1181.656 -1208.564 -1185.07 -1238.084 -1391.908 -1323.104 -1362.466 -1355.794 -1299.802 -1274.774 -1310.745 -1359.716 -1370.323 -1354.336 -1363.941 -1364.317 -1373.294 -1372.029 -1414.868 -1381.88 -1453.245 -1447.307 -1376.217 -1396.959 -1358.28 -1306.78 -1327.398 -1405.305 -1320.35 -1263.78 -1192.982 -1212.007 -1215.385 -1138.939 -1123.629 -1117.256 -1112.919 -1096.409 -1084.759 -1124.76 -1128.565 -1090.291
-953.9574 -865.1812 -796.3297 -761.9822 -800.6544 -857.3916 -871.4371 -907.5812 -918.0007 -908.2938 -864.7437 -833.3549 -877.5264 -927.3215 -930.6862 -983.9043 -1038.874 -1090.14 -1104.107 -1094.442 -1172.076 -1211.782 -1172.219 -1262.04 -1392.568 -1350.665 -1331.569 -1278.437 -1256.608 -1321.978 -1348.339 -1330.852 -1321.18 -1329.411 -1341.559 -1335.407 -1380.893 -1384.948 -1403.917 -1358.371 -1436.25 -1446.064 -1378.407 -1387.84 -1370.794 -1313.54 -1322.883 -1395.133 -1362.79 -1322.868 -1196.538 -1167.224 -1167.026 -1108.607 -1111.041 -1132.216 -1125.094 -1055.093 -1090.762 -1112.696 -1118.784 -1098.019
-926.8439 -811.352 -750.0847 -730.909 -756.6269 -817.7679 -823.6989 -875.7833 -878.0699 -910.2927 -891.3704 -819.2155 -853.3352 -929.9682 -881.2544 -761.7742 -946.3113 -1003.786 -1120.506 -1120.586 -1164.187 -1207.041 -1152.401 -1332.448 -1367.937 -1338.317 -1271.123 -1265.438 -1311.351 -1349.582 -1333.585 -1287.053 -1307.137 -1306.987 -1306.341 -1314.905 -1352.895 -1358.551 -1365.817 -1339.801 -1395.785 -1422.824 -1372.187 -1393.754 -1348.067 -1300.824 -1271.244 -1317.874 -1300.264 -1316.315 -1218.615 -1158.928 -1129.044 -1085.064 -1097.603 -1132.238 -1138.32 -1083.822 -1111.207 -1104.678 -1113.404 -1088.867
-917.2559 -819.9839 -788.9335 -723.4877 -721.0721 -751.4336 -803.2497 -801.0687 -812.9853 -914.2572 -864.2979 -734.7692 -812.2999 -842.3196 -747.7341 -796.324 -1010.672 -1174.845 -1161.532 -1136 -1166.99 -1182.481 -1100.219 -1283.69 -1369.284 -1372.253 -1285.253 -1290.081 -1317.476 -1310.904 -1268.789 -1261.054 -1306.118 -1355.282 -1316.12 -1317.351 -1331.881 -1326.71 -1400.002 -1356.839 -1341.734 -1343.834 -1378.698 -1343.445 -1328.723 -1304.273 -1274.271 -1241.544 -1246.489 -1266.646 -1184.891 -1156.49 -1144.641 -1136.228 -1099.886 -1122.861 -1108.151 -1115.904 -1144.631 -1110.615 -1118.245 -1049.972
-898.5592 -883.4167 -848.5287 -736.4435 -717.0246 -756.8048 -778.6118 -745.0054 -787.251 -854.641 -742.0132 -683.4135 -719.0522 -573.2216 -602.2088 -857.7357 -1178.7 -1113.372 -1069.472 -1054.974 -1060.041 -1073.208 -1199.901 -1268.966 -1279.599 -1367.818 -1213.872 -1295.42 -1219.549 -1215.092 -1224.756 -1280.545 -1294.339 -1364.667 -1325.494 -1307.128 -1320.209 -1339.523 -1381.107 -1369.474 -1342.489 -1333.877 -1389.646 -1402.579 -1371.228 -1346.506 -1318.024 -1256.323 -1244.027 -1190.543 -1181.444 -1192.382 -1155.217 -1145.729 -1001.862 -1077.591 -1144.538 -1117.962 -1123.073 -1112.533 -1071.193 -999.457
