Dropbox/GRP Data/GRP mammal paper/NN_analysis/DATA/2012 input files not used in 2014 analyses/yo_h_bio_12_OLD.asc
ncols         225
nrows         140
xllcorner     -70621.9986746
yllcorner     -76881.261089429
cellsize      824.83574679378
NODATA_value  -9999
[rows 87 to 115 of 140, columns 64 to 127 of 225]
66499.34 68654.84 71066.35 74263.71 77833.27 81541.11 85338.87 88512.01 90843.34 91443.95 90793.53 89866.12 88922.05 88180.55 87376.09 85175.09 82174.84 80016.34 80163.67 82239.87 84842.17 86509.88 87454.6 88254.7 88722.42 89219.88 89560.85 89832.91 90107.24 90616.63 91331.81 92389.03 93140.1 95733.27 97225.14 99936.8 100200.1 98969.78 98044.52 97408.56 96482.25 94897.76 94166.73 93629.75 92472.41 91667.61 88996.69 87444.31 87486.29 88238.81 90641.75 90053.32 90450.12 90956.71 90789.28 89748.34 88156.47 86634.77 85852.69 85407.09 84376.95 85722.4 89264.14 93976.27
65025.76 67388.56 70110.77 72948.9 75975.22 79067.34 82519.45 85715.13 88219.13 88995.7 88772.91 87888.88 86683.13 85536.56 84520.52 82431.8 79494.48 77117 76815.38 79483.02 82374.98 84342.17 85658.2 86668.27 87535.96 88308.02 88595.34 89174.17 89533.11 90087.5 91236.06 93231.63 93940.88 96339.17 98265.15 97850.13 98524.86 99555.71 98657.71 97392.22 95842.31 94158.71 92722.63 92411.94 91299.45 90767.28 89112.8 88383.32 88379.54 89665.69 90801.29 91451.33 91538.86 92184.92 92644.85 92126.78 90793.92 90027.04 89120.71 87988.36 87817.51 89571.77 93143.08 98645.39
64019.27 66556.88 69711.36 72830.9 75834.4 78759.02 81529.66 83992.12 85733.53 85928.7 85291.81 84176.09 83103.1 82299.41 81216.31 79039.42 76033.01 73715.53 73648.04 76784.6 80600.55 83176.66 84496.67 85544.44 86696.24 87580.43 88228.99 88611.99 88913.97 89445.6 90420.4 93082.41 94544.59 96538.91 96959.68 97054.97 97814 97542.24 96818.13 95173.53 93476.98 92152.42 91202.35 90944.07 89852.88 89387.88 88683.16 88632.14 89290.8 90059.98 90164.42 91137.64 92550.86 93828.91 94750.28 94193.9 92951.19 91896.62 90832.59 89908.91 89951.72 91003.57 94711.7 100177.1
63563.38 65800.83 68848.2 72452.58 76076.92 79668.78 82372.48 83766.7 83922.48 82656.44 81053.38 79906.81 79198.38 79021.29 78228.66 75933.21 72728.51 70388.66 70922.21 74850.77 79763.8 83054.29 84354.92 85031.06 86072.75 87184.02 88718.22 88327.64 88131.24 88113.13 88784.48 90688.77 91692.2 92493.73 92545.17 93528.96 93600.38 93292.69 92676.71 91923.32 91278.95 90692.35 90291.87 90066.7 89429.07 89261.39 88717.91 88388.76 89145.67 88983.77 89746.98 91484.02 93945.41 95576.02 96515.96 95934.39 95078.85 94017.57 92803.94 91546.26 91059.3 91925.16 95242.38 99822.4
63343.02 65056.73 67465.34 71184.3 75542.73 80114.37 83341.34 84164.97 82785.43 79978.86 77072.53 75525.08 75201.05 75752.05 75551.85 73306.12 70038.38 67543.09 68755.62 73470.55 79235.02 83125.66 84558.17 84879.34 85635.32 86889.22 89018 88736.43 88000.91 86537.91 85946.66 86428.58 86825.98 87134.31 88148.09 89847.59 90138.32 89810.97 89059.6 88383.96 88115.61 87529.7 87358.59 87239.77 87080.19 87162.83 87076.38 87408.76 88132.09 88522.97 89972.72 92516.48 95447.24 97218.98 98124.1 97455.38 96630.67 95731.34 94016.08 92516.91 91300.13 92239.35 94875.05 98232.75
62724.1 64136.67 65740.54 68838.84 73464.79 78731.25 82694.45 83939.08 82175.26 78522 74177.77 71605.41 71185.15 72104.34 72419.98 70608.78 67681.59 65482.81 67077.38 72306.2 78437.63 82553.89 84167.17 84553.41 85161.59 86348.4 88437.8 88617.24 87002.81 83691.95 81162.18 80355.45 80677.66 81508.06 83654.46 86255.12 87574.55 86962.59 85431.05 83737.09 83114.35 82430.48 82354.88 82657.41 82921.44 83690.38 84885.29 86373.95 87557.1 89021.47 91069.11 93965.92 96578.17 98159.21 98708.31 98014.62 97172.06 96683.83 94987.35 93031.6 91465.65 92051.77 93967.84 96016.05
61162.54 62625.13 63554.6 65689.61 69892.74 75105.42 79612.27 82072.66 81424.38 78076.61 72825.58 68979.88 67586.3 68049.98 68422.98 67391.44 65122.74 64171.61 66015.08 71392.02 77245.74 81157.55 82894.92 83643.74 84382.22 85493.73 87217.02 87061.13 84124.65 79377.87 75364.42 73735.38 74047.25 75445.64 77956.08 81005.67 82566 82214.25 80126.72 78403.52 77997.03 77816.43 77905.86 78805.59 79792.77 81928.55 84635.53 86706.42 88334.9 90279.42 93007.46 95725.9 97579.89 98477.96 98441.81 97735.87 97284.95 97265.66 96146.08 93773.33 92094.37 91957.91 93135.08 94088.59
58876.45 60184.86 60671.31 62393.06 65718.53 69975.4 74464.62 78098.57 79194.41 77402.88 72727.45 68006.82 65223.62 64631.16 64566.45 64089.05 62525.5 63252.94 65980.6 70970.53 75917.48 79456.51 81332.68 82310.36 83312.43 84569.07 85851.57 85372.19 81761.66 76339.75 71714.46 69949.71 70045.96 71444.69 73214.31 75225.95 75929.27 75654.28 75185.78 75812.19 76533.77 76454.05 76608.22 77862.33 80049.72 83285.02 86447.16 88860.88 90234.9 92873.68 95310.8 97374 99090.67 99060.32 98860.54 97856.5 98006.8 98035.53 97212.29 95155.66 93315.48 92628.37 92907.99 93255.05
57449.73 57188.59 57560.37 59162.05 61718.17 65063.6 68887.4 72515.1 74772.84 74933.55 71985.48 67817.78 64828.03 63429.48 62651.64 61690.97 61521.45 62973.54 66500.97 70904.34 75048.32 78138.88 80024.23 81287.73 82240.79 83493.07 84186.2 83512.15 79987.47 75054.72 70878.92 69494.34 69394.91 69925.78 70163.83 71502.83 72294.21 73154.8 75078.34 78295.92 80874.02 80582.12 80122.98 82057.88 85162.68 88175.01 89318 90787.16 92972.73 96112.63 97183.86 98108.84 100567.9 100079.7 99827.95 98502.66 99074.05 99089.47 98965.59 96804.61 95445.53 94279.21 93555.39 93581.24
58312.88 56325.61 55395.32 56261.74 58649.5 61535.52 64710.08 67320.59 69558 70355.94 69218 66942.21 64640.6 63240.37 61981.82 60734.54 60722.3 62866.09 66707.14 70693.66 74027.92 76880.24 79210.23 80880.8 81978.6 82283.95 82115.78 80664.45 77509.61 73592.81 71175.19 71730.79 72461.7 71198.67 70193.77 70846.12 71376.84 72804.81 76057.58 81216.38 84854.58 86653.5 87144.22 88565.27 90262.73 89959.52 91832.16 93581.38 95878.87 98153.51 98859.71 99392.39 101955.6 101481.8 100950.4 99560.91 98757.94 99729.26 100349.1 98477.06 97238.43 96149.88 95431.23 95260.11
61965.65 58407.71 55658.38 54980.64 56704.47 59290.29 61960.16 63817.16 65171.33 65793.08 65649.66 64673.43 63642.19 62827.13 61872.96 60378.43 60026.88 62221.83 65771.71 69162.48 72127.95 75228.06 78235.49 80373.55 81353.37 80698.73 78429.59 75780.64 72813.61 70317.38 70368.61 72567.09 75045.05 75172.1 73461.66 71959.63 71213.22 71855.4 75193.6 81376.64 87427.16 90657.8 91015.34 89638.35 92999.55 92295.03 93704.9 94722.15 96355.44 98929.46 99730.23 99584.4 102160.3 102119.4 101471.6 100570.8 99588.05 100823.2 100774.4 99506.62 98724.98 97917.76 97291.48 97001.57
65339.78 62271.42 58224.77 55946.09 55955.23 57580.15 59732.84 60952.58 61558.43 61954.43 62043.27 62258.58 62207.26 61839.3 61007.93 59709.97 59496.84 61357.82 64438.12 66572.05 69231.28 72727.97 76539.75 79258.52 79964.95 78036.03 74748.51 72124.96 70346.63 70481.48 72723.78 76549.98 79627.34 80806.65 79449.39 76770.12 74562.23 73059.28 74445.91 80132.14 86692.93 91047.62 91007.41 92414.77 92891.15 93053.41 93682.26 94138.46 95172.55 98863.2 99105.84 99576.85 99773.36 100894 102192.1 101650.4 101168.3 100915.4 100899.5 100732.6 99546.24 98989.6 98779.48 98203.85
68229.51 66211.16 61931.77 58534.26 56655.9 56605.51 57804.6 58597.6 58828.32 58868.55 59259.95 59785.67 60482.45 60522.9 60016.58 59110.26 58742.55 60060.58 62361.68 63796.27 66070.48 69782.59 74165.97 77125.21 77428.6 75092.82 72055.41 70419.82 70922.38 73307.08 77192.8 81267.13 84397.41 85850.73 84626.41 82716.23 79938.09 76473.22 74950.9 77766.53 82830.91 87973.34 90316.8 91966.61 91305.88 91653.74 91984.03 92244.05 92866.28 96329.57 97193.52 98201.34 98981.48 100260.6 101585.4 102340.3 102490.5 101615.7 101936.6 101405 99584.48 99602.46 99829.41 99594.84
69438.89 68909.06 65874.86 62103.2 58766.35 56759.92 56381.54 56526.72 56615.2 56751.13 57269.25 58093.61 58949.82 59236.97 59081.12 58774.58 58798.92 60057.45 61139.38 62197.02 63892.77 67123.52 71211.95 73504.09 73794.88 72043.25 70239.3 70736.52 73634.83 77533.61 81807.95 85004.41 87828.33 89418.8 89148.54 87891.2 85024.98 81099.34 77603.88 76462.77 78420.29 82623.74 86596.9 88596.45 89140.55 89858.39 90159.96 90265.96 90941.95 93081.72 94122.23 95410.51 97365.86 99539.79 101567.8 103182.8 102789.7 102483 102498.5 101925.2 100220.2 100471.6 101200.8 101626.6
68699.55 69770.3 68845.59 65841.04 61999.73 58367.07 56128.53 55212.35 55013.04 55315.87 55912.2 56988.52 57979.59 58331.93 58479.71 58876.55 60314.88 62346.02 62784.3 62842.16 63311.11 65029.91 67565.04 69003.32 69597.72 68864.48 68881.07 72127.45 76932.27 81811.08 85495.65 87600.65 89646.93 91553.41 92521.4 91859.2 89361.4 85807.59 81849.84 78017.77 76404.9 77805.53 81225.31 84333.31 86466.77 88061.62 88554.27 88935.66 89663.13 90804.73 91305.2 92452.23 94672.41 98126.92 101809.4 103906.6 103327.3 103093.3 103197.8 102547.3 101275.7 101652.6 103112.2 104409.5
66665.33 68879.76 69837.27 68673.45 65525.12 61199.75 57617.69 55732.47 55087.3 55040.52 55797.7 56409.1 57578.88 57870.86 58362.73 59485.5 62549.73 65916.06 66996.92 65637.46 64247.39 63645.98 63922.39 65096.6 65719.27 65994.54 67794.47 73055.78 79419.53 84944.42 88118.58 89572.13 90655.19 92692.3 93914.92 94643.84 93270.45 90152.16 86436.82 82030.74 77960.22 76472.77 78889.72 81911.91 85055.98 87105.2 87901.12 88670.7 89067.61 90069.28 90166.05 90755.95 92742.73 96578.05 101136.6 103923.2 104631.3 103613.1 104353 103400.5 102627.1 103351 105289.3 107003.7
63761.08 66683.8 68905.14 69633.39 68007.63 64355.55 60677.16 58602.15 57958.48 57962.1 58321.63 58490.77 58246.74 57840.23 58353.48 60236.55 64030.79 68575.88 70256.13 68914.45 66565.08 63776.2 62492.48 63049.48 63451.11 64458.73 67160.16 72873.48 80474.91 86584.8 89674.23 91134.8 91891.16 93498.8 95018.29 96023.41 95785.24 94105 90786.51 86418.94 81712.6 79041.61 80698.84 84253.01 88047.04 89506.91 90010.84 90124.52 90345.23 91091.85 90729.93 90767.31 92024.88 95614.7 100104.1 103447.2 105451.7 104336.3 104859.5 104815 105053.4 105844 107233.3 108032.6
60745.88 63532.34 66638.65 68740.51 69068.11 67344.33 64596.46 62438.13 62058.91 63201.73 63972.01 64480.48 63520.24 59995.08 59544.66 60622.77 63866.49 67617.13 69949.13 70069.15 69599.57 66280.93 64166.9 64233.96 65219.68 65347.46 67842.76 73221.9 80823.59 87197.51 90205.33 91859.15 93180.46 94488.66 95871.62 97309.13 97031.74 95726.95 93880 90527.81 85339.18 81972.55 83357.51 87615.56 91316.82 92051.83 91784.52 93264.2 93755.37 93875.89 92723.34 91724.05 92384.25 95052.92 98912.51 103267.6 106142.9 105208.8 105860 106984.8 107768.4 107905.3 108255.6 107627.1
59068.75 61372.03 64486.34 67407.63 69351.55 69485.79 67872.81 66335.67 66363.77 67513.79 69642.36 71136.63 71068.92 66110.91 62246.89 61476.01 62748.45 64884.63 67438.23 68690.2 68792.24 67634.39 67435.55 68426.18 68475.34 69223.85 69837.84 73948.95 80685.58 86663.12 90249.14 92173.24 93794.78 95496.62 97163.75 98408.32 98627.64 98114.2 95947.59 92825.59 88686.38 84353.48 85206.43 89538.18 92456.98 94430.02 95692.84 96261.05 97281.88 97282.88 95442.35 93446.63 92914 94592.93 98031.5 102025.5 103141.3 104617.3 106593.4 107759.6 107681.9 108309.2 108824.8 107639.3
58646.84 60937.96 63892.71 67136.62 69820.12 71066.26 70076.44 68650.8 68361.24 69755.53 72429.1 75254.75 77237.07 74181.8 69437.08 65416.86 64347.36 65347.82 66689.2 68418.08 69726.64 70726.51 71767.6 73086.22 73259.9 73460.41 73561.3 75678.73 80173.12 85168.02 88982 91197.09 93714.3 95041.55 96551.94 97487.27 97894.97 98350.7 96358.06 93984.16 90447.12 86720.99 86461.17 90788.66 93486.53 96218.15 98610.8 100678.8 101575.9 100105.5 97548.77 95233.45 93979.4 94721.7 97538.17 101335 103593.8 105736.8 107826.6 109668.4 109202.1 109329.2 110114.3 109147.1
58499.29 60778.04 63621.56 67204.77 70385.38 72187.91 71838.69 70450.5 69279.57 69904.02 72451.65 77650.52 81593.21 81145.04 77571.84 72360.9 69991.09 69913.01 70422.96 71373.18 72496.85 73905.34 75167.09 76570.46 77573.05 77791.64 77547.58 77939.51 80127.7 83560.91 86925.64 89737.51 92544.23 94525.75 96236.45 97203.66 97234.53 97040.42 95576.98 94348.77 92123.09 89386.77 88966.84 91853.65 94308.84 97490.3 101032.8 104079.7 105344.4 102655.6 99584.38 96693.7 94841.77 95031.13 97065.65 100592.6 103424.1 103412.4 104844.2 107726 109213.6 109432.6 108420.7 107964.7
58026.77 60130.77 63065.11 66700.36 70141.76 72850.38 73470.16 72049.66 69826.79 69085.68 71210.56 77506.38 83012.84 85406.04 84468.75 81314.61 78144.06 77228.76 77092.97 76948.26 76972.91 77921.51 79439.89 80483.65 81518.36 81864.95 81687.79 81090.11 81449.99 83064.98 85672.37 88772.44 91777.78 94110.62 95873.03 96695.13 96791.98 96211.79 95409.61 94705.2 93527.88 91988.27 91635.23 92392.31 94542.14 97818.28 101950.2 105418.7 106516.1 105035.3 101656.7 98127.97 95922.77 95364.05 96488.55 99166.4 101598.7 102761.2 104107.1 105618.8 106496.4 106529.7 107173.3 107538.7
56624.94 58647.55 61696.44 65281.75 69195.23 72622.77 73930.02 72826.2 70251.92 68335.44 69437.05 75024.51 81340.8 86434.32 88712.61 88612.47 86610.32 85538.76 84874.38 83965 82989.3 83319.84 84614.88 85319.95 85935.9 86288.51 86125.95 84929.63 83839.05 83665.66 85055.46 87766.43 90724.45 93172.17 95086.69 96008.8 96194.25 95871.91 95614.38 95101.47 94487.74 93773.84 93467.28 93289.62 94842.54 97248.36 101123.8 105042.8 106251.1 106802.5 103852.2 99868.38 97258.78 95771.94 95824.18 97238.59 98673.34 100127.6 100831.4 101550.8 102962.6 104766.8 106289.6 106435.8
54605.14 56795.43 59874.36 63436.63 67603.73 71078.42 72607.07 72224.92 70177.43 67812.48 67800.36 71598.66 77604.45 84498.11 89533.34 91834.38 92546.1 92206.39 91467.25 90356.2 88686.34 88268.8 88706.57 89277.8 89554.96 89864.15 89549.62 88119.26 86033.85 84847.52 84943.95 86833.27 89428.74 91882.59 93949.17 95432.92 95733.24 95644.84 95632.02 95427.57 95217.45 94932.35 94794.38 94833.35 95484.36 96691.09 99589.81 103747.5 106279 107715.9 106198.6 102254.6 98793.86 96283 95146.55 95144.86 95551.55 95838.87 95833.95 96639.17 99006.3 102654 104850.4 105538.1
52858.54 55183.32 58155.89 61633.83 65335.77 68503.16 70159.91 70315.97 69241.96 67212.94 66811.38 68764.93 73367.46 80525.95 87119.49 91344.87 93910.59 94887.56 94677.22 93820.41 91591.22 90342.77 90138.13 90403.23 90343.54 90534.68 90344.98 89240.63 87080.07 86087.88 85702.93 86826.38 88899.03 90865.16 92885.93 94797.46 95780.77 95658.44 95567.73 95681.75 95872.93 96082.72 96802.97 96497.46 96463.91 97083.15 98786.97 102345.9 106534.4 108234.4 108082.2 104848.1 100558.5 97136.59 95032.82 93815.74 93477.39 93410.55 93396.13 93798.53 95499.73 98921.23 102847.7 105608.4
51648.87 53618.95 56136.63 59471.28 63031.99 65898.84 67520.3 67643.75 67861.42 66616.91 65917 67065.8 69851.53 75865.1 82729.03 87992.66 91584.3 93745.18 94226.45 93610.38 91617.7 90146.92 89673.07 89480.99 89474.38 89379.27 89388.96 88549.92 87369.19 86693.09 86593.76 87195.03 88266.73 89661.55 92172.79 93938.41 95433.38 95623.12 95408.77 95674.07 96079.46 96848.73 99665.36 98203.92 98333.34 98319.79 99242.58 101679.7 105749.2 108951.3 108505.5 106368.9 102539.8 98896.31 96429.48 94597.45 93661.21 93279.59 93131.4 93357.45 94942.01 97942.21 101879.8 105407
50109.55 51228.15 52881.66 55062.72 57314.7 59555.31 61418.36 62943.82 63815.01 64057.44 64010.05 64747.92 65966.57 68350.18 72219.21 76230.84 79487.78 81828.62 83469.34 83869.04 83786.09 83502.73 83548.83 83921.09 84044.52 84242.52 84848.13 85758.65 86481.93 86824.27 86833.77 86765.88 86191.48 86346.17 87216.45 89223.64 90832.63 92003.75 92665.16 93510.04 95174.37 96398.95 97956.16 99737.4 100927.3 101387 101760 103414.5 105904.6 107799.1 107835.4 107178.5 105326.2 103277 101671.6 99640.77 97771.23 96807.05 96499.53 96447.24 98679.53 102974.8 106515.6 107766
49523.06 50215.72 51531.01 53096.66 54795.05 56400.47 58183.21 60013.89 61168.89 61877.73 62383.28 63538.63 65028.47 66985.73 69646.79 72507.45 74876.45 76405.76 77486.51 78383.84 79351.31 79876.07 80262.45 80409.34 80440.46 80871.82 82177.85 83893.69 85671.94 86618.87 86536.06 85786.34 84662.97 83854.86 83980.09 85198.95 86887.9 88384.09 89733.84 91150.55 93237.44 95029.67 96853.95 97978.34 99882.12 101238.3 102421.7 103816.8 105260.9 106668.9 106452.7 105919.9 105482.6 104805.3 103376.9 102150.1 100702.8 99416.25 98782.23 99005.2 101116.4 104721.4 107753.4 108973.9
48872.08 49351.1 50127.77 51166.67 52333.87 53615.8 55277.05 56909.83 58247.33 59410.32 60385.72 62130.26 64271.61 66517.52 68797.41 70971.85 72594.28 73257.44 73726.72 74575.14 76057.33 77170.41 77843.02 77851.42 77629.31 77814.16 79324.55 81813.31 84322.19 85624.38 85373.66 84085.74 82467.59 81272.98 81029.04 81503.98 82941.96 84940.47 87067.77 89168.98 91187.43 93137.48 95333 96630.2 98500.16 99943.04 101467 102403.1 103109.4 103202.6 102490.5 102595.7 104209.6 105401.6 105201 104813.1 103666.1 102150.2 101104.4 100839.1 102176 105353.5 107770.4 109453.8
