Dropbox/GRP Data/GRP mammal paper/NN_analysis/DATA/2012 input files not used in 2014 analyses/yo_h_bio_6_OLD.asc
ncols         226
nrows         141
xllcorner     -70621.9986746
yllcorner     -77191.4869234
cellsize      821.1860311
NODATA_value  -9999
[rows 0 to 26 of 141, columns 124 to 185 of 226]
-9999 -9999 -9999 -9999 -9999 -9999 -9999 -9999 -9999 -9999 -9999 -9999 -9999 -9999 -9999 -9999 -9999 -9999 -9999 -9999 -9999 -9999 -9999 -9999 -9999 -9999 -9999 -9999 -9999 -9999 -9999 -9999 -9999 -9999 -9999 -9999 -9999 -9999 -9999 -9999 -9999 -9999 -9999 -9999 -9999 -9999 -9999 -9999 -9999 -9999 -9999 -9999 -9999 -9999 -9999 -9999 -9999 -9999 -9999 -9999 -9999 -9999
-1416.208 -1382.251 -1300.189 -1237.681 -1191.403 -1164.739 -1125.014 -1067.322 -1039.297 -1043.668 -9999 -9999 -9999 -9999 -9999 -9999 -9999 -9999 -9999 -9999 -9999 -9999 -9999 -9999 -9999 -9999 -9999 -9999 -9999 -9999 -9999 -9999 -9999 -9999 -9999 -9999 -9999 -9999 -9999 -9999 -9999 -9999 -9999 -9999 -9999 -9999 -9999 -9999 -9999 -9999 -9999 -9999 -9999 -9999 -9999 -9999 -9999 -9999 -9999 -9999 -9999 -9999
-1344.182 -1332.185 -1298.172 -1262.307 -1232.123 -1181.327 -1128.311 -1065.79 -1021.376 -1065.077 -1108.262 -1154.856 -1141.508 -1111.484 -9999 -9999 -9999 -9999 -9999 -9999 -9999 -9999 -9999 -9999 -9999 -9999 -9999 -9999 -9999 -9999 -9999 -9999 -9999 -9999 -9999 -9999 -9999 -9999 -9999 -9999 -9999 -9999 -9999 -9999 -9999 -9999 -9999 -9999 -9999 -9999 -9999 -9999 -9999 -9999 -9999 -9999 -9999 -9999 -9999 -9999 -9999 -9999
-1283.962 -1250.538 -1245.418 -1225.667 -1207.102 -1151.629 -1100.349 -1053.102 -1047.268 -1091.665 -1102.877 -1162.236 -1114.448 -1084.811 -1085.442 -1092.928 -9999 -9999 -9999 -9999 -9999 -9999 -9999 -9999 -9999 -9999 -9999 -9999 -9999 -9999 -9999 -9999 -9999 -9999 -9999 -9999 -9999 -9999 -9999 -9999 -9999 -9999 -9999 -9999 -9999 -9999 -9999 -9999 -9999 -9999 -9999 -9999 -9999 -9999 -9999 -9999 -9999 -9999 -9999 -9999 -9999 -9999
-1267.385 -1190.359 -1156.211 -1147.929 -1144.154 -1119.378 -1089.771 -1047.725 -1067.086 -1110.75 -1114.888 -1143.521 -1109.023 -1097.643 -1057.74 -1083.188 -1083.856 -1087.121 -1110.906 -9999 -9999 -9999 -9999 -9999 -9999 -9999 -9999 -9999 -9999 -9999 -9999 -9999 -9999 -9999 -9999 -9999 -9999 -9999 -9999 -9999 -9999 -9999 -9999 -9999 -9999 -9999 -9999 -9999 -9999 -9999 -9999 -9999 -9999 -9999 -9999 -9999 -9999 -9999 -9999 -9999 -9999 -9999
-1289.978 -1192.556 -1102.807 -1089.571 -1097.349 -1095.314 -1079.892 -1048.179 -1078.604 -1117.564 -1131.25 -1123.059 -1108.951 -1105.093 -1041.881 -1062.381 -1064.611 -1060.649 -1103.509 -1114.687 -1092.702 -9999 -9999 -9999 -9999 -9999 -9999 -9999 -9999 -9999 -9999 -9999 -9999 -9999 -9999 -9999 -9999 -9999 -9999 -9999 -9999 -9999 -9999 -9999 -9999 -9999 -9999 -9999 -9999 -9999 -9999 -9999 -9999 -9999 -9999 -9999 -9999 -9999 -9999 -9999 -9999 -9999
-1343.449 -1243.706 -1110.306 -1054.501 -1045.044 -1047.09 -1033.342 -1033.92 -1107.353 -1123.825 -1132.258 -1117.675 -1115.354 -1077.374 -1075.725 -1071.891 -1072.278 -1033.852 -1084.071 -1107.963 -1090.532 -1086.164 -1063.884 -1048.606 -9999 -9999 -9999 -9999 -9999 -9999 -9999 -9999 -9999 -9999 -9999 -9999 -9999 -9999 -9999 -9999 -9999 -9999 -9999 -9999 -9999 -9999 -9999 -9999 -9999 -9999 -9999 -9999 -9999 -9999 -9999 -9999 -9999 -9999 -9999 -9999 -9999 -9999
-1337.176 -1219.515 -1108.383 -1076.483 -1040.268 -1006.866 -996.9419 -1015.322 -1092.647 -1128.054 -1138.007 -1141.524 -1128.148 -1040.755 -1115.427 -1188.044 -1092.772 -1042.594 -1103.127 -1115.888 -1117.521 -1079.538 -1003.406 -1018.207 -1023.514 -1021.129 -1016.567 -9999 -9999 -9999 -9999 -9999 -9999 -9999 -9999 -9999 -9999 -9999 -9999 -9999 -9999 -9999 -9999 -9999 -9999 -9999 -9999 -9999 -9999 -9999 -9999 -9999 -9999 -9999 -9999 -9999 -9999 -9999 -9999 -9999 -9999 -9999
-1317.793 -1246.992 -1211.175 -1168.698 -1037.767 -1024.738 -1057.604 -1066.824 -1079.655 -1120.793 -1142.76 -1143.373 -1156.545 -1118.169 -1160.405 -1182.022 -1092.733 -1060.478 -1092.087 -1109.574 -1131.875 -1070.203 -1046.15 -1053.195 -1045.763 -1031.498 -1046.308 -1058.549 -1062.728 -9999 -9999 -9999 -9999 -9999 -9999 -9999 -9999 -9999 -9999 -9999 -9999 -9999 -9999 -9999 -9999 -9999 -9999 -9999 -9999 -9999 -9999 -9999 -9999 -9999 -9999 -9999 -9999 -9999 -9999 -9999 -9999 -9999
-1338.142 -1261.812 -1193.458 -1090.295 -1040.265 -1108.4 -1178.626 -1186.442 -1090.226 -1099.863 -1150.11 -1165.578 -1053.506 -1107.462 -1212.4 -1202.357 -1131.614 -1103.828 -1094.133 -1039.247 -1124.71 -1106.726 -1047.818 -1070.583 -1089.999 -1062.998 -1052.798 -1057.782 -1037.265 -1052.829 -1070.648 -1040.537 -9999 -9999 -9999 -9999 -9999 -9999 -9999 -9999 -9999 -9999 -9999 -9999 -9999 -9999 -9999 -9999 -9999 -9999 -9999 -9999 -9999 -9999 -9999 -9999 -9999 -9999 -9999 -9999 -9999 -9999
-1311.609 -1214.927 -1129.494 -1069.713 -1066.116 -1221.48 -1232.008 -1156.071 -1068.712 -1109.781 -1157.264 -1162.078 -1055.109 -1201.736 -1230.712 -1196.42 -1133.514 -1102.528 -1087.28 -1026.654 -1035.174 -1033.391 -1037.33 -1076.597 -1098.366 -1087.42 -1147.835 -1137.658 -1041.302 -1079.605 -1075.67 -1056.674 -998.9575 -1044.792 -9999 -9999 -9999 -9999 -9999 -9999 -9999 -9999 -9999 -9999 -9999 -9999 -9999 -9999 -9999 -9999 -9999 -9999 -9999 -9999 -9999 -9999 -9999 -9999 -9999 -9999 -9999 -9999
-1311.948 -1243.553 -1138.716 -1092.387 -1181.577 -1253.087 -1189.573 -1139.148 -1077.361 -1108.137 -1169.951 -1163.641 -1084.185 -1138.501 -1247.206 -1253.661 -1219.193 -1210.415 -1121.29 -1047.609 -1040.34 -1045.632 -1059.178 -1084.308 -1092.854 -1125.704 -1199.583 -1158.258 -1109.234 -1111.472 -1078.239 -1051.745 -1008.819 -993.3546 -1056.309 -1087.725 -1114.037 -9999 -9999 -9999 -9999 -9999 -9999 -9999 -9999 -9999 -9999 -9999 -9999 -9999 -9999 -9999 -9999 -9999 -9999 -9999 -9999 -9999 -9999 -9999 -9999 -9999
-1262.533 -1285.416 -1195.616 -1185.959 -1263.197 -1252.611 -1202.174 -1163.32 -1086.66 -1110.466 -1183.074 -1171.609 -1102.657 -1106.254 -1258.805 -1285.756 -1280.688 -1280.285 -1170.742 -1067.399 -1062.277 -1084.59 -1087.75 -1090.528 -1115.171 -1178.098 -1224.119 -1203.634 -1185.014 -1130.446 -1065.679 -1035.851 -988.5494 -971.2495 -1032.908 -1072.593 -1106.361 -1221.4 -1261.197 -9999 -9999 -9999 -9999 -9999 -9999 -9999 -9999 -9999 -9999 -9999 -9999 -9999 -9999 -9999 -9999 -9999 -9999 -9999 -9999 -9999 -9999 -9999
-1186.701 -1270.968 -1253.351 -1268.211 -1236.404 -1210.304 -1203.536 -1133.19 -1086.864 -1132.084 -1179.321 -1188.737 -1095.419 -1101.025 -1262.258 -1283.116 -1273.549 -1240.508 -1171.365 -1095.33 -1068.441 -1086.669 -1100.143 -1098.393 -1164.768 -1228.471 -1236.758 -1227.114 -1209.674 -1128.228 -1057.781 -1030.889 -981.6303 -961.6504 -1021.171 -1067.763 -1131.373 -1241.512 -1267.09 -1278.253 -1288.99 -1295.99 -9999 -9999 -9999 -9999 -9999 -9999 -9999 -9999 -9999 -9999 -9999 -9999 -9999 -9999 -9999 -9999 -9999 -9999 -9999 -9999
-1163.189 -1223.687 -1277.005 -1236.907 -1155.947 -1141.668 -1143.103 -1085.181 -1100.631 -1154.311 -1169.304 -1205.32 -1081.672 -1115.671 -1277.794 -1258.842 -1197.221 -1161.023 -1126.228 -1144.037 -1127.809 -1079.36 -1100.528 -1133.308 -1208.056 -1227.364 -1197.715 -1183.96 -1199.491 -1117.8 -1057.052 -1021.018 -980.5876 -961.1348 -1022.356 -1085.235 -1186.5 -1258.863 -1270.052 -1281.216 -1291.964 -1299.54 -1304.368 -1309.267 -9999 -9999 -9999 -9999 -9999 -9999 -9999 -9999 -9999 -9999 -9999 -9999 -9999 -9999 -9999 -9999 -9999 -9999
-1174.059 -1202.675 -1240.469 -1130.125 -1141.577 -1119.038 -1113.702 -1140.087 -1140.855 -1157.302 -1183.507 -1177.719 -1080.912 -1169.736 -1293.112 -1213.453 -1122.563 -1167.41 -1149.74 -1230.226 -1245.325 -1095.22 -1112.531 -1186.304 -1207.041 -1168.334 -1129.565 -1116.151 -1154.2 -1094.399 -1051.915 -1033.11 -1021.025 -1022.202 -1058.834 -1123.057 -1230.486 -1257.715 -1268.734 -1278.637 -1287.387 -1297.65 -1303.964 -1313.494 -1314.394 -1294.92 -1209.833 -9999 -9999 -9999 -9999 -9999 -9999 -9999 -9999 -9999 -9999 -9999 -9999 -9999 -9999 -9999
-1097.926 -1171.529 -1158.473 -1159.704 -1230.578 -1136.333 -1135.202 -1180.544 -1170.789 -1179.92 -1220.063 -1076.764 -1078.884 -1172.563 -1242.628 -1171.599 -1165.182 -1289.436 -1329.842 -1355.657 -1285.651 -1097.744 -1161.469 -1208.895 -1162.4 -1113.528 -1122.513 -1110.815 -1091.92 -1077.167 -1062.787 -1097.535 -1117.755 -1133.451 -1125.459 -1164.757 -1234.964 -1251.697 -1262.618 -1272.579 -1277.643 -1289.799 -1299.868 -1310.397 -1315.022 -1267.861 -1177.796 -1094.362 -1112.684 -9999 -9999 -9999 -9999 -9999 -9999 -9999 -9999 -9999 -9999 -9999 -9999 -9999
-1184.105 -1265.901 -1314.757 -1314.069 -1250.26 -1136.938 -1144.222 -1185.262 -1205.064 -1227.157 -1250.253 -1145.605 -1127.466 -1212.633 -1256.742 -1227.179 -1178.155 -1331.445 -1400.787 -1392.425 -1252.071 -1109.461 -1252.804 -1227.79 -1143.639 -1107.619 -1141.564 -1157.152 -1164.515 -1158.212 -1141.126 -1120.263 -1117.281 -1127.212 -1146.288 -1197.158 -1232.093 -1235.041 -1248.667 -1264.257 -1269.804 -1285.546 -1294.52 -1301.787 -1311.703 -1247.423 -1148.184 -1099.826 -1125.983 -1167.596 -1177.384 -1191.665 -9999 -9999 -9999 -9999 -9999 -9999 -9999 -9999 -9999 -9999
-1290.276 -1314.454 -1275.887 -1188.559 -1184.312 -1129.419 -1145.772 -1197.378 -1212.042 -1242.727 -1188.651 -1128.671 -1134.167 -1318.014 -1323.591 -1253.899 -1161.435 -1305.839 -1402.4 -1364.342 -1195.773 -1193.459 -1279.751 -1144.923 -1166.975 -1203.346 -1180.417 -1160.081 -1054.255 -1042.511 -1027.401 -1003.094 -985.4673 -1073.051 -1163.549 -1207.595 -1222.764 -1226.844 -1248.313 -1263.678 -1269.387 -1280.594 -1292.082 -1295.232 -1294.904 -1256.585 -1166.398 -1119.661 -1132.913 -1165.171 -1186.036 -1210.774 -1220.35 -1234.634 -9999 -9999 -9999 -9999 -9999 -9999 -9999 -9999
-1274.759 -1253.778 -1204.094 -1177.817 -1179.4 -1120.946 -1144.173 -1191.243 -1230.404 -1263.207 -1190.298 -1142.102 -1120.653 -1333.126 -1358.154 -1280.18 -1152.968 -1290.174 -1390.286 -1272.302 -1211.264 -1328.483 -1294.597 -1147.877 -1197.942 -1202.185 -1143.014 -1136.059 -1124.843 -1118.645 -1052.663 -1070.354 -1018.521 -1062.72 -1159.672 -1183.344 -1177.895 -1227.871 -1240.989 -1256.333 -1261.627 -1272.634 -1283.475 -1286.604 -1286.596 -1250.01 -1164.509 -1112.659 -1134.201 -1166.023 -1203.353 -1227.529 -1242.981 -1262.218 -1291.856 -1308.486 -1262.426 -9999 -9999 -9999 -9999 -9999
-1218.348 -1199.443 -1170.239 -1160.303 -1205.929 -1132.176 -1150.762 -1172.525 -1222.227 -1278.942 -1241.403 -1170.955 -1160.16 -1231.386 -1342.103 -1304.667 -1180.973 -1271.217 -1343.566 -1271.175 -1328.592 -1336.374 -1179.121 -1157.226 -1229.636 -1187.798 -1136.948 -1165.944 -1143.541 -1143.79 -1094.206 -1128.464 -1055.318 -1056.232 -1140.707 -1149.833 -1198.388 -1228.847 -1239.235 -1248.61 -1253.556 -1264.176 -1268.926 -1269.741 -1193.904 -1206.292 -1119.58 -1130.256 -1183.377 -1204.83 -1223.453 -1235.057 -1243.415 -1289.701 -1289.286 -1304.118 -1328.915 -1290.602 -1274.448 -1246.902 -9999 -9999
-1184.682 -1165.565 -1176.367 -1179.989 -1229.326 -1188.323 -1158.565 -1160.019 -1220.809 -1293.3 -1284.727 -1179.775 -1180.665 -1179.709 -1319.878 -1340.687 -1220.477 -1292.34 -1340.51 -1321.773 -1280.301 -1226.885 -1150.431 -1194.313 -1218.987 -1159.185 -1193.085 -1215.413 -1156.046 -1157.801 -1141.283 -1131.81 -1073.747 -1085.512 -1128.778 -1145.473 -1199.271 -1228.592 -1233.283 -1241.261 -1245.625 -1252.223 -1252.695 -1252.546 -1215.361 -1145.689 -1103.636 -1135.755 -1195.599 -1212.68 -1220.51 -1230.393 -1259.956 -1272.397 -1282.096 -1286.113 -1300.448 -1318.164 -1324.497 -1332.029 -1313.264 -1319.993
-1172.228 -1157.082 -1186.202 -1204.041 -1217.304 -1219.393 -1171.859 -1167.174 -1205.889 -1288.142 -1317.604 -1246.621 -1218.813 -1189.065 -1298.756 -1379.72 -1303.199 -1332.719 -1321.203 -1296.762 -1201.528 -1209.071 -1187.292 -1208.026 -1186.224 -1195.885 -1256.656 -1246.68 -1165.647 -1161.68 -1192.386 -1123.219 -1085.638 -1115.827 -1135.42 -1135.288 -1195.145 -1194.562 -1226.437 -1236.965 -1232.692 -1231.196 -1229.664 -1224.528 -1204.183 -1133.759 -1108.705 -1123.382 -1168.483 -1205.795 -1217.697 -1222.655 -1239.896 -1260.769 -1270.166 -1276.768 -1289.826 -1310.618 -1328.773 -1347.352 -1360.991 -1377.978
-1185.377 -1190.857 -1192.711 -1192.323 -1192.196 -1197.93 -1187.997 -1189.422 -1188.642 -1264.395 -1336.091 -1340.808 -1294.545 -1209.652 -1267.75 -1356.609 -1382.802 -1371.644 -1292.172 -1218.649 -1220.096 -1265.297 -1201.843 -1197.479 -1226.543 -1300.518 -1300.691 -1250.186 -1169.995 -1191.427 -1229.036 -1116.295 -1082.331 -1129.955 -1145.292 -1121.687 -1164.249 -1137.751 -1172.308 -1175.847 -1183.759 -1182.773 -1202.379 -1176.712 -1164.496 -1132.972 -1106.211 -1111.028 -1138.13 -1177.759 -1200.461 -1211.193 -1221.139 -1257.039 -1262.622 -1272.671 -1289.159 -1306.938 -1319.642 -1339.781 -1365.76 -1375.548
-1255.013 -1246.61 -1225.803 -1193.611 -1202.861 -1202.906 -1203.952 -1218.698 -1225.269 -1251.21 -1302.106 -1341.204 -1349.677 -1242.541 -1241.777 -1253.318 -1345.443 -1357.787 -1296.13 -1221.306 -1250.663 -1232.478 -1190.478 -1251.236 -1354.943 -1392.55 -1321.897 -1248.611 -1194.297 -1251.457 -1242.588 -1109.589 -1075.991 -1139.629 -1136.498 -1079.427 -1110.168 -1107.077 -1107.718 -1093.017 -1122.845 -1122.62 -1155.219 -1136.812 -1136.674 -1124.967 -1099.689 -1103.487 -1118.131 -1142.45 -1171.71 -1197.685 -1216.621 -1252.832 -1254.699 -1267.044 -1284.541 -1302.458 -1313.312 -1334.647 -1356.539 -1359.381
-1283.966 -1231.894 -1253.965 -1196.723 -1181.573 -1223.787 -1261.286 -1270.925 -1268.447 -1238.55 -1226.619 -1340.374 -1368.805 -1288.113 -1255.751 -1207.988 -1203.084 -1211.057 -1256.359 -1296.932 -1194.506 -1173.596 -1228.966 -1416.92 -1429.436 -1400.173 -1319.644 -1270.658 -1257.699 -1262.366 -1225.836 -1112.032 -1098.028 -1155.619 -1110.865 -1018.804 -1070.978 -1115.997 -1094.392 -1048.202 -1084.79 -1091.051 -1108.177 -1122.372 -1125.89 -1120.813 -1101.629 -1100.962 -1110.881 -1125.888 -1149.026 -1185.029 -1207.814 -1238.863 -1237.611 -1249.745 -1276.863 -1293.254 -1307.516 -1330.089 -1346.565 -1356.404
-1214.791 -1214.836 -1213.49 -1249.235 -1263.612 -1219.547 -1272.156 -1261.651 -1260.643 -1249.501 -1297.286 -1353.959 -1269.048 -1243.022 -1233.483 -1222.545 -1192.371 -1262.532 -1272.495 -1185.577 -1299.57 -1325.238 -1359.722 -1442.474 -1387.224 -1340.889 -1317.498 -1309.379 -1281.104 -1164.881 -1134.42 -1122.795 -1124.996 -1155.361 -1098.151 -1072.426 -1064.286 -1104.336 -1086.776 -990.5165 -1046.015 -1096.802 -1118.867 -1114.883 -1112.499 -1119.544 -1106.669 -1106.199 -1117.747 -1134.919 -1147.452 -1177.325 -1188.598 -1215.397 -1215.36 -1232.052 -1267.918 -1283.308 -1293.384 -1309.09 -1319.555 -1332.45
