Dropbox/GRP Data/GRP mammal paper/NN_analysis/DATA/2012 input files not used in 2014 analyses/yo_h_bio_5_OLD.asc
ncols         226
nrows         141
xllcorner     -70621.9986746
yllcorner     -77191.4869234
cellsize      821.1860311
NODATA_value  -9999
[rows 87 to 115 of 141, columns 0 to 63 of 226]
-9999 -9999 -9999 -9999 3500.247 3500.351 3501.059 3511.948 3512.004 3512.005 3512.003 3512.004 3512.423 3512.612 3513.232 3513.293 3515.416 3520.932 3515.278 3515.091 3519.564 3522.321 3513.131 3512.909 3513.082 3512.751 3513.205 3513.379 3513.22 3513.209 3512.476 3511.804 3511.934 3512.101 3511.744 3511.239 3527.228 3552.655 3551.036 3549.541 3578.544 3591.858 3613.62 3627.064 3632.171 3609.985 3619.656 3643.658 3612.685 3571.934 3574.866 3554.54 3530.854 3526.757 3524.862 3500.48 3481.118 3483.725 3479.283 3475.742 3474.809 3474.996 3496.702 3500.938
-9999 -9999 -9999 -9999 3500.419 3500.533 3500.796 3510.916 3511.833 3512.179 3512.362 3512.57 3512.789 3512.771 3513.182 3513.093 3515.599 3523.561 3524.013 3523.968 3516.772 3521.21 3513.792 3512.894 3512.781 3512.933 3513.488 3513.748 3513.381 3513.119 3512.872 3512.244 3512.057 3512.199 3511.923 3511.549 3511.628 3532.55 3555.22 3566.554 3571.118 3592.112 3611.171 3626.096 3636.567 3639.819 3650.639 3646.486 3613.588 3590.755 3593.226 3566.611 3549.938 3551.979 3531.399 3504.797 3510.93 3566.108 3598.135 3597.267 3529.562 3494.855 3520.224 3505.365
-9999 -9999 -9999 3500.235 3500.686 3501.097 3500.635 3503.449 3511.98 3512.039 3512.336 3512.964 3513.199 3513.15 3513.107 3513.428 3513.885 3514.956 3515.377 3515.269 3514.316 3514.814 3513.778 3513.503 3513.269 3513.344 3513.676 3513.906 3513.612 3513.405 3513.274 3512.74 3512.3 3512.1 3511.801 3511.696 3515.665 3522.237 3546.489 3560.2 3555.89 3592.319 3613.583 3630.625 3641.647 3651.259 3662.476 3655.148 3629.703 3608.069 3602.878 3598.851 3584.107 3569.83 3546.251 3541.605 3569.992 3616.924 3652.102 3676.983 3658.775 3586.974 3539.431 3526.693
-9999 -9999 -9999 3500.462 3500.921 3501.339 3501.457 3502.138 3506.04 3512.158 3512.538 3513.171 3513.447 3513.423 3513.293 3513.886 3514.031 3514.19 3514.687 3514.669 3514.311 3514.297 3514.042 3513.759 3513.503 3513.875 3514.166 3514.313 3514.132 3514.014 3513.622 3513.624 3512.852 3512.452 3512.131 3512.038 3513.554 3518.824 3527.722 3538.511 3539.916 3588.686 3616.823 3625.441 3636.261 3642.433 3656.763 3657.352 3655.367 3632.939 3622.149 3617.23 3600.979 3578.865 3557.627 3566.196 3598.14 3616.568 3639.509 3686.372 3723.441 3649.217 3540.346 3531.478
-9999 -9999 3496.157 3501.051 3501.46 3501.669 3509.605 3516.286 3508.87 3508.556 3513.227 3513.486 3513.841 3513.979 3513.805 3514.482 3514.499 3514.619 3515.024 3515.055 3514.784 3514.82 3514.576 3514.162 3513.992 3514.549 3514.622 3514.542 3514.557 3514.622 3514.209 3513.864 3513.371 3513.161 3512.647 3512.287 3512.291 3514.624 3519.93 3524.955 3556.797 3599.712 3611.007 3611.452 3615.803 3622.571 3641.706 3660.855 3676.741 3654.724 3642.538 3631.431 3616.276 3588.002 3545.816 3561.994 3594.445 3605.036 3627.541 3680.813 3729.433 3686.015 3547.23 3492.329
-9999 -9999 3495.537 3499.449 3507.157 3508.63 3512.818 3522.537 3518.605 3517.771 3516.885 3514.164 3514.452 3514.412 3514.514 3514.906 3515.03 3515.243 3515.372 3515.467 3515.33 3515.482 3514.99 3514.838 3514.966 3515.243 3515.067 3515.013 3514.899 3514.85 3514.564 3514.047 3513.927 3513.675 3513.112 3512.775 3515.698 3513.744 3516.215 3525.897 3573 3600.465 3598.345 3602.387 3611.528 3618.404 3633.928 3652.225 3673.3 3669.083 3658.517 3636.491 3633.714 3623.217 3546.597 3553.246 3591.972 3603.43 3641.703 3690.171 3731.215 3721.254 3603.175 3488.775
-9999 -9999 3498.732 3504.536 3511.669 3512.699 3513.578 3523.869 3524.126 3524.451 3522.087 3520.143 3520.292 3515.573 3515.139 3515.336 3515.594 3515.636 3515.675 3515.863 3515.708 3515.733 3515.568 3515.672 3515.844 3515.804 3515.532 3515.478 3515.111 3514.94 3514.843 3514.562 3514.489 3514.9 3517.301 3517.066 3520.798 3515.68 3515.616 3524.668 3564.716 3573.909 3581.963 3605.515 3628.763 3634.371 3636.8 3630.568 3631.79 3658.915 3664.48 3641.1 3643.907 3672.471 3604.7 3584.063 3614.094 3612.142 3664.133 3704.873 3740.876 3751.069 3696.088 3580.595
-9999 3501.487 3504.636 3510.773 3513.114 3513.312 3513.812 3520.417 3520.746 3521.167 3523.726 3526.088 3526.205 3520.236 3519.483 3519.041 3516.158 3515.917 3516.045 3516.283 3516.054 3515.882 3516.29 3516.45 3516.217 3516.169 3515.931 3515.638 3515.284 3515.242 3515.247 3515.09 3515.172 3518.702 3524.136 3523.818 3523.433 3517.713 3522.311 3519.616 3548.507 3544.95 3564.458 3606.51 3638.262 3651.377 3640.502 3615.584 3581.142 3621.541 3656.45 3661.552 3647.008 3689.689 3697.633 3669.963 3655.616 3643.083 3686.023 3712.698 3721.987 3730.953 3721.635 3687.408
-9999 3502.126 3506.797 3509.511 3512.821 3513.839 3513.955 3515.178 3515.323 3515.791 3521.653 3526.641 3526.621 3526.608 3526.649 3525.51 3519.04 3518.813 3517.705 3516.701 3516.581 3516.547 3516.672 3516.896 3516.376 3516.311 3516.15 3515.789 3515.648 3515.677 3515.481 3515.39 3516.199 3523.971 3523.793 3523.571 3523.548 3522.905 3524.87 3542.277 3542.76 3551.73 3555.68 3582.508 3629.117 3658.067 3647.988 3617.434 3600.937 3620.661 3646.544 3663.093 3662.612 3685.366 3724.985 3748.807 3700.773 3717.515 3727.619 3718.649 3665.701 3590.955 3576.122 3692.819
-9999 3501.761 3503.51 3503.356 3510.231 3514.159 3514.99 3516.257 3517.386 3517.184 3522.985 3527.006 3528.291 3528.564 3527.074 3527.064 3527.371 3528.385 3523.736 3519.034 3518.97 3518.778 3518.878 3518.359 3516.686 3516.206 3516.148 3516.394 3516.536 3516.323 3516.022 3516.194 3517.047 3522.538 3519.491 3519.982 3521.233 3517.335 3530.997 3542.723 3543.347 3554.228 3565.159 3571.974 3595.395 3611.722 3683.616 3689.066 3637.595 3630.577 3653.91 3667.639 3671.781 3694.93 3735.304 3727.581 3701.305 3667.013 3662.686 3622.359 3559.024 3530.836 3539.13 3559.054
-9999 3498.33 3503.467 3503.945 3504.029 3514.28 3515.743 3518.2 3523.855 3522.165 3527.804 3527.4 3535.58 3537.712 3527.769 3527.411 3530.309 3537.824 3537.591 3537.527 3537.305 3537.389 3537.641 3535.14 3517.315 3516.674 3516.219 3521.72 3525.645 3518.339 3516.627 3517.029 3532.787 3522.867 3516.37 3516.484 3516.585 3522.051 3555.698 3561.194 3579.393 3584.201 3575.078 3585.471 3592.545 3618.781 3659.758 3722.143 3715.502 3678.255 3669.685 3680.283 3684.838 3693.817 3728.863 3749.241 3703.831 3651.774 3609.068 3577.351 3526.551 3491.473 3496.507 3515.935
-9999 3494.826 3501.334 3504.908 3504.963 3515.318 3516.519 3518.933 3527.053 3531.847 3537.154 3530.363 3528.714 3537.531 3536.584 3527.968 3531.19 3538.479 3538.354 3538.08 3538.261 3538.174 3547.062 3546.35 3541.387 3531.458 3525.764 3531.486 3535.533 3527.183 3525.248 3540.93 3534.718 3526.159 3521.434 3520.835 3524.441 3525.521 3546.86 3556.398 3576.419 3576.919 3579.616 3595.506 3600.406 3628.21 3657.763 3691.918 3722.305 3701.916 3685.318 3676.707 3668.772 3693.968 3730.179 3761.179 3749.152 3674.705 3613.747 3580.226 3542.552 3527.441 3512.42 3490.865
-9999 3500.114 3505.065 3505.705 3506.183 3508.068 3509.078 3517.87 3522.483 3529.27 3530.021 3534.701 3530.004 3530.347 3530.506 3528.389 3531.521 3539.066 3539.167 3538.798 3538.887 3539.175 3541.16 3540.668 3539.895 3537.223 3539.313 3540.062 3538.024 3541.209 3541.539 3540.241 3536.892 3534.305 3532.943 3532.6 3533.744 3538.781 3545.956 3555.701 3570.923 3590.975 3597.697 3598.517 3607.401 3628.813 3652.552 3668.405 3734.631 3739.12 3718.105 3681.889 3647.787 3642.321 3697.142 3751.257 3767.254 3721.715 3639.111 3599.391 3583.415 3574.259 3556.091 3502.59
-9999 3505.047 3501.521 3499.158 3506.254 3507.627 3509.23 3518.325 3522.185 3529.068 3528.849 3536.337 3530.936 3529.122 3529.162 3528.975 3532.29 3539.847 3539.806 3539.48 3539.505 3539.665 3539.162 3538.628 3538.415 3538.671 3540.969 3540.385 3538.642 3541.738 3542.278 3538.194 3538.262 3538.063 3538.056 3537.992 3537.634 3545.106 3547.175 3551.04 3557.581 3578.82 3589.686 3593.948 3613.723 3637.404 3656.09 3672.465 3743.663 3759.232 3742.265 3710.259 3669.565 3638.741 3666.988 3732.949 3768.723 3757.104 3676.158 3637.404 3623.26 3613.774 3594.162 3545.936
-9999 3500.663 3498.719 3497.779 3507.034 3508.661 3510.498 3519.478 3523.176 3529.777 3529.663 3532.973 3530.651 3529.686 3535.327 3530.021 3533.5 3540.595 3540.31 3540.016 3540.039 3539.813 3539.532 3539.177 3539.339 3539.321 3539.693 3539.545 3539.333 3539.19 3539.151 3538.86 3538.941 3538.742 3538.684 3538.606 3538.307 3545.843 3547.656 3547.118 3548.167 3559.489 3570.8 3584.333 3610.074 3645.34 3666.193 3679.118 3725.969 3758.846 3752.357 3731.881 3703.991 3675.931 3641.759 3721.061 3769.897 3773.312 3725.339 3687.512 3663.731 3633.566 3600.852 3577.597
-9999 3498.665 3498.859 3499.156 3508.31 3509.567 3511.903 3520.616 3524.352 3530.804 3530.923 3534.589 3535.656 3530.838 3535.923 3531.187 3534.492 3541.193 3540.862 3537.773 3539.573 3540.237 3539.983 3539.844 3540.118 3540.054 3540.386 3540.474 3540.257 3539.912 3539.799 3539.501 3539.48 3539.26 3539.152 3539.028 3538.845 3544.011 3548.092 3547.83 3548.388 3554.91 3564.839 3578.597 3596.549 3635.953 3668.647 3672.245 3693.496 3747.66 3759.131 3732.549 3716.373 3691.863 3630.463 3728.241 3773.678 3781.059 3769.178 3731.57 3700.845 3638.698 3592.498 3579.74
-9999 3500.133 3500.413 3500.702 3506.096 3510.567 3513.225 3522.661 3527.975 3531.916 3532.24 3539.822 3538.982 3531.95 3531.66 3532.624 3537.266 3541.655 3541.428 3536.525 3539.383 3540.858 3540.705 3540.651 3540.646 3540.674 3540.82 3541.223 3541.171 3540.551 3540.357 3540.17 3539.911 3539.728 3539.646 3539.542 3539.434 3539.372 3548.201 3548.65 3548.834 3552.345 3564.893 3579.899 3586.359 3612.663 3652.428 3661.369 3677.66 3720.518 3761.509 3742.844 3727.953 3698.193 3677.055 3756.687 3780.549 3782.336 3781.659 3757.747 3706.255 3661.937 3621.077 3594.35
-9999 3501.663 3502.026 3502.249 3502.322 3511.943 3513.721 3522.557 3530.244 3531.518 3533.082 3539.126 3533.929 3532.479 3532.443 3534.415 3542.243 3542.199 3541.881 3541.398 3541.161 3541.209 3541.315 3541.177 3541.389 3541.248 3541.123 3541.646 3541.641 3541.162 3541.098 3540.947 3540.462 3540.37 3540.363 3540.148 3540.056 3540.042 3548.677 3549.401 3550.843 3559.271 3562.625 3568.101 3580.422 3596.006 3615.093 3637.78 3667.631 3690.139 3746.454 3757.377 3728.964 3716.712 3731.899 3770.973 3776.29 3783.052 3780.864 3761.465 3703.311 3679.928 3655.758 3617.258
-9999 3502.585 3503.624 3503.814 3503.908 3513.529 3513.551 3516.173 3523.766 3527.874 3532.212 3533.764 3533.882 3533.588 3533.187 3534.96 3542.31 3543.17 3542.419 3541.909 3541.724 3542.02 3541.905 3541.845 3541.887 3541.694 3541.534 3541.926 3542.002 3541.576 3541.708 3541.738 3541.17 3541.332 3541.251 3540.861 3540.754 3540.223 3549.221 3550.029 3551.702 3560.004 3559.95 3559.959 3572.287 3594.344 3608.535 3638.567 3654.067 3706.634 3751.104 3759.157 3731.034 3739.038 3768.788 3752.408 3811.154 3769.315 3784.449 3778.92 3753.826 3713.45 3703.134 3694.031
-9999 -9999 3504.734 3505.041 3505.106 3514.836 3514.739 3517.202 3524.119 3523.799 3524.135 3532.172 3534.354 3534.439 3534.016 3534.062 3537.084 3543.041 3542.859 3542.615 3542.378 3542.59 3542.454 3542.648 3542.253 3542.03 3542.195 3542.312 3542.238 3542.075 3542.095 3541.924 3541.936 3541.963 3542.042 3541.69 3541.229 3540.745 3541.699 3550.878 3551.063 3554.389 3560.608 3564.917 3576.004 3582.435 3607.07 3631.944 3653.902 3701.899 3752.765 3771.828 3752.995 3724.748 3751.854 3750.82 3765.387 3715.923 3730.86 3777.272 3767.291 3757.882 3704.872 3661.502
-9999 -9999 3503.837 3506.658 3506.115 3516.286 3515.792 3518.208 3524.753 3524.277 3524.648 3532.688 3535.154 3535.177 3534.589 3534.604 3534.339 3538.92 3543.255 3543.149 3543.204 3543.119 3543.209 3542.959 3542.892 3542.729 3542.728 3542.76 3542.689 3542.688 3542.667 3542.274 3542.446 3542.418 3542.432 3542.277 3541.826 3541.764 3541.66 3544.43 3551.518 3552.051 3556.869 3570.462 3580.626 3581.65 3608.216 3631.678 3647.104 3682.347 3725.283 3764.71 3759.828 3739.226 3736.421 3743.404 3765.016 3735.319 3711.165 3751.04 3739.357 3721.477 3688.215 3619.172
-9999 -9999 3505.444 3507.777 3507.678 3509.924 3516.78 3519.215 3525.6 3524.928 3524.922 3539.134 3536.713 3535.577 3535.284 3534.719 3534.424 3535.359 3536.251 3536.173 3542.404 3543.548 3543.221 3537.486 3543.361 3543.268 3543.091 3542.906 3542.797 3542.727 3543.143 3542.666 3542.772 3542.721 3542.689 3542.828 3547.203 3543.893 3542.708 3542.878 3552.247 3552.486 3554.093 3566.954 3576.629 3586.102 3599.319 3614.285 3632.986 3660.707 3709.299 3758.232 3761.476 3747.283 3747.488 3736.894 3775.818 3745.576 3707.153 3721.276 3716.651 3692.886 3679.305 3630.865
-9999 -9999 -9999 3509.751 3509.171 3509.321 3517.742 3520.129 3526.4 3525.596 3525.474 3536.069 3542.531 3542.489 3541.072 3534.87 3534.837 3534.653 3538.101 3535.737 3542.29 3537.923 3537.541 3535.837 3543.914 3543.679 3543.483 3543.419 3543.312 3548.182 3543.167 3543.22 3543.341 3543.198 3543.257 3546.741 3548.115 3544.139 3543.436 3543.473 3549.258 3553.666 3553.666 3561.612 3575.262 3586.394 3593.283 3598.833 3621.211 3643.928 3683.887 3739.589 3758.093 3750.787 3755.989 3734.892 3777.096 3749.994 3713.246 3705.953 3715.45 3694.14 3686.885 3664.494
-9999 -9999 -9999 3511.343 3510.459 3510.709 3518.538 3520.974 3527.097 3526.525 3526.298 3534.163 3545.723 3545.957 3543.883 3535.24 3535.179 3534.925 3540.755 3540.82 3539.146 3534.282 3534.429 3540.026 3543.997 3543.804 3543.724 3543.861 3543.917 3548.525 3543.347 3543.732 3543.764 3543.768 3543.973 3547.583 3545.704 3544.079 3544.167 3544.225 3545.86 3552.948 3558.579 3561.949 3575.075 3586.842 3594.123 3598.894 3613.368 3634.75 3663.19 3710.597 3745.514 3754.699 3757.332 3736.336 3763.964 3758.124 3723.267 3708.669 3724.216 3713.063 3709.621 3692.026
-9999 -9999 -9999 -9999 3511.417 3511.952 3519.635 3520.646 3525.503 3527.618 3527.217 3534.956 3546.227 3546.176 3544.086 3535.46 3535.479 3537.221 3540.12 3540.604 3535.438 3534.408 3538.548 3544.074 3543.963 3543.901 3543.943 3544.131 3547.171 3547.906 3544.047 3544.08 3544.122 3544.325 3544.704 3545.028 3545.007 3545.092 3545.147 3545.297 3545.452 3549.776 3559.691 3563.254 3572.449 3589.103 3593.286 3603.295 3608.037 3629.612 3658.68 3683.602 3720.241 3740.276 3744.915 3725.307 3749.7 3760.499 3730.699 3721.4 3733.882 3738.368 3734.292 3719.951
-9999 -9999 -9999 -9999 3512.315 3512.811 3520.669 3520.18 3523.844 3528.471 3527.935 3535.729 3546.569 3546.398 3544.916 3537.741 3536.797 3541.965 3538.906 3534.92 3534.829 3534.661 3544.487 3544.393 3544.33 3544.27 3545.763 3545.346 3550.858 3552.513 3544.788 3544.493 3544.862 3545.008 3545.555 3545.972 3546.041 3546.01 3546.125 3546.432 3548.228 3548.468 3548.573 3557.406 3572.856 3586.113 3588.794 3596.978 3606.708 3620.443 3635.922 3658.565 3681.294 3689.296 3686.323 3687.909 3759.473 3761.916 3739.95 3737.603 3753.328 3755.818 3741.359 3743.074
-9999 -9999 -9999 -9999 -9999 3513.112 3519.185 3521.796 3525.927 3528.81 3528.207 3536.071 3547.01 3546.456 3546.124 3543.319 3540.589 3544.66 3538.495 3535.296 3535.198 3536.344 3545.102 3546.392 3546.205 3545.527 3549.661 3547.772 3545.348 3545.316 3544.992 3545.224 3545.621 3545.934 3546.872 3547.705 3547.852 3547.763 3546.76 3548.408 3557.193 3557.373 3557.442 3557.508 3570.294 3592.37 3597.041 3598.521 3600.057 3611.582 3626.6 3639.181 3640.176 3654.147 3668.169 3689.836 3767.958 3754.353 3743.18 3765.686 3771.897 3760.483 3756.536 3746.013
-9999 -9999 -9999 -9999 -9999 -9999 3514.048 3524.356 3528.699 3528.263 3528.099 3536.292 3546.064 3546.612 3546.197 3545.736 3545.338 3540.33 3535.613 3535.521 3535.492 3545.009 3546.615 3555.271 3555.033 3550.658 3545.356 3545.651 3545.91 3545.934 3545.685 3545.775 3546.443 3546.698 3551.721 3556.888 3557.057 3557.103 3547.65 3557.266 3557.839 3558.286 3558.374 3558.598 3565.619 3584.982 3589.23 3598.858 3599.877 3605.66 3624.541 3635.953 3646.361 3658.015 3677.079 3742.274 3760.314 3751.798 3763.231 3782.157 3773.927 3765.729 3754.674 3732.458
-9999 -9999 -9999 -9999 -9999 -9999 3514.448 3521.34 3520.013 3524.664 3527.912 3536.319 3537.601 3546.902 3546.46 3546.076 3545.747 3540.118 3535.253 3535.699 3535.817 3545.255 3546.956 3553.543 3546.415 3546.116 3545.834 3545.979 3546.07 3554.464 3554.851 3554.983 3555.248 3555.992 3556.664 3557.669 3558.039 3557.963 3556.668 3557.497 3552.085 3559.363 3555.773 3555.857 3566.373 3579.143 3582.057 3592.271 3592.611 3598.047 3620.146 3636.732 3653.257 3673.78 3688.72 3742.682 3778.48 3773.603 3767.239 3782.864 3776.754 3761.132 3752.46 3739.814
