Dropbox/GRP Data/GRP mammal paper/NN_analysis/DATA/2012 input files not used in 2014 analyses/yo_h_bio_6_OLD.asc
ncols         226
nrows         141
xllcorner     -70621.9986746
yllcorner     -77191.4869234
cellsize      821.1860311
NODATA_value  -9999
[rows 54 to 80 of 141, columns 62 to 123 of 226]
0.7715892 -66.9492 -102.7655 -137.4713 -148.3685 -159.0818 -166.1454 -175.5871 -238.0668 -229.9447 -232.3226 -256.6103 -271.8802 -320.6692 -330.2792 -318.2314 -350.9386 -299.8662 -195.3276 -230.9994 -260.2937 -296.2977 -325.4024 -351.7041 -341.4646 -384.5588 -384.4389 -295.9473 -386.138 -414.9032 -439.9883 -336.1729 -317.6103 -344.2541 -349.1646 -358.3059 -359.321 -365.6136 -391.2325 -442.7911 -445.4394 -428.2984 -434.4215 -458.8983 -500.8544 -533.6259 -448.0428 -415.701 -404.8992 -442.8357 -508.8795 -552.1522 -482.7082 -473.3064 -532.4649 -622.9191 -706.1575 -791.1688 -851.5809 -940.2985 -914.4752 -927.6499
5.796979 -68.96165 -111.5366 -131.412 -155.4572 -158.5313 -149.3623 -164.7804 -191.7981 -195.3809 -215.7873 -240.8501 -298.9995 -310.1422 -320.2056 -333.5146 -318.1003 -273.7352 -180.782 -244.1784 -245.132 -277.0069 -310.946 -322.7255 -316.5977 -365.3812 -365.1147 -261.5239 -332.7556 -401.8915 -438.8956 -348.8608 -315.7828 -330.5414 -333.3422 -343.8727 -342.3409 -361.3974 -392.7397 -406.5261 -419.7498 -432.7958 -437.092 -466.3862 -494.1428 -438.0256 -375.2885 -348.6317 -355.0605 -390.315 -404.5073 -402.1803 -378.3271 -401.5393 -535.9592 -650.42 -746.5749 -809.3776 -774.7825 -831.312 -881.3907 -924.0941
22.60846 -79.29676 -122.5447 -118.2511 -137.8182 -152.1163 -151.1505 -149.336 -150.3369 -153.1235 -173.7044 -186.9858 -292.0825 -291.8649 -280.9519 -296.618 -268.9704 -223.5806 -168.1154 -234.0877 -233.2656 -248.5341 -276.218 -284.4854 -291.99 -356.6201 -390.622 -342.2592 -344.0725 -420.2425 -447.9425 -374.1849 -315.4995 -307.6552 -311.9565 -330.3452 -330.5396 -347.8882 -375.8917 -405.4444 -455.5563 -484.2791 -458.6649 -477.7498 -432.4351 -353.3871 -342.351 -369.7531 -455.3291 -493.433 -489.6475 -403.4257 -374.5663 -399.9551 -548.501 -661.3536 -782.4022 -807.9424 -736.7949 -749.8578 -818.8621 -890.154
48.34978 -73.06289 -126.542 -114.8105 -127.0641 -151.0749 -163.7875 -151.9231 -151.2826 -153.6045 -174.1191 -176.2337 -280.8204 -268.7437 -263.3327 -255.0195 -238.6498 -173.644 -172.9037 -213.7104 -220.2014 -234.3886 -255.8595 -264.0082 -269.7284 -330.9249 -382.5824 -375.1753 -358.5505 -410.7468 -447.3073 -400.3873 -358.9516 -311.547 -296.0793 -313.0356 -339.9783 -351.2815 -369.6484 -412.0196 -475.9654 -522.4772 -451.1517 -429.5966 -347.9716 -325.0605 -370.7466 -476.0737 -556.4133 -591.0896 -624.9697 -535.3198 -492.1657 -405.999 -507.8079 -546.999 -641.3469 -658.2209 -665.9712 -746.5359 -728.182 -820.6042
64.12489 -18.65461 -110.0932 -109.2597 -132.756 -145.1574 -154.5124 -162.8683 -165.3771 -152.7967 -165.3184 -171.447 -255.4908 -242.3388 -261.8615 -217.104 -205.0993 -157.5464 -198.158 -198.7494 -214.8643 -227.7581 -236.4941 -235.3053 -247.3271 -263.6201 -311.1106 -294.7019 -293.0893 -345.4283 -434.3511 -410.0804 -406.6317 -325.6967 -291.1247 -296.4096 -364.1891 -403.974 -420.0597 -417.4845 -425.9818 -468.7664 -384.5223 -329.3615 -308.9362 -324.5347 -439.0229 -596.6603 -552.4171 -605.3781 -673.1867 -695.7054 -694.4733 -491.3121 -508.8471 -424.33 -419.5378 -445.1276 -525.9675 -699.2357 -663.6578 -769.8893
42.04992 28.28893 -47.95364 -70.89373 -76.83685 -98.02321 -128.1861 -140.6994 -140.8914 -120.1261 -146.9779 -168.3901 -229.8252 -227.5435 -216.4713 -221.7594 -168.639 -184.5681 -201.3307 -194.3322 -207.2145 -214.787 -210.0022 -216.9474 -238.1604 -243.2352 -241.3603 -258.6372 -262.6324 -330.8331 -396.3839 -343.7783 -286.3662 -281.0139 -283.1997 -301.2791 -373.1964 -445.325 -467.5377 -426.2238 -362.9484 -334.4175 -323.4189 -297.2052 -309.7103 -375.6339 -464.5446 -590.4823 -536.0621 -551.5589 -607.6663 -687.2269 -711.6313 -664.2897 -624.4446 -537.8916 -458.351 -471.3387 -453.2145 -459.8537 -641.4724 -758.1143
-59.91646 -111.5979 -127.9122 -110.5193 -130.9839 -130.1379 -111.2577 -141.7272 -133.5272 -125.7143 -127.2626 -136.0584 -159.8505 -246.6986 -210.6796 -193.1238 -175.379 -156.9171 -189.5735 -183.8961 -187.3754 -188.7381 -199.1926 -214.6858 -227.0647 -235.6977 -224.4907 -218.8994 -224.8792 -316.8674 -295.7672 -238.5093 -256.4606 -268.9135 -268.3927 -386.1898 -458.4489 -484.21 -454.8737 -417.3604 -363.0515 -325.4761 -297.5887 -301.0497 -347.1448 -484.4913 -583.2681 -632.0324 -546.089 -553.2643 -574.8705 -602.167 -639.8606 -698.0002 -762.9477 -741.9778 -767.0329 -793.5355 -558.7946 -444.8882 -436.3538 -463.8631
66.11668 -42.21606 -131.0752 -138.5704 -141.3337 -144.0546 -131.3351 -118.8392 -126.205 -135.6205 -155.8864 -159.6208 -148.4525 -239.5535 -205.6651 -175.1219 -153.3537 -144.666 -159.9858 -177.3189 -181.9615 -200.9964 -184.6885 -216.0198 -221.2327 -222.362 -201.2811 -195.9007 -215.1873 -299.4149 -219.5374 -224.7397 -251.2324 -257.822 -333.1305 -430.7813 -480.9057 -458.2602 -354.6667 -303.5999 -299.3702 -315.4762 -331.4588 -338.3135 -379.5379 -514.7452 -633.3787 -675.1927 -656.8502 -632.6595 -621.0907 -649.6184 -671.269 -695.3602 -730.7406 -779.1125 -842.5084 -794.2899 -798.0908 -667.2542 -684.9139 -757.0161
78.01545 51.82711 43.05098 17.48516 11.83127 -1.646821 -31.64543 -64.53396 -126.6023 -150.4784 -168.5439 -140.2717 -138.6089 -207.8441 -158.5043 -139.3802 -156.321 -156.6846 -159.0852 -172.0261 -177.7177 -197.7861 -193.5278 -199.2642 -205.7314 -216.9079 -180.9746 -162.9109 -168.2714 -208.5804 -186.2553 -206.9913 -308.6646 -371.3015 -302.1966 -353.8164 -459.4433 -320.6781 -290.374 -282.5658 -350.9553 -432.2721 -439.0425 -406.9619 -404.3059 -522.5432 -657.289 -664.3854 -645.955 -640.0347 -648.2857 -648.2999 -690.3204 -755.3871 -791.3487 -828.4926 -870.0205 -861.4418 -815.5394 -713.3138 -723.2745 -754.6611
78.98808 75.85949 72.1181 56.2698 36.12487 38.72747 22.46204 -10.44855 -33.79421 -53.65473 -145.6193 -134.3204 -156.7631 -156.1437 -136.7579 -93.64315 -144.0751 -158.3753 -157.3486 -155.425 -165.2204 -190.2431 -167.1728 -172.8389 -175.0689 -185.9976 -159.728 -142.7408 -147.7381 -158.7104 -179.8499 -224.7937 -279.2754 -305.5205 -286.6556 -295.399 -335.4154 -246.5078 -242.7929 -288.9792 -354.8383 -470.3671 -531.8817 -526.0195 -497.1844 -586.3172 -652.1991 -665.2515 -650.8156 -644.079 -653.2511 -664.9358 -708.9518 -748.8124 -789.4891 -847.0612 -863.3959 -865.1562 -841.6175 -827.0487 -856.2397 -879.2008
70.46439 26.25262 0.01082169 -17.65724 -43.82346 -14.71228 25.33471 15.61475 12.62273 0.1828449 -135.1401 -128.2 -159.8304 -139.8677 -134.6035 -75.50945 -115.9863 -136.692 -137.4478 -140.5137 -159.2516 -183.6969 -108.6358 -118.7145 -135.537 -154.2742 -139.3746 -130.1405 -178.0514 -174.6685 -202.6359 -208.9396 -209.1069 -217.3374 -235.581 -229.8785 -234.4032 -230.1145 -254.1468 -304.1423 -348.1389 -471.624 -537.7455 -569.069 -559.5197 -622.1707 -650.1783 -680.321 -691.8345 -667.7864 -647.9344 -668.9722 -690.8451 -724.16 -765.9777 -827.4521 -850.4462 -855.2509 -840.9227 -861.9943 -898.0886 -920.942
23.29605 -40.28446 -75.23966 -86.07356 -108.1429 -87.72054 -27.71638 12.62417 9.758006 0.242541 -133.0525 -147.933 -139.5664 -124.4112 -126.3809 -88.80298 -64.98176 -125.9588 -128.1293 -129.0789 -166.1477 -132.1625 -74.84252 -84.4492 -107.9751 -136.6323 -141.0717 -125.8299 -170.6665 -176.5327 -200.1956 -189.3954 -200.1604 -235.3399 -239.0278 -237.1254 -242.3117 -262.1037 -287.0973 -314.7448 -350.7818 -463.1706 -519.4151 -573.8961 -600.2347 -626.7934 -645.7228 -659.4963 -704.0599 -717.4094 -677.445 -653.72 -673.9462 -722.9758 -758.984 -807.5173 -828.7623 -835.0006 -863.8768 -894.0913 -925.1755 -930.8014
-23.88268 -73.27175 -110.4276 -108.6712 -118.575 -126.2523 -97.30898 -42.29612 -20.45458 -0.09861486 -82.21215 -116.9942 -90.68254 -81.29494 -92.04958 -103.5812 -39.06057 -100.8182 -127.9317 -138.545 -153.0151 -57.3977 -88.74101 -118.7006 -132.4882 -151.4402 -169.8438 -160.6205 -159.7079 -176.4092 -197.3601 -217.1291 -249.8384 -293.9215 -293.6507 -296.0246 -299.3114 -307.431 -313.7041 -332.1454 -358.7374 -435.7752 -502.9543 -594.0314 -610.1735 -598.4996 -624.126 -605.7629 -676.2469 -731.5214 -692.4061 -639.5323 -664.8828 -728.6797 -758.7943 -783.9285 -801.7192 -829.2186 -894.8829 -926.0408 -953.1871 -947.0583
-32.65881 -70.98843 -110.4606 -119.9581 -118.9973 -128.6473 -129.8918 -137.5713 -93.44113 -29.78757 -4.388102 11.68357 -26.28365 -37.39857 -46.57676 -86.97493 -68.1687 -33.31827 -104.2922 -160.3782 -98.2716 -33.36547 -115.5671 -190.7778 -202.7812 -199.0508 -204.3764 -231.1991 -248.7165 -236.711 -249.9317 -268.5993 -276.1761 -292.3033 -309.9529 -331.3247 -325.4474 -323.9321 -338.6544 -358.9691 -372.1955 -408.011 -474.373 -614.5058 -571.765 -543.3848 -585.0899 -573.2992 -647.5925 -675.5756 -646.3599 -639.4017 -651.2332 -707.415 -735.0099 -757.8159 -804.3387 -857.8281 -895.4484 -916.1682 -944.7334 -959.5819
-67.36355 -70.82494 -85.54977 -109.0792 -121.3795 -132.4464 -145.8673 -156.5519 -169.5224 -167.0135 -62.68565 14.64526 -21.42986 -25.8997 -57.52691 -47.71165 -41.31841 -41.89031 -76.77367 -106.1049 -60.98607 -33.51686 -129.1459 -203.7418 -210.7479 -219.4942 -226.0739 -235.4028 -304.3324 -249.0931 -259.244 -270.2878 -282.7867 -324.3861 -367.4302 -451.3005 -397.3335 -336.8231 -337.1771 -347.5204 -391.2175 -436.6274 -490.784 -607.0728 -567.6537 -539.6807 -539.5735 -578.8333 -618.7993 -637.1609 -634.5759 -642.5117 -664.9498 -684.4558 -705.9306 -794.314 -871.6442 -890.184 -905.6312 -922.1621 -947.7103 -991.2462
-88.34612 -92.85693 -89.00481 -93.40726 -118.9113 -136.9001 -147.261 -149.4271 -155.1558 -161.3008 -58.30247 -8.400826 -45.49369 -137.4952 -171.1826 -113.9546 -45.55243 -66.21327 -78.82186 -68.66445 -0.6274357 -19.1988 -150.5366 -212.9922 -219.0856 -222.0286 -227.897 -246.5074 -252.4975 -261.1693 -269.6353 -273.2498 -304.5688 -341.6902 -367.0233 -426.7951 -426.6525 -366.9537 -348.1953 -350.9549 -375.0701 -396.0932 -440.5448 -485.8514 -563.1769 -550.5231 -501.5141 -586.4486 -613.9288 -613.3894 -627.2123 -658.9248 -686.0258 -762.9641 -804.4915 -886.1463 -929.2709 -932.6688 -946.7531 -947.4812 -972.7512 -1016.963
-117.6304 -120.3281 -121.8282 -115.0841 -113.4247 -131.6896 -154.1841 -158.0316 -162.2457 -166.5184 -156.9087 -186.7472 5.981881 -44.15789 -43.85962 -13.47955 -6.588113 -34.67969 -8.217775 24.26629 -32.63037 -107.2911 -193.3012 -210.6658 -220.6463 -224.1719 -198.8773 -212.0137 -239.3349 -245.9779 -272.4205 -282.8996 -317.6581 -376.834 -389.6318 -387.3389 -414.5829 -367.9009 -359.8459 -364.9968 -383.4511 -391.094 -410.5813 -436.4151 -474.8477 -533.7917 -573.7359 -582.2745 -635.4874 -676.0123 -650.1724 -665.2156 -731.5632 -783.165 -816.7816 -876.269 -923.5513 -937.1049 -963.042 -995.6745 -1076.56 -1098.198
-135.1176 -131.812 -143.6602 -140.4402 -136.6887 -138.6172 -157.5951 -165.3191 -182.2559 -192.1652 -176.8598 -198.6698 -7.241054 -30.71253 -40.64277 -36.39341 -6.15046 -5.788649 7.925543 14.13451 -90.16954 -151.7877 -173.3739 -177.4333 -193.3485 -216.1614 -202.1238 -243.3608 -276.4812 -326.5277 -330.4465 -332.3674 -344.2814 -392.0848 -403.8249 -371.2642 -395.5856 -369.9584 -369.8988 -367.5809 -389.3433 -399.8988 -415.5095 -431.0712 -462.675 -537.2023 -607.0687 -572.7254 -629.1644 -684.1865 -700.0651 -711.1998 -781.2211 -795.6372 -841.7758 -861.5984 -874.0558 -914.0118 -955.7444 -996.4784 -1096.857 -1081.919
-130.9492 -148.1601 -144.6775 -167.8122 -169.0703 -169.9507 -168.9983 -170.9975 -182.4678 -195.2969 -187.0451 -197.0841 -138.2062 -128.142 -138.5576 -147.5732 -141.0454 -144.2045 -119.4725 -24.04522 -68.15572 -142.5057 -141.3008 -151.5636 -176.8886 -223.5934 -238.24 -257.6614 -286.2478 -360.4052 -387.1663 -367.5467 -338.9912 -355.7102 -359.8058 -346.5231 -361.4446 -359.4218 -362.7523 -375.612 -395.1048 -410.5601 -420.4961 -430.595 -473.2426 -565.9492 -574.9527 -571.7291 -637.0163 -665.2579 -681.3888 -714.4893 -742.9727 -792.8743 -826.4773 -841.4691 -850.2692 -902.3116 -945.4132 -993.0292 -1087.123 -1070.907
-129.8845 -161.3661 -162.1057 -183.7754 -181.8954 -191.802 -179.5945 -183.1224 -191.2567 -200.5874 -205.2458 -206.6911 -210.2201 -198.361 -203.4515 -207.5216 -215.4648 -225.7377 -209.9255 -138.4783 -120.5329 -186.3848 -168.0011 -171.2669 -215.612 -244.7543 -259.5139 -264.9687 -284.4582 -329.4816 -359.2002 -357.5521 -337.1769 -338.8579 -345.083 -342.2012 -352.2388 -355.0019 -362.2166 -394.2951 -442.6526 -458.1414 -455.6969 -461.9434 -501.6706 -586.8862 -533.9534 -571.0253 -638.3703 -652.7354 -656.5361 -672.8518 -692.0778 -788.4023 -798.3694 -810.992 -841.2391 -892.8929 -920.2814 -968.9723 -1048.93 -1063.17
-151.3774 -161.2346 -174.4997 -182.0899 -181.0596 -186.2554 -187.7316 -195.5846 -205.3858 -213.3417 -222.8412 -230.3665 -211.9175 -211.1708 -222.4315 -220.9767 -221.8012 -227.8283 -231.2835 -211.6159 -189.4264 -247.169 -220.4917 -213.2238 -257.1438 -258.6284 -261.8133 -270.123 -289.9146 -306.1607 -324.2178 -343.8638 -344.9265 -343.9646 -350.2527 -354.4541 -361.2935 -372.3937 -371.2424 -401.5938 -453.9484 -468.0308 -480.5017 -487.2646 -497.9193 -577.4199 -533.1293 -566.9166 -603.2415 -607.1243 -633.2501 -653.552 -705.7217 -760.9341 -770.469 -803.1532 -838.958 -874.4629 -891.7607 -930.3408 -1007.186 -1050.49
-175.4948 -164.6421 -166.0733 -174.9206 -182.6803 -180.1223 -197.087 -202.0354 -213.1372 -224.564 -233.5042 -245.0778 -214.7801 -208.5072 -236.0646 -240.0286 -237.0596 -236.1142 -239.9489 -192.8992 -204.3802 -248.2164 -247.1698 -263.2326 -265.9071 -271.3846 -283.6575 -290.1867 -302.5476 -318.5902 -335.0509 -340.5208 -341.1478 -355.4202 -367.6359 -378.7579 -371.0329 -400.9025 -385.4845 -392.202 -410.7942 -424.9304 -459.7673 -468.1301 -461.8124 -534.6953 -542.6149 -551.4927 -550.8491 -566.3735 -622.0042 -656.8762 -738.4935 -716.8159 -755.5471 -806.8628 -833.6164 -850.1208 -873.6732 -902.7413 -973.9596 -1030.587
-167.3236 -183.5619 -167.4149 -181.3977 -190.1562 -200.7713 -207.3663 -209.8234 -220.4038 -229.4082 -235.9827 -225.7225 -224.7905 -218.9071 -251.2598 -257.784 -255.5228 -250.9416 -244.4312 -202.7638 -231.5491 -215.8171 -249.486 -311.9649 -281.7781 -306.7359 -331.5869 -335.0975 -324.2336 -332.4968 -338.3898 -321.0828 -337.8808 -389.0744 -417.0118 -422.52 -399.8301 -425.059 -399.8518 -386.3065 -395.11 -408.7177 -424.6237 -434.5598 -448.528 -479.2549 -514.8807 -532.7006 -530.5042 -584.8163 -633.8942 -639.3784 -702.2554 -683.4528 -759.4957 -792.3984 -821.3382 -831.1449 -861.1873 -896.1757 -943.6246 -999.5514
-137.3618 -174.8521 -200.8928 -202.5302 -201.3553 -209.6881 -215.0768 -230.1848 -230.6297 -224.6395 -223.1664 -224.5487 -223.2086 -268.1644 -280.7755 -273.5392 -271.7109 -263.1471 -248.1925 -232.0611 -234.2497 -232.0299 -229.465 -253.5571 -299.4337 -327.6401 -310.1193 -307.2427 -365.4232 -377.3307 -371.7448 -344.437 -398.4457 -428.2087 -391.7014 -430.2444 -450.5597 -453.1571 -392.4416 -387.8901 -386.7098 -401.0393 -416.758 -448.9818 -450.5398 -455.8844 -504.5911 -539.6376 -535.3221 -547.3405 -605.2886 -633.2329 -637.4639 -652.7468 -757.2982 -792.1833 -813.8657 -817.3927 -837.3118 -890.0583 -926.558 -959.611
-116.3091 -182.8672 -200.7744 -224.1218 -223.726 -230.7973 -234.3004 -243.3696 -249.9197 -255.8627 -259.2377 -245.4051 -298.0636 -326.1285 -321.8628 -317.6369 -329.1031 -290.9771 -257.7516 -234.2091 -268.7061 -232.6272 -234.6826 -236.1502 -235.5209 -289.0901 -189.0222 -101.4988 -301.0758 -364.7418 -394.705 -388.0378 -374.0489 -402.3209 -382.0165 -215.0024 -208.6572 -324.994 -428.472 -417.0206 -395.9071 -392.9955 -405.9028 -440.6471 -475.2433 -496.8685 -498.7174 -407.6221 -447.545 -528.5414 -551.0439 -574.7675 -593.4036 -653.1647 -756.7651 -790.9337 -783.4394 -778.7927 -817.8865 -892.7808 -977.3964 -968.5565
-95.45219 -177.2474 -217.165 -234.2103 -246.403 -254.1444 -253.2432 -244.762 -236.6845 -253.1957 -267.9669 -269.4539 -281.8763 -345.9075 -377.2173 -354.8126 -340.1252 -332.5005 -292.705 -271.8908 -277.8095 -259.7189 -232.1483 -228.0627 -234.5765 -251.5869 -242.5983 -220.0121 -191.5204 -175.1494 -339.6769 -348.8072 -380.2277 -410.8059 -420.3977 -379.5626 -324.2895 -233.8763 -266.5873 -347.9158 -344.4601 -335.7704 -410.1 -449.3592 -442.1509 -401.9299 -382.8453 -450.2205 -498.1508 -492.9154 -528.6859 -543.7139 -584.4655 -693.0425 -748.2564 -762.102 -761.5828 -783.1198 -822.4836 -923.5785 -988.0442 -1017.377
-92.14291 -128.6469 -221.1604 -243.2676 -253.895 -259.4929 -262.8693 -257.7248 -256.5569 -243.9079 -251.2083 -271.6562 -286.4425 -354.6622 -378.7924 -374.9418 -356.08 -338.2637 -274.8026 -274.3875 -301.2336 -271.374 -242.831 -248.1439 -239.8506 -244.3907 -272.8912 -354.7822 -288.887 -114.8664 -183.2099 -215.0753 -284.6295 -394.0975 -429.5691 -407.7602 -291.9356 -199.9144 -212.4505 -258.9553 -270.3214 -298.7967 -319.5993 -302.7795 -316.1254 -364.8042 -419.1667 -487.3822 -522.4264 -520.3398 -529.8171 -528.7546 -582.7897 -670.0211 -710.7835 -737.8613 -738.3066 -766.9875 -814.1661 -881.027 -963.0285 -985.4213
