Dropbox/GRP Data/GRP mammal paper/NN_analysis/DATA/2012 input files not used in 2014 analyses/yo_h_bio_5_OLD.asc
ncols         226
nrows         141
xllcorner     -70621.9986746
yllcorner     -77191.4869234
cellsize      821.1860311
NODATA_value  -9999
[rows 58 to 86 of 141, columns 128 to 191 of 226]
2991.801 2975.807 2923.49 2914.291 2815.019 2804.123 2591.745 2472.959 2584.446 2591.464 2615.131 2653.869 2530.376 2519.014 2547.885 2442.89 2228.019 2088.716 2058.474 2040.837 2115.75 2158.649 2164.468 2159.436 2117.652 2039.616 1970.752 1964.143 1916.766 1879.876 1901.036 1875.303 1806.017 1699.248 1709.698 1758.439 1813.029 1926.509 1927.729 1817.982 1695.488 1721.471 1830.972 2039.913 2273.841 2491.196 2517.188 2542.751 2580.442 2589.193 2614.296 2643.77 2675.129 2742.811 2818.742 2829.974 2844.784 2863.076 2825.608 2816.618 2830.144 2853.579 2884.447 2898.061
2871.515 2726.544 2691.387 2809.679 2776.335 2536 2266.497 2242.98 2373.103 2340.941 2351.269 2447.05 2289.562 2277.94 2335.603 2413.65 2320.979 2162.038 2120.308 2086.494 2155.26 2187.954 2176.734 2144.91 2084.432 2029.716 1996.068 1979.293 1918.103 1934.584 2007.305 1940.682 1861.859 1802.589 1807.518 1842.247 1829.74 1928.555 1882.317 1700.728 1578.642 1575.461 1720.95 1945.533 2101.139 2319.981 2435.493 2460.989 2481.062 2509.784 2557.104 2573.15 2561.32 2694.593 2801.246 2816.762 2833.849 2833.773 2804.374 2793.346 2791.862 2738.156 2778.205 2850.023
2568.948 2444.688 2428.386 2477.426 2361.646 2212.792 2099.934 2140.61 2204.591 2081.848 2175.964 2356.192 2341.687 2330.37 2253.429 2220.732 2253.968 2242.632 2209.084 2155.159 2196.929 2192.43 2151.454 2100.781 2060.47 2052.718 2051.319 2014.849 2002.337 2046.078 2054.751 1990.586 1955.849 1895.577 1864.42 1888.897 1844.436 1927.037 1852.796 1677.4 1576.064 1502.056 1532.514 1722.692 1918.81 2096.205 2217.519 2282.035 2359.305 2479.541 2543.802 2573.114 2568.026 2711.588 2789.404 2803.57 2816.341 2807.143 2793.051 2780.897 2755.374 2627.18 2656.354 2766.381
2380.22 2292.996 2190.029 2309.661 2151.56 2082.986 2081.028 2062.956 2084.275 2051.681 2061.012 2092.211 2121.727 2185.061 2248.885 2216.957 2168.682 2153.686 2163.999 2215.588 2201.715 2164.233 2138.815 2107.362 2098.33 2100.433 2092.259 2074.735 2070.032 2095.707 2076.846 2038.783 2022.487 1988.841 1976.156 1934.454 1875.687 1940.007 1824.156 1590.106 1503.166 1468.306 1386.958 1482.167 1776.827 1975.227 2081.552 2199.282 2327.841 2499.854 2602.613 2681.117 2714.13 2769.518 2784.189 2793.471 2798.549 2792.723 2787.556 2776.156 2733.201 2561.778 2556.942 2626.242
2195.828 2151.825 2110.254 2080.067 2045.104 2016.855 2011.347 2012.623 2047.016 2010.459 1975.575 1989.476 2108.748 2050.808 2111.327 2190.39 2220.816 2229.089 2188.439 2158.21 2170.264 2157.54 2145.567 2133.656 2116.464 2101.825 2099.717 2118.872 2122.042 2133.638 2105.061 2083.017 2061.063 2025.299 1996.785 1936.302 1896.662 1969.868 1860.3 1619.154 1410.536 1381.355 1419.967 1636.715 1834.729 2019.328 2080.609 2204.56 2376.185 2529.045 2635.71 2701.408 2746.751 2767.072 2777.902 2787.87 2789.239 2786.118 2784.011 2774.663 2730.156 2569.88 2522.817 2477.623
2242.314 2168.243 2078.699 2075.802 2094.858 2095.494 2068.619 1979.606 1962.251 1945.647 1916.862 2057.568 2074.463 1992.869 2046.024 2114.277 2162.221 2211.396 2167.24 2134.271 2128.194 2136.336 2162.45 2155.439 2142.587 2127.578 2125.318 2136.827 2156.382 2166.554 2152.061 2110.366 2084.26 2071.273 2020.484 1953.887 1988.293 2004.395 1913.93 1753.01 1597.87 1478.738 1503.281 1565.477 1606.174 1903.563 2143.235 2301.681 2447.742 2547.682 2603.53 2683.76 2739.084 2759.31 2770.559 2777.245 2778.625 2783.4 2778.096 2765.998 2753.856 2709.213 2613.187 2442.037
2226.873 2180.089 2142.743 2210.983 2208.55 2185.451 2098.826 1965.892 1877.099 1871.061 1904.37 2057.285 1984.177 1920.468 1989.682 2064.064 2138.389 2176.244 2139.321 2122.79 2125.196 2124.551 2163.721 2166.534 2158.986 2135.906 2129.394 2146.519 2168.64 2181.918 2189.105 2167.887 2145.338 2126.163 2091.828 2068.11 2058.759 2036.238 1938.252 1768.339 1654.741 1555.489 1426.38 1351.492 1596.61 1980.315 2229.408 2384.316 2471.89 2519.135 2614.466 2693.897 2739.534 2752.207 2769.054 2772.794 2778.276 2778.246 2770.516 2750.065 2737.308 2701.494 2630.734 2463.723
2253.495 2218.367 2208.861 2288.112 2285.049 2239.187 2116.012 1979.434 1893.887 1858.749 1863.994 2013.341 1905.469 1862.2 1994.928 2073.945 2127.447 2150.246 2144.118 2143.391 2158.646 2149.398 2148.795 2165.968 2163.275 2151.557 2148.984 2168.201 2190.904 2209.895 2215.727 2193.27 2167.902 2141.393 2109.152 2088.166 2065.686 2034.159 1982.205 1830.752 1633.8 1466.849 1385.306 1488.132 1677.603 2080.447 2315.776 2424.469 2450.31 2523.424 2597.963 2654.776 2714.545 2735.537 2755.577 2762.566 2766.8 2770.411 2755.793 2733.181 2720.315 2702.586 2604.192 2368.475
2292.257 2238.642 2231.81 2302.264 2325.684 2264.661 2152.219 2058.637 2011.851 1941.652 1874.608 1942.812 1863.959 1872.875 2033.9 2089.387 2104.245 2113.025 2132.783 2129.985 2140.074 2136.093 2116.072 2138.213 2142.938 2142.765 2157.446 2173.651 2195.953 2217.166 2226.332 2227.604 2213.11 2147.265 2074.609 2017.403 1962.7 1939.581 1939.68 1892.768 1724.616 1506.597 1495.01 1618.746 1906.347 2192.585 2330.171 2379.479 2459.085 2548.106 2612.979 2648.674 2682.123 2717.77 2727.07 2740.335 2740.805 2749.429 2744.922 2717.454 2703.17 2689.28 2615.126 2398.626
2266.852 2228.82 2258.794 2333.696 2345.362 2256.797 2185.683 2133.345 2070.938 1988.396 1898.204 1847.959 1859.644 1930.391 2055.541 2088.36 2072.815 2073.558 2109.088 2066.54 2069.858 2076.733 2068.043 2097.605 2098.853 2103.913 2130.368 2147.672 2165.241 2184.518 2208.294 2226.177 2233.679 2176.553 2053.383 1886.348 1775.719 1807.237 1870.187 1908.647 1819.053 1644.217 1670.903 1791.828 1960.673 2063.067 2191.808 2281.848 2395.731 2508.821 2594.323 2622.004 2637.874 2701.41 2702.802 2708.545 2695.447 2710.852 2732.539 2702.207 2679.952 2665.829 2597.651 2407.666
2262.691 2277.174 2338.415 2382.68 2324.37 2196.576 2159.557 2094.082 1986.285 1899.53 1828.768 1778.452 1897.638 1983.871 2057.449 2094.185 2049.722 2065.279 2102.375 2011.559 2017.711 2005.359 2013.383 2051.769 2045.219 2063.988 2074.412 2078.885 2085.4 2132.65 2172.88 2176.744 2191.852 2204.229 2100.322 1828.958 1653.403 1730.466 1812.039 1875.819 1843.773 1750.545 1751.536 1807.769 1816.31 1873.203 1967.013 2150.042 2306.74 2440.814 2532.991 2573.958 2624.748 2697.052 2671.114 2665.616 2661.56 2667.161 2698.222 2683.839 2650.087 2605.241 2503.185 2336.963
2372.899 2344.031 2395.297 2395.389 2292.732 2130.637 2063.501 2033.061 1998.167 1883.726 1802.254 1824.505 1971.753 2052.062 2085.761 2102.878 2047.115 2092.502 2085.807 2009.405 2009.087 1931.573 1963.43 1978.467 1987.943 2044.074 2016.528 1970.24 1975.224 2081.981 2141.158 2122.879 2103.264 2175.092 2183.142 1924.868 1684.275 1696.364 1753.159 1820.386 1830.224 1774.518 1710.653 1638.951 1611.374 1748.189 1794.355 2049.133 2264.093 2392.74 2468.899 2537.389 2651.906 2695.54 2632.025 2628.324 2646 2635.6 2653.782 2649.073 2624.782 2554.101 2438.429 2309.417
2417.548 2393.821 2421.768 2386.432 2258.631 2149.929 2039.22 1975.176 1861.202 1777.037 1776.255 1885.226 2004.389 2073.61 2114.366 2108.733 2101.97 2123.758 2062.272 1995.687 1999.518 1925.821 1916.99 1887.602 1913.485 2014.241 1970.784 1880.215 1931.85 2012.502 2105.93 2065.046 1979.073 2087.351 2200.344 2038.703 1756.776 1610.278 1693.91 1761.397 1808.345 1756.506 1675.256 1592.451 1486.302 1631.977 1794.374 2078.65 2272.489 2349.607 2425.323 2532.929 2684.2 2685.351 2589.995 2600.127 2632.874 2612.368 2597.417 2593.152 2611.989 2560.951 2470.988 2356.979
2429.22 2424.073 2410.936 2336.842 2227.655 2143.891 1983.299 1895.138 1886.789 1943.463 1991.839 2018.137 2062.321 2098.11 2131.506 2160.66 2154.49 2063.302 1952.716 1871.696 1948.135 1886.959 1830.806 1834.764 1904.893 1964.755 1907.57 1827.164 1924.594 2050.188 2101.936 2044.878 1960.429 2050.463 2191.399 2119.529 1857.763 1680.905 1624.634 1673.596 1740.565 1708.209 1665.662 1666.387 1633.055 1783.167 2001.893 2223.328 2274.888 2271.099 2368.831 2543.256 2691.347 2676.037 2543.894 2559.144 2607.496 2585.845 2533.846 2544.946 2603.794 2594.571 2535.719 2405.932
2440.862 2431.363 2377.533 2292.076 2249.317 2154.851 1998.043 1948.883 1968.789 2037.802 2078.334 2075.285 2058.158 2129.287 2167.025 2148.518 2080.086 1970.703 1921.261 1859.882 1939.881 1940.065 1881.477 1919.739 1924.439 1877.576 1837.686 1835.888 1940.228 2038.306 2026.226 1968.435 1904.851 1998.718 2148.673 2186.432 2011.058 1815.771 1653.382 1587.129 1665.623 1542.957 1489.58 1576.288 1711.609 1860.764 2056.564 2112.417 2119.957 2153.783 2277.346 2523.68 2689.917 2668.595 2516.879 2516.377 2570.274 2575.46 2548.632 2560.988 2581.342 2562.641 2528.702 2456.154
2441.104 2413.704 2341.569 2265.788 2260.659 2187.233 2064.44 2042.783 2088.699 2134.449 2132.557 2126.041 2071.535 2137.983 2182.262 2146.875 2054.526 1941.391 1924.339 1892.947 1932.44 1965.496 1908.711 1960.98 1964.101 1929.987 1864.104 1833.51 1955.309 1979.261 1967.827 1920.092 1893.516 1984.148 2115.364 2189.693 2147.081 1920.521 1708.484 1599.053 1541.762 1437.721 1418.423 1448.001 1509.236 1477.641 1615.23 1853.72 1974.078 2078.445 2163.522 2354.252 2653.788 2646.529 2502.572 2474.898 2546.991 2551.681 2549.651 2556.63 2550.037 2537.671 2519.259 2533.703
2441.805 2398.826 2325.414 2251.935 2263.178 2232.634 2170.573 2169.629 2217.735 2216.409 2179.419 2183.689 2116.464 2160.498 2190.373 2149.116 2040.634 1940.563 1930.656 1934.416 1968.12 1977.373 1944.968 1985.475 1989.85 1951.98 1842.533 1868.19 1971.764 1939.108 1927.496 1909.541 1902.023 1979.735 1995.59 2063.318 2189.641 2016.412 1756.835 1668.192 1608.173 1515.492 1459.021 1455.369 1511.9 1452.338 1416.471 1494.685 1724.226 1997.762 2142.848 2236.156 2444.159 2611.279 2358.773 2425.597 2519.13 2543.772 2547.996 2531.761 2523.867 2547.422 2539.165 2505.325
2419.67 2367.881 2300.244 2230.12 2247.807 2270.804 2263.845 2282.006 2305.242 2236.559 2212.067 2219.656 2184.286 2202.514 2213.851 2129.856 1998.653 1924.406 1929.644 1953.465 2008.423 1976.561 1984.744 2009.249 1984.541 1893.814 1859.356 1932.759 1969.175 1936.524 1902.762 1871.676 1880.549 1930.202 1883.23 1941.599 2153.786 2085.753 1804.743 1737.306 1711.155 1643.803 1577.968 1489.826 1624.485 1636.451 1579.045 1521.997 1645.03 1967.333 2185.891 2385.104 2553.453 2477.208 2236.938 2403.505 2497.055 2536.345 2515.521 2473.305 2487.248 2548.996 2492.081 2429.424
2379.018 2315.215 2262.143 2212.171 2230.251 2285.1 2318.542 2344.986 2328.381 2232.83 2234.25 2260.153 2269.764 2250.921 2233.744 2093.847 1956.143 1898.287 1933.104 1962.841 2040.015 1991.088 2010.616 1992.861 1935.415 1869.286 1922.242 1982.633 1935.947 1927.891 1892.223 1831.757 1847.383 1870.889 1841.063 1891.522 2104.074 2125.287 1864.368 1806.307 1771.363 1699.315 1603.78 1451.413 1557.352 1674.651 1747.309 1696.588 1680.043 1941.326 2267.333 2537.191 2556.914 2305.979 2238.463 2391.637 2483.204 2541.125 2452.559 2366.773 2447.672 2510.508 2483.467 2438.853
2389.515 2297.757 2278.634 2241.453 2256.625 2275.162 2347.362 2385.967 2325.175 2269.223 2263.993 2399.665 2360.704 2273.991 2190.711 2067.263 1957.961 1893.201 1950.271 2007.131 2077.984 2026.044 2005.459 1943.45 1907.335 1946.802 1970.752 1968.274 1903.452 1863.606 1855.415 1816.477 1820.349 1824.121 1821.595 1879.532 2074.618 2116.334 1873.915 1807.253 1761.301 1674.534 1606.651 1474.16 1474.931 1608.123 1757.073 1788.946 1803.166 1986.296 2350.696 2598.819 2472.437 2279.374 2304.835 2401.597 2506.582 2502.189 2314.128 2249.033 2383.645 2463.243 2457.806 2459.324
2430.619 2322.095 2359.597 2294.807 2281.317 2254.179 2298.303 2417.681 2358.554 2249.82 2317.32 2652 2398.984 2197.35 2060.488 2052.622 1976.315 1910.214 1972.239 2097.415 2098.966 2030.668 1967.526 1956.43 1998.505 2024.769 1985.448 1891.805 1909.366 1798.121 1786.497 1793.725 1772.73 1768.178 1769.709 1862.116 2040.631 2046.085 1805.922 1706.702 1686.728 1640.66 1675.99 1634.98 1575.46 1606.635 1715.135 1806.42 1918.516 2044.291 2342.802 2600.424 2458.855 2351.89 2383.303 2460.78 2528.753 2419.871 2194.792 2169.879 2326.549 2415.065 2446.82 2471.909
2462.903 2380.551 2410.646 2369.496 2348.141 2237.776 2313.914 2494.032 2400.197 2342.564 2574.203 2608.555 2232.883 2003.754 2004.395 2020.093 1959.356 1941.893 2038.499 2143.789 2093.573 2078.52 1999.83 2005.169 2029.542 2023.402 1955.349 1852.003 1912.164 1922.238 1843.112 1763.881 1701.525 1718.57 1758.839 1868 1962.437 1950.229 1772.855 1652.167 1633.441 1670.687 1718.136 1759.735 1712.644 1666.342 1765.976 1865.677 1923.708 1998.335 2216.567 2564.991 2531.277 2407.549 2472.27 2537.439 2485.602 2319.92 2166.267 2141.441 2288.204 2377.845 2454.135 2480.09
2490.748 2414.863 2443.631 2429.858 2355.006 2292.392 2445.308 2665.402 2650.329 2746.242 2743.966 2433.898 2027.879 2086.16 2121.14 2110.77 2084.181 2063.084 2171.484 2190.112 2190.118 2052.842 1994.197 2031.498 1977 1921.751 1898.624 1959.756 1975.733 1925.546 1860.848 1821.686 1754.776 1664.395 1739.417 1867.004 1870.922 1875.117 1774.356 1768.375 1800.351 1821.991 1844.396 1822.365 1833.993 1813.668 1874.487 1959.005 1966.639 2009.611 2151.36 2478.526 2596.172 2535.978 2534.471 2505.273 2366.17 2211.465 2151.664 2127.697 2239.235 2345.186 2423.958 2462.923
2488.961 2495.447 2663.706 2490.473 2420.325 2428.344 2768.71 3049.662 2938.718 2761.105 2540.108 2237.373 2072.771 2247.269 2270.989 2238.1 2166.324 2140.117 2258.072 2231.441 2122.776 2006.745 2029.489 2053.352 1967.316 1930.843 1983.694 2025.13 1942.073 1810.441 1767.766 1752.52 1718.245 1637.471 1673.613 1731.357 1777.148 1805.132 1730.642 1763.595 1800.188 1857.85 1901.625 1912.57 1923.052 1926.062 1930.687 2019.085 2095.283 2069.153 2145.496 2317.583 2538.574 2530.802 2407.403 2285.675 2189.976 2146.048 2104.154 2107.159 2186.864 2248.458 2387.375 2419.305
2673.632 2921.308 3040.938 2799.83 2656.69 2719.347 3051.23 2981.82 2712.082 2567.696 2443.609 2341.933 2295.739 2367.597 2399.709 2369.003 2299.518 2298.408 2351.015 2242.143 2115.772 2034.296 2075.304 2130.667 2053.062 2032.688 2041.002 2009.559 1940.876 1833.188 1793.294 1743 1698.289 1598.75 1606.962 1620.937 1707.199 1719.756 1676.761 1756.409 1812.261 1867.012 1934.62 2011.675 2031.288 2034.343 2048.333 2093.818 2129.327 2135.431 2138.35 2035.554 2144.498 2243.964 2186.306 2162.909 2143.084 2111.914 2044.685 2038.809 2075.2 2221.322 2431.1 2458.037
2964.531 3216.12 3245.483 3129.716 3027.9 3039.463 3022.639 2685.332 2498.835 2512.961 2485.217 2444.763 2405.403 2443.175 2523.5 2460.559 2416.639 2411.257 2443.513 2360.186 2267.505 2243.99 2255.073 2225.011 2111.909 2056.45 1996.101 1926.537 1847.338 1799.451 1745.647 1704.056 1678.898 1616.179 1559.98 1517.083 1554.548 1592.155 1651.663 1720.054 1796.57 1892.462 1959.696 1951.708 1949.058 1944.312 1973.697 2013.783 2063.795 2052.664 2013.096 1927.204 1945.802 2127.684 2035.54 2124.332 2083.967 2036.926 2063.623 2128.841 2197.631 2262.876 2353.667 2403.715
3177.998 3136.705 3039.109 3160.211 3251.665 3183.619 2818.2 2578.817 2567.028 2618.091 2603.234 2531.272 2503.282 2531.248 2515.69 2440.313 2447.521 2416.206 2421.469 2395.289 2362.611 2381.375 2413.55 2310.933 2128.418 2033.652 1954.134 1863.111 1811.99 1781.36 1707.586 1697.198 1720.32 1700.881 1600.52 1520.204 1508.161 1522.059 1634.375 1686.215 1759.314 1879.126 1915.085 1866.654 1870.393 1877.385 1895.423 1944.916 1974.771 1983.154 1921.921 1853.153 1860.926 1999.017 1856.354 2079.849 2066.819 2076.375 2140.536 2149.231 2093.547 2159.581 2357.362 2504.722
3189.438 2863.299 2592.389 2814.562 3102.558 3147.343 2788.107 2720.646 2700.136 2675.687 2677.722 2651.012 2636.612 2546.72 2374.328 2329.198 2355.257 2307.828 2264.587 2244.149 2246.88 2277.581 2401.91 2393.28 2212.472 2061.703 1964.484 1883.302 1870.05 1815.785 1752.861 1748.14 1800.962 1779.973 1651.619 1586.923 1590.647 1466.92 1589.958 1653.017 1724.754 1839.905 1836.819 1820.111 1878.305 1905.465 1915.346 1946.801 1986.797 2014.047 1969.05 1875.839 1830.384 1826.326 1731.718 1962.275 2058.877 2119.63 2142.932 2097.856 2056.038 2189.354 2385.758 2528.886
2961.188 2541.679 2352.941 2367.535 2751.939 3098.437 2929.215 2777.781 2661.829 2569.157 2558.76 2611.969 2556.79 2365.54 2269.255 2227.687 2188.72 2136.581 2090.198 2046.607 2047.993 2091.5 2267.003 2377.115 2337.64 2179.61 2017.412 1954.456 1922.282 1870.972 1853.433 1840.448 1848.685 1777.132 1685.035 1666.979 1674.746 1448.996 1593.71 1674.674 1681.568 1725.254 1734.115 1821.074 1928.604 1953.792 1937.955 1943.504 1999.923 2069.339 2085.592 1991.028 1877.375 1723.983 1689.374 1876.794 2071.447 2143.042 2151.267 2133.879 2141.514 2332.177 2450.837 2522.181
