Dropbox/GRP Data/GRP mammal paper/NN_analysis/DATA/2012 input files not used in 2014 analyses/yo_h_bio_12_OLD.asc
ncols         225
nrows         140
xllcorner     -70621.9986746
yllcorner     -76881.261089429
cellsize      824.83574679378
NODATA_value  -9999
[rows 0 to 28 of 140, columns 128 to 191 of 225]
-9999 -9999 -9999 -9999 -9999 -9999 -9999 -9999 -9999 -9999 -9999 -9999 -9999 -9999 -9999 -9999 -9999 -9999 -9999 -9999 -9999 -9999 -9999 -9999 -9999 -9999 -9999 -9999 -9999 -9999 -9999 -9999 -9999 -9999 -9999 -9999 -9999 -9999 -9999 -9999 -9999 -9999 -9999 -9999 -9999 -9999 -9999 -9999 -9999 -9999 -9999 -9999 -9999 -9999 -9999 -9999 -9999 -9999 -9999 -9999 -9999 -9999 -9999 -9999
93529.16 87068.52 80908.05 76764.21 71930.41 -9999 -9999 -9999 -9999 -9999 -9999 -9999 -9999 -9999 -9999 -9999 -9999 -9999 -9999 -9999 -9999 -9999 -9999 -9999 -9999 -9999 -9999 -9999 -9999 -9999 -9999 -9999 -9999 -9999 -9999 -9999 -9999 -9999 -9999 -9999 -9999 -9999 -9999 -9999 -9999 -9999 -9999 -9999 -9999 -9999 -9999 -9999 -9999 -9999 -9999 -9999 -9999 -9999 -9999 -9999 -9999 -9999 -9999 -9999
91807.96 85443.16 79685.45 75069.21 70347.56 66159.82 63007.37 61279.16 61419.4 -9999 -9999 -9999 -9999 -9999 -9999 -9999 -9999 -9999 -9999 -9999 -9999 -9999 -9999 -9999 -9999 -9999 -9999 -9999 -9999 -9999 -9999 -9999 -9999 -9999 -9999 -9999 -9999 -9999 -9999 -9999 -9999 -9999 -9999 -9999 -9999 -9999 -9999 -9999 -9999 -9999 -9999 -9999 -9999 -9999 -9999 -9999 -9999 -9999 -9999 -9999 -9999 -9999 -9999 -9999
89575.02 83745.91 78221.01 73516.57 68979.83 65075.2 62687.8 61975.38 63214.93 65046.99 66293.45 -9999 -9999 -9999 -9999 -9999 -9999 -9999 -9999 -9999 -9999 -9999 -9999 -9999 -9999 -9999 -9999 -9999 -9999 -9999 -9999 -9999 -9999 -9999 -9999 -9999 -9999 -9999 -9999 -9999 -9999 -9999 -9999 -9999 -9999 -9999 -9999 -9999 -9999 -9999 -9999 -9999 -9999 -9999 -9999 -9999 -9999 -9999 -9999 -9999 -9999 -9999 -9999 -9999
86184.14 81636.48 76863.66 72303.09 67989.39 64841.79 63285.18 63560.77 65717.56 68183.98 69237.21 67949.91 65616.55 62310.56 -9999 -9999 -9999 -9999 -9999 -9999 -9999 -9999 -9999 -9999 -9999 -9999 -9999 -9999 -9999 -9999 -9999 -9999 -9999 -9999 -9999 -9999 -9999 -9999 -9999 -9999 -9999 -9999 -9999 -9999 -9999 -9999 -9999 -9999 -9999 -9999 -9999 -9999 -9999 -9999 -9999 -9999 -9999 -9999 -9999 -9999 -9999 -9999 -9999 -9999
81743.52 79070.66 75829.91 71663.1 67758.55 65276.66 64336.74 65514.09 68388.52 71593.55 72503.66 70389.49 66925.05 64482.26 62028.71 61306.1 -9999 -9999 -9999 -9999 -9999 -9999 -9999 -9999 -9999 -9999 -9999 -9999 -9999 -9999 -9999 -9999 -9999 -9999 -9999 -9999 -9999 -9999 -9999 -9999 -9999 -9999 -9999 -9999 -9999 -9999 -9999 -9999 -9999 -9999 -9999 -9999 -9999 -9999 -9999 -9999 -9999 -9999 -9999 -9999 -9999 -9999 -9999 -9999
77692.89 76950.2 75388.59 71811.2 68393.26 66232.02 65665.01 67591.59 71270.58 75371.73 76660.6 73772.02 68917.08 65218.9 63086.48 62712.62 61771.89 61259.04 61332.83 -9999 -9999 -9999 -9999 -9999 -9999 -9999 -9999 -9999 -9999 -9999 -9999 -9999 -9999 -9999 -9999 -9999 -9999 -9999 -9999 -9999 -9999 -9999 -9999 -9999 -9999 -9999 -9999 -9999 -9999 -9999 -9999 -9999 -9999 -9999 -9999 -9999 -9999 -9999 -9999 -9999 -9999 -9999 -9999 -9999
76782.63 77385.66 76781.75 72819.98 69427.52 67626.79 67198.79 69535.69 74891.34 77808.36 80426.57 76299.19 70902.63 66297.86 63711.01 62565.09 61663.16 60820.45 60974.8 60336.71 59729.73 58961.35 -9999 -9999 -9999 -9999 -9999 -9999 -9999 -9999 -9999 -9999 -9999 -9999 -9999 -9999 -9999 -9999 -9999 -9999 -9999 -9999 -9999 -9999 -9999 -9999 -9999 -9999 -9999 -9999 -9999 -9999 -9999 -9999 -9999 -9999 -9999 -9999 -9999 -9999 -9999 -9999 -9999 -9999
81756.15 82106.74 80918.86 75853.81 70630.55 68419.6 68295.16 72242.48 77937.48 81188.4 82708.07 79285.08 72274.05 67476.78 63994.57 62920.77 62067.16 61078.59 60436.18 59866.47 59541.69 58805.06 58969.89 58524.44 -9999 -9999 -9999 -9999 -9999 -9999 -9999 -9999 -9999 -9999 -9999 -9999 -9999 -9999 -9999 -9999 -9999 -9999 -9999 -9999 -9999 -9999 -9999 -9999 -9999 -9999 -9999 -9999 -9999 -9999 -9999 -9999 -9999 -9999 -9999 -9999 -9999 -9999 -9999 -9999
92587.13 91136.62 87004.05 80028.86 72756.34 69458.56 69907.05 74731.96 80529.22 87066.23 86552.43 81315.98 73547.15 67656.55 65008.96 62150.8 61325.23 60794.77 60158.88 59694.13 60080.95 60322.61 59671.63 59310.19 58171.2 57416.3 55185.9 -9999 -9999 -9999 -9999 -9999 -9999 -9999 -9999 -9999 -9999 -9999 -9999 -9999 -9999 -9999 -9999 -9999 -9999 -9999 -9999 -9999 -9999 -9999 -9999 -9999 -9999 -9999 -9999 -9999 -9999 -9999 -9999 -9999 -9999 -9999 -9999 -9999
103259.3 99460.34 92569.18 83668.27 75402.93 70923.27 71828.16 76711.55 84155.95 91548.42 89689.89 84693 77131.14 69502.99 64919.11 62820.51 61325.82 60765.81 60180.89 60814.51 62394.34 63470.13 62807.07 60872.71 58734.83 57556.95 55881.26 52112.42 45538.47 -9999 -9999 -9999 -9999 -9999 -9999 -9999 -9999 -9999 -9999 -9999 -9999 -9999 -9999 -9999 -9999 -9999 -9999 -9999 -9999 -9999 -9999 -9999 -9999 -9999 -9999 -9999 -9999 -9999 -9999 -9999 -9999 -9999 -9999 -9999
110733.6 105074.9 95901.3 85251.54 76728.19 72108.96 73165.16 79086.9 87843.51 96503.09 95082.52 90263.11 80748.31 70913.7 64753.88 62957.93 61182.63 60823.52 61191.01 62869.3 64824.27 65942.59 64822.62 62833.64 60724.7 58177.24 56440.75 52954.43 47364.81 40702.75 35680.07 31550.77 -9999 -9999 -9999 -9999 -9999 -9999 -9999 -9999 -9999 -9999 -9999 -9999 -9999 -9999 -9999 -9999 -9999 -9999 -9999 -9999 -9999 -9999 -9999 -9999 -9999 -9999 -9999 -9999 -9999 -9999 -9999 -9999
115123.4 106281.8 96006.76 84807.75 76613.7 72846.98 74037.82 80458.38 90534.27 100620.8 100415.4 94984.51 83935 73159.76 65912.91 63171.13 61901.32 61944.89 62994.19 65199.5 68138.45 69177.55 68090.22 64530.09 61813.07 58564.93 57065.45 53514.03 48350.75 41816.51 35910 30918.17 27250.48 25228.35 -9999 -9999 -9999 -9999 -9999 -9999 -9999 -9999 -9999 -9999 -9999 -9999 -9999 -9999 -9999 -9999 -9999 -9999 -9999 -9999 -9999 -9999 -9999 -9999 -9999 -9999 -9999 -9999 -9999 -9999
115382.4 104006.9 93166.95 82720.37 75571.59 73015.79 74740.59 81513.66 92880.97 103675.3 103440.2 97574.45 86143.23 75151.46 67983.95 64952.75 63957.51 64175.73 65401.46 68163.02 70605.3 70772.65 68670.61 64457.06 61793.73 57965.5 56817.04 53839.64 49178.79 42252.59 35438.86 30235.02 26794.59 25048.77 24181.64 23882.3 23771.67 -9999 -9999 -9999 -9999 -9999 -9999 -9999 -9999 -9999 -9999 -9999 -9999 -9999 -9999 -9999 -9999 -9999 -9999 -9999 -9999 -9999 -9999 -9999 -9999 -9999 -9999 -9999
112600.6 100902.5 88710.43 80115.46 74646.37 72975.23 75422.38 84334.28 97647.23 104964 103158.3 97536.31 88706.29 80244.79 74691.88 70866.27 68070.45 67619.29 68465.49 70364.2 70311.03 68853.67 66300.72 62778.13 59653.18 57046.65 56018.29 53106.85 49037.26 42094.22 34699.55 29506.06 26472.04 25092.44 24360.31 24083.82 23961.02 23663.11 23634.06 -9999 -9999 -9999 -9999 -9999 -9999 -9999 -9999 -9999 -9999 -9999 -9999 -9999 -9999 -9999 -9999 -9999 -9999 -9999 -9999 -9999 -9999 -9999 -9999 -9999
111024.2 99857.43 85711.75 78706.71 74898.29 73896.97 77184.77 90495.74 105369.8 105368.4 102118.6 97384.1 93662.77 90019.51 86181.2 78792.6 73430.34 71780.44 71303.74 70089.52 67120.09 63863.63 61414.65 58921.13 56122.49 56223.24 54883.91 51156.77 47022.75 40724.75 33595.98 28850.1 26334.93 25264.17 24599.62 24289.19 24135.25 23824.98 23717.12 24022.94 25188.78 27256.83 -9999 -9999 -9999 -9999 -9999 -9999 -9999 -9999 -9999 -9999 -9999 -9999 -9999 -9999 -9999 -9999 -9999 -9999 -9999 -9999 -9999 -9999
113046.6 102560.7 88540.2 79668.11 76427.76 77114.58 82631.05 99357.52 111629.9 109702.9 106172.4 103114.3 101640.6 98936.27 94653.63 82934.88 77597.15 75207.62 72182.7 67255.27 62201.2 57382.84 54138.66 53006.07 53635.06 54998.49 53452.42 49216.48 44211.3 38277.87 32088.76 28401.28 26441.3 25539.48 24841.68 24447.55 24323.66 24032.2 23903.8 24378.64 25685.35 27938.55 31014.27 34159.43 -9999 -9999 -9999 -9999 -9999 -9999 -9999 -9999 -9999 -9999 -9999 -9999 -9999 -9999 -9999 -9999 -9999 -9999 -9999 -9999
116209.9 104897.7 91380.64 83033.94 78553.36 81407.77 91101.12 106431 120159.6 118909.5 114969.9 113034.8 112748.6 110466.3 104076.7 91578.38 81749.67 77326.04 71248.55 63003.78 55297.89 50184.26 49815.78 50798.3 52129.04 53394.75 53066.09 49065.59 43573.33 37167.37 31344.13 28252.29 26750.7 25868.71 25165.05 24709.81 24630.05 24400.05 24219.54 24834.1 26234.28 28415.16 31609.37 34658.73 36772.61 38053.44 39384.36 -9999 -9999 -9999 -9999 -9999 -9999 -9999 -9999 -9999 -9999 -9999 -9999 -9999 -9999 -9999 -9999 -9999
117309.9 107606.4 94436.12 85551.82 80926.17 84682.79 95654.16 110812.9 127904.2 128538.2 124302.7 121247.2 120257.8 117310.9 110323.3 97758.41 87135.55 78543.32 68886.98 58573.22 50741.5 47740.75 48466.96 50000.23 51708.02 53148.37 53412.97 51570.5 45158.34 37649.09 31634.66 28643.78 27263.08 26133.21 25567.94 24969.96 24900.79 24843 24689.25 25208.5 26737.54 28802.48 32210.01 35092.02 37026.5 38200.25 38638.3 40477.46 42530.92 -9999 -9999 -9999 -9999 -9999 -9999 -9999 -9999 -9999 -9999 -9999 -9999 -9999 -9999 -9999
120348.1 112184.1 100312.3 91720.34 86752.37 88910.51 98897.59 110417.7 129487.7 134741.9 131494.2 126945.5 123872 120238 114026.3 100205.7 89477.69 79363.57 66391.64 55228.51 49784.86 49925.75 52031.64 53160.25 54175.03 55114.74 55983.59 54376.44 47570.44 38936.34 32237.51 29076.87 27782.77 26621.51 25931.9 25564.95 25393.58 25209.46 25339.04 25866.97 27340.45 29526.46 32618.97 35505.88 37503.75 38213.02 38079.26 38854.31 40216.53 42274.77 45037.66 45474.47 -9999 -9999 -9999 -9999 -9999 -9999 -9999 -9999 -9999 -9999 -9999 -9999
128113.8 120015.8 108735 97845.58 91043.26 92665.63 101401.9 111014.8 127366.6 137677.1 136522.3 131668.4 127274.6 123389.9 116235.5 101183.1 90430.76 77874.86 63196.4 54520.53 54070.92 57786.56 61067.77 60836.89 58269.15 57197.14 57747.26 56370.4 49471.11 40290.73 33345.69 29745.76 28170.69 27136.66 26424.47 26177.14 26009.65 25814.31 25736.92 26632.55 28078.81 30353.41 33228.36 36004.21 37690.5 38123.83 37788.19 38109.83 38668.73 39174.09 40612.08 40745.12 39979.22 38977.52 38131.25 -9999 -9999 -9999 -9999 -9999 -9999 -9999 -9999 -9999
135126.1 128221.9 117928.9 105795.8 97268.2 96227.51 103158.8 111494.9 124126.4 137101.6 139966.7 136279 131094 125606.8 116616.7 102732.4 90647.67 74085.88 62346.9 59343.79 62753.8 67963.8 69069.66 66130.49 62600.11 60241.48 58508.61 57319.69 50959 41676.98 34765.66 31010.52 29066.8 27962.29 27267.93 26919.21 26741.26 26628.33 26500.51 27294.26 28856.71 31118.05 33641.4 35906.96 37611.81 38192.63 37969.28 37723.59 37874.15 37719.87 37819.63 37697.89 37140.21 36194.86 35069.27 33738.68 32721.56 -9999 -9999 -9999 -9999 -9999 -9999 -9999
139704.3 134597 126688 116014 105852.1 100826.6 104861.1 111693.2 121656.4 134330.8 141659.3 140005.3 134491.2 127427.3 117309.6 102541.2 87039.84 72898.49 68513.78 71505.67 76284.91 78620.38 76103.21 70617.45 66460.37 62498.27 58631.84 57814.73 52044.38 43342.01 37147.81 33735.92 31491.02 30152.17 29070.44 28339.02 27864.64 27575.3 27405.51 28113.84 29535.23 31389.37 33638.99 35656.96 36919.95 37711.92 37662.24 37294.04 37245.26 36855.59 36239.16 35580.14 34906.21 34105.11 33041.27 32024.8 31153.62 29858.29 28771.3 27950.78 -9999 -9999 -9999 -9999
142793.6 138797 133829.4 126398.1 116151.5 108498.7 107584.2 112132.4 119830.6 130327 139617.6 139240.7 134316.1 126184 114796.3 99032.23 84874.64 80645.23 85075.55 90728.44 93056.53 90231.38 82844.61 74955.54 69546.07 64002.29 58401.08 58066.38 52796.07 45256.93 40544.05 38012.47 35783.8 34167.17 32500.14 30937.18 29736.01 29052.94 28746.36 29268.79 30355.24 31822.79 33403.09 34989.98 35845.75 36703.85 37087.96 36902.04 36581.98 35914.8 35313.97 34450.68 33729.47 32853.64 31896.76 31041.52 30041.81 28548.06 27786.4 26958.4 26470.4 26318.12 -9999 -9999
143777.3 141384.8 138551.2 134603.1 127479 118940.9 112021.7 113223.6 117828.2 125609.7 132674.4 131936.7 127456.9 118815.4 107405.1 97095.84 93489.34 99467.27 109023.7 112551.1 109599.6 101098.2 88112.4 77760.22 71071.41 64514.14 58097.3 57865.29 53031.88 47226.53 44396.03 42766.12 40822.21 39023.98 36766.79 34238.89 32155.67 31079.8 30662.47 31071.84 31651.32 32526.58 33460.17 34295.54 35165.78 36051.19 36650.63 36647.07 36005.07 35250.92 34698.98 33967.39 33152.52 32314.16 31481.39 30596.37 29624.24 28180.69 27249.14 26472.42 26083.06 26092.07 26132.47 26117.64
142809.6 142913.3 142587.4 140503.4 134661.4 125944.2 118076.2 116314.5 116991.4 122156.6 124536.7 123149.4 116001.9 109496.2 105438.1 105828.5 112071.6 122503.2 129356.7 128005.6 120976.9 105310.4 89324.76 77811.2 69755.61 62085.56 57694.54 56791.12 52864.46 49389.22 48159.7 46872.34 45064.16 43173.58 40501.77 37425.71 34783.59 33601.69 33273.38 33761.72 33680.23 33639.88 34131.01 34255.53 35234.63 36105.36 36573.33 36380.34 35493.52 34806.26 34253.11 33825.13 33011.99 32169.47 31434.29 30616.9 29758.71 28495.18 27136.88 26475.82 26047.42 25987.4 26129.43 26057.94
142759.9 144134.7 145436.2 144460.7 140043.5 133204.7 125110.4 121615.6 118399.4 121082.4 121645 117531.3 110617.1 106693.5 110641.7 119295.7 127644.6 133446 134500.5 129082.5 117416.7 98538.67 83705.37 73328.31 64633.5 56549.59 55982.27 54374.83 53524.02 52419.12 51873.17 50578.18 48459.38 46248.83 43599.05 40395.01 37736.12 36838.44 36714.15 37155.2 36498.13 35678.14 35361.12 35126.25 35823.19 36581.36 36915.82 36163.43 35241.49 34420.15 34187.96 34036.19 33416.59 32550.11 31868.58 31239.31 30304.96 28957.05 27390.02 26768.38 26257.97 26036.35 26132.86 26000.92
142587.8 145764.9 148482.9 148324.2 144640 138627 131047.7 127869.7 124096.4 126308.5 125421.8 119399.9 113585.8 111150.8 117341.9 125022.5 130727.1 128683.3 120714.3 107848.7 93111.75 78577.52 67793.63 59106.08 51833.3 51188.94 50262.67 52242.64 54348.16 55751.82 55890.49 54361.26 52280.05 49632.15 46308.8 43027.53 41002.24 40228.57 40166.06 40600.04 39929.03 38175.89 37125.35 36663.94 36867.39 37698.81 37806.61 36829.79 36053.96 34941.5 34925.61 34746.41 34125.43 33741.36 33180.74 32485.95 31265.76 29551.79 27934.77 27160.5 26694.54 26307.31 26278.14 26156.3
141847.7 145509.8 149001.4 149993.8 148481.7 143546.1 136111.1 132765.5 128310.7 129573.4 129300.8 125696.2 121760 116729.1 119916.5 122847.6 120960.2 110608.9 96479.84 81822.3 69801.2 60648.73 53144.47 48288.65 46751.23 48181.23 49914.06 53590.73 57993 59637.88 59440.78 57814.65 55828.47 53517.12 50645.55 47019.49 44517.82 43755.15 44402.61 44570.07 43327.73 41153.67 39188.74 38237.32 38055.71 38471.58 39396.14 39121.08 37927.63 36717.83 36048.3 35549.07 34793.89 34564.86 34207.91 33316.02 31915.5 30201.26 28576.96 27588.25 27174.49 26754.83 26519.57 26120.46
