Dropbox/GRP Data/GRP mammal paper/NN_analysis/DATA/2012 input files not used in 2014 analyses/yo_h_bio_6_OLD.asc
ncols         226
nrows         141
xllcorner     -70621.9986746
yllcorner     -77191.4869234
cellsize      821.1860311
NODATA_value  -9999
[rows 27 to 53 of 141, columns 62 to 123 of 226]
-9999 -9999 -9999 -9999 -9999 -9999 -9999 -9999 -9999 -9999 -9999 -9999 -9999 -9999 -9999 -9999 -9999 -9999 -9999 -9999 -9999 -9999 -527.9255 -553.2341 -591.8314 -606.0286 -623.0786 -685.8648 -696.6671 -709.965 -734.0303 -765.7755 -763.6699 -790.7108 -836.243 -841.2368 -850.2355 -916.588 -966.6894 -958.3436 -948.5973 -921.3575 -958.8246 -951.8344 -964.15 -981.0162 -1011.698 -1045.507 -1056.867 -1053.987 -1060.61 -1013.334 -1046.336 -1080.6 -1105.532 -1147.533 -1189.407 -1216.943 -1294.641 -1362.45 -1376.888 -1265.449
-9999 -9999 -9999 -9999 -9999 -9999 -9999 -9999 -9999 -9999 -9999 -9999 -9999 -9999 -9999 -9999 -9999 -9999 -9999 -9999 -9999 -518.965 -533.7559 -559.0799 -600.2199 -628.831 -639.6528 -669.6521 -695.2603 -738.9021 -801.5322 -849.2319 -839.6675 -818.9089 -818.0712 -835.4257 -849.9886 -867.737 -890.2755 -915.515 -925.8522 -933.5748 -955.0969 -947.5821 -968.707 -994.4907 -1011.992 -1034.951 -1036.943 -1033.494 -1027.403 -1008.292 -1126.489 -1133.609 -1128.12 -1131.919 -1166.56 -1233.981 -1269.084 -1395.787 -1371.819 -1260.626
-9999 -9999 -9999 -9999 -9999 -9999 -9999 -9999 -9999 -9999 -9999 -9999 -9999 -9999 -9999 -9999 -9999 -9999 -9999 -421.0865 -490.147 -524.1797 -528.5684 -560.6828 -608.6223 -643.8105 -648.8421 -636.0679 -692.7842 -745.6285 -816.699 -853.443 -847.8646 -825.8934 -813.9193 -847.7678 -874.5378 -877.1265 -887.7397 -908.5784 -921.2278 -936.1057 -952.2956 -968.5999 -982.0609 -1014.731 -1031.569 -1035.52 -1030.209 -1021.741 -1016.377 -1078.323 -1153.356 -1098.508 -1099.95 -1146.646 -1216.693 -1288.093 -1272.653 -1334.875 -1299.586 -1232.861
-9999 -9999 -9999 -9999 -9999 -9999 -9999 -9999 -9999 -9999 -9999 -9999 -9999 -9999 -9999 -9999 -9999 -9999 -409.5552 -452.653 -508.347 -526.9818 -529.5883 -566.8187 -607.5742 -631.2436 -630.0521 -643.08 -696.0496 -728.9962 -773.248 -791.9091 -794.4611 -804.5791 -818.4153 -873.3866 -901.6676 -906.1774 -921.5583 -914.6879 -916.4098 -937.5831 -964.783 -989.7813 -994.7371 -1034.46 -1047.084 -1034.985 -1012.484 -995.6167 -1005.264 -1085.743 -1094.168 -1041.336 -1077.154 -1191.687 -1232.477 -1251.784 -1254.507 -1265.494 -1246.973 -1229.182
-9999 -9999 -9999 -9999 -9999 -9999 -9999 -9999 -9999 -9999 -9999 -9999 -9999 -9999 -9999 -9999 -9999 -401.0573 -444.2044 -488.0071 -519.54 -530.3509 -544.464 -572.7276 -590.3555 -600.1878 -611.0955 -665.093 -707.2837 -716.4929 -729.1181 -747.9999 -767.6484 -815.5516 -847.9952 -907.0897 -914.5808 -910.2189 -903.5473 -885.9103 -900.411 -941.5444 -982.106 -988.4149 -1006.414 -1029.137 -1029.453 -1011.224 -979.0976 -962.2392 -1000.885 -1037.282 -1027.908 -1020.076 -1080.678 -1178.587 -1171.871 -1168.438 -1210.347 -1233.749 -1243.254 -1243.614
-9999 -9999 -9999 -9999 -9999 -9999 -9999 -9999 -9999 -9999 -9999 -9999 -9999 -9999 -9999 -371.3427 -393.7414 -437.8358 -482.4987 -510.2638 -525.5905 -533.4968 -550.0492 -557.9214 -564.575 -579.0003 -621.3928 -644.1409 -700.0015 -693.8705 -698.2349 -750.0275 -806.0135 -871.9003 -891.4473 -916.842 -905.664 -896.4568 -852.6129 -854.0932 -891.4192 -915.9919 -956.6368 -960.2468 -1002.484 -1003.168 -990.4642 -971.3452 -960.2168 -962.7335 -1019.218 -1049.203 -1021.86 -997.0264 -1059.391 -1074.158 -1113.219 -1168.464 -1209.473 -1228.393 -1238.003 -1241.707
-9999 -9999 -9999 -9999 -9999 -9999 -9999 -9999 -9999 -9999 -9999 -9999 -9999 -9999 -365.6917 -382.1159 -425.8398 -480.5008 -501.8239 -493.479 -525.2478 -531.216 -547.4208 -548.0793 -539.1548 -598.9274 -628.1233 -669.0266 -677.8269 -661.2204 -678.7302 -770.9142 -860.2932 -873.8401 -865.0917 -865.4402 -874.6604 -823.895 -791.3125 -824.1027 -865.6495 -889.6062 -906.4478 -902.4481 -991.2016 -1003.948 -993.7794 -967.1545 -960.219 -997.023 -1027.103 -1023.272 -1006.892 -995.0333 -1036.828 -1039.66 -1088.922 -1166.104 -1211.996 -1234.634 -1242.69 -1243.045
-9999 -9999 -9999 -9999 -9999 -9999 -9999 -9999 -9999 -9999 -9999 -9999 -9999 -356.769 -370.0241 -414.6991 -470.0565 -491.8471 -464.2864 -515.7065 -530.5905 -532.1675 -513.1163 -514.022 -524.8329 -582.4019 -616.1977 -628.0367 -612.6174 -677.848 -833.1346 -849.5894 -848.3608 -857.9506 -846.2598 -782.1719 -720.4313 -749.1083 -797.3287 -781.2948 -758.899 -803.3802 -818.1995 -922.8921 -944.1945 -1010.657 -971.8823 -923.671 -973.7051 -1013.998 -1035.552 -1028.57 -1003.48 -1072.691 -1056.972 -1061.431 -1158.086 -1221.381 -1219.605 -1217.22 -1264.025 -1244.111
-9999 -9999 -9999 -9999 -9999 -9999 -9999 -9999 -9999 -9999 -9999 -361.4083 -357.7847 -364.0316 -384.3184 -440.7953 -482.1661 -487.4482 -488.6868 -498.9306 -529.9932 -526.2631 -500.0396 -506.5408 -518.6996 -535.052 -556.8493 -616.9545 -651.6176 -692.3361 -760.887 -802.4695 -844.648 -802.839 -769.5869 -690.8695 -716.412 -869.6259 -797.5854 -764.7187 -788.7414 -922.9904 -914.912 -882.7064 -900.0821 -943.6078 -936.902 -916.2627 -957.2831 -982.0243 -1049.295 -1067.463 -1121.399 -1075.501 -1061.633 -1171.396 -1216.292 -1239.464 -1234.711 -1235.422 -1261.639 -1254.947
-9999 -9999 -9999 -9999 -9999 -9999 -9999 -9999 -9999 -9999 -363.4539 -348.1407 -354.2492 -378.7632 -422.0545 -460.3198 -479.3137 -488.902 -493.6918 -483.9199 -521.5654 -507.8966 -492.9241 -502.6226 -512.6075 -541.933 -589.6782 -615.9588 -629.8166 -736.9053 -794.0888 -814.639 -808.0194 -738.0054 -660.1561 -684.6555 -829.5542 -730.0834 -705.9864 -725.1355 -850.6829 -976.9409 -999.9264 -988.1807 -969.9633 -972.6118 -996.7222 -1039.874 -1078.124 -1080.387 -1087.631 -1145.882 -1124.428 -1016.497 -1080.971 -1221.405 -1244.844 -1268.064 -1276.773 -1268.137 -1260.721 -1233.571
-9999 -9999 -9999 -9999 -9999 -9999 -9999 -9999 -327.2654 -347.461 -348.6772 -347.793 -369.7003 -408.5882 -434.2421 -456.6363 -471.4375 -469.9636 -479.3162 -496.773 -518.0654 -496.9017 -491.7045 -507.9956 -528.7581 -565.4627 -609.6828 -593.5067 -649.5861 -758.129 -797.6278 -779.3127 -729.2427 -691.7794 -622.0052 -740.7852 -758.9315 -665.0712 -676.4997 -787.205 -941.2593 -990.3995 -1055.944 -1036.077 -1013.849 -1007.785 -1022.34 -1070.48 -1116.881 -1119.366 -1103.929 -1065.58 -1016.177 -1008.889 -1179.52 -1276.259 -1292.346 -1275.928 -1264.646 -1269.7 -1254.09 -1201.449
-9999 -9999 -9999 -9999 -9999 -9999 -9999 -308.1073 -318.4865 -335.4106 -338.8386 -360.4751 -397.188 -424.7225 -437.8674 -449.2444 -454.9395 -464.7865 -488.0591 -508.8334 -516.3049 -481.5344 -489.032 -509.4234 -543.4971 -575.9333 -587.8904 -573.9822 -675.1859 -762.4621 -766.5778 -716.7155 -667.6102 -644.9909 -605.6977 -715.8102 -643.6729 -647.7828 -697.3668 -881.0313 -1006.573 -1023.715 -1090.769 -1061.683 -1050.006 -1029.802 -1068.956 -1094.267 -1143.522 -1139.575 -1114.579 -943.8722 -928.5463 -1026.821 -1230.427 -1294.054 -1323.423 -1281.189 -1259.262 -1248.86 -1241.935 -1133.521
-9999 -9999 -9999 -9999 -9999 -9999 -297.9789 -301.9151 -316.8973 -328.1872 -344.2267 -374.9751 -418.4296 -428.763 -440.9405 -444.8458 -441.2259 -468.869 -494.746 -508.4584 -510.9948 -464.9932 -483.0532 -500.8456 -540.8367 -567.6406 -573.3295 -610.7582 -690.884 -747.6218 -729.3577 -656.2606 -645.8666 -616.7374 -593.2372 -635.7286 -602.6391 -669.5043 -804.5086 -938.3552 -1016.498 -1037.551 -1059.292 -1056.81 -1083.452 -1064.727 -1118.46 -1127.941 -1170.292 -1156.379 -1103.06 -877.3768 -907.9396 -1059.293 -1189.495 -1281.276 -1291.819 -1235.086 -1247.306 -1229.991 -1220.181 -1092.911
-9999 -9999 -9999 -9999 -265.9407 -281.4245 -293.4302 -301.8346 -316.1239 -326.9962 -353.209 -386.7964 -424.477 -433.9271 -438.6066 -437.3933 -439.8713 -456.3079 -476.929 -503.2115 -504.4335 -454.1701 -477.9418 -496.9971 -531.0453 -556.7014 -600.3123 -671.1934 -692.4596 -711.0117 -691.506 -622.8404 -650.8055 -613.4708 -580.3615 -595.2246 -606.5301 -765.3693 -940.5215 -942.8259 -964.9595 -975.9642 -975.6763 -1028.815 -1090.794 -1092.066 -1114.37 -1124.985 -1168.558 -1100.404 -998.8947 -850.1136 -935.3672 -1110.733 -1171.569 -1269.951 -1250.159 -1203.31 -1240.805 -1233.046 -1188.957 -1113.735
-9999 -9999 -9999 -229.1304 -262.2848 -271.2426 -293.6155 -307.0399 -317.0946 -332.2267 -350.4718 -400.3336 -423.3841 -429.4236 -433.6128 -432.614 -440.0031 -435.5444 -471.296 -491.0774 -497.4839 -439.8157 -471.3716 -508.5963 -527.587 -557.2361 -625.727 -646.5492 -652.7807 -662.0234 -642.1859 -644.7382 -666.6744 -586.3962 -531.7812 -598.1108 -645.0478 -880.6797 -932.2565 -908.4766 -880.6809 -891.0693 -932.3416 -1041.065 -1070.141 -1061.986 -1069.544 -1093.594 -1126.805 -939.6943 -829.3647 -870.2318 -1001.563 -1153.055 -1246.603 -1260.937 -1268.605 -1271.801 -1272.962 -1256.415 -1180.381 -1166.031
-9999 -206.2208 -227.1803 -231.8716 -251.6418 -230.5546 -288.4529 -303.2929 -327.3743 -369.2506 -380.3643 -397.6192 -413.8054 -403.3372 -421.0553 -450.5297 -431.7527 -433.6664 -451.3139 -461.9917 -464.4713 -422.8455 -443.2041 -488.9911 -510.5265 -543.3361 -588.0879 -596.1411 -624.3398 -571.7668 -579.4531 -679.6684 -664.612 -525.5443 -483.1678 -650.1428 -883.1134 -895.2474 -884.4523 -880.0948 -882.2 -919.5807 -902.5447 -1022.71 -1047.007 -1044.065 -1045.7 -1065.964 -976.1819 -831.2894 -881.3029 -1090.653 -1113.513 -1134.486 -1203.363 -1226.659 -1259.985 -1270.448 -1273.996 -1271.338 -1245.107 -1227.754
-223.4865 -223.7946 -228.7689 -227.9991 -200.1586 -254.3219 -283.9814 -295.7249 -321.8792 -365.2247 -376.6609 -393.6154 -397.9476 -392.2134 -422.4114 -428.9825 -407.0962 -406.561 -421.2834 -428.013 -384.039 -391.3787 -430.6318 -439.0715 -480.3521 -532.9807 -550.2851 -562.741 -575.0798 -561.9496 -608.2111 -742.7188 -701.239 -517.8932 -468.9951 -714.5753 -873.3125 -874.1978 -871.5082 -863.6835 -889.4585 -885.2819 -881.8919 -1009.316 -1046.04 -1033.913 -961.0522 -779.6078 -736.7443 -918.0607 -1038.457 -1092.771 -1211.38 -1153.306 -1193.685 -1214.113 -1262.718 -1268.015 -1274.488 -1273.847 -1275.627 -1229.074
-223.5941 -220.4068 -222.4096 -237.6477 -235.5229 -252.7056 -276.088 -297.8965 -320.0438 -342.3452 -372.1482 -390.5812 -385.5724 -396.1242 -384.5245 -408.8695 -382.9526 -373.7619 -376.0263 -373.2566 -356.1406 -383.5174 -426.0365 -422.5492 -452.7045 -493.9316 -512.1338 -560.2109 -572.5957 -634.3037 -676.5401 -733.8796 -689.7313 -519.4306 -431.8817 -596.3249 -835.354 -817.1943 -814.7069 -861.759 -894.2354 -858.0124 -860.3375 -967.3867 -968.6826 -935.98 -765.7546 -728.4443 -876.1427 -994.8596 -1038.545 -1113.009 -964.4193 -1011.184 -1163.828 -1212.156 -1258.987 -1263.997 -1271.679 -1270.038 -1181.197 -1178.819
-228.1098 -220.8976 -216.9396 -225.7829 -230.5166 -219.2053 -251.1172 -268.8532 -291.5435 -324.4583 -357.6315 -356.5502 -355.2589 -379.0148 -380.835 -369.0853 -361.9823 -353.4483 -352.4356 -353.8379 -352.6363 -378.7824 -398.5629 -412.4418 -454.7758 -497.0627 -532.1695 -554.3276 -605.3818 -658.8465 -677.7179 -648.5522 -573.0714 -488.0803 -404.0302 -538.063 -803.2792 -778.3507 -780.2534 -852.6219 -866.4483 -842.4481 -836.0493 -868.2924 -772.5915 -747.1083 -740.975 -846.2993 -935.4254 -968.1725 -1017.988 -1011.698 -900.9227 -950.4614 -1108.688 -1135.532 -1235.937 -1249.402 -1262.171 -1165.797 -1141.314 -1156.363
-222.7653 -198.4868 -191.3748 -197.481 -224.3262 -214.7612 -237.2247 -258.5013 -285.493 -301.5573 -317.1808 -327.8857 -371.5929 -393.1135 -394.7873 -371.7307 -348.3818 -342.6273 -341.2852 -345.2365 -367.536 -390.9125 -382.2664 -408.1068 -461.9077 -506.5312 -534.1929 -569.1689 -613.277 -635.4373 -664.5375 -599.0256 -487.5584 -416.4815 -386.6646 -510.8966 -727.8241 -703.9987 -680.2628 -800.2766 -827.6237 -823.976 -830.7627 -721.1139 -654.0298 -701.3387 -795.5788 -914.242 -948.0221 -963.133 -1009.274 -968.0308 -958.3547 -1015.87 -1049.516 -1105.862 -1229.029 -1239.168 -1241.399 -1086.619 -1090.329 -1122.92
-187.101 -176.9404 -174.0865 -182.3001 -214.3219 -218.8229 -235.1787 -259.1687 -267.5817 -275.5345 -287.4122 -306.6036 -361.239 -397.4116 -418.4594 -404.9318 -355.9962 -331.7414 -335.7115 -339.7419 -382.2541 -386.3728 -380.711 -422.191 -464.2007 -504.6375 -526.8769 -562.5412 -598.4634 -615.5104 -623.7979 -550.57 -434.2679 -367.9489 -373.9325 -476.8402 -647.6669 -616.4854 -605.0143 -724.6695 -778.6191 -804.6069 -732.8725 -587.9179 -619.9718 -737.08 -834.0209 -910.7211 -932.4265 -961.7776 -990.1848 -1025.863 -1041.923 -1081.978 -1018.911 -1010.089 -1080.034 -1182.707 -1155.765 -1046.201 -1054.624 -1107.592
-156.744 -175.3852 -184.0892 -152.4289 -161.2052 -177.8809 -195.2404 -222.4709 -230.5518 -258.0656 -274.688 -296.1808 -322.3175 -361.461 -403.722 -397.3225 -357.7275 -321.1569 -330.2102 -346.5869 -391.0777 -363.6993 -380.5748 -431.4384 -455.4087 -488.2096 -514.7523 -543.5108 -583.6703 -606.773 -570.2309 -490.846 -398.6773 -359.0996 -363.2984 -436.7777 -585.6992 -555.5082 -565.1564 -641.4265 -694.4316 -691.2093 -574.216 -546.9048 -682.3562 -775.6111 -838.1758 -876.4575 -907.3729 -944.5193 -971.4048 -1051.407 -1080.006 -1018.043 -978.9735 -952.6534 -949.4525 -1109.821 -1051.418 -1013.745 -1044.216 -1068.34
-157.5542 -184.1784 -177.0742 -106.6081 -95.80148 -109.8337 -139.9396 -180.3446 -216.2901 -253.0925 -262.1901 -303.7933 -309.1446 -316.5522 -339.4137 -336.3965 -333.383 -320.3651 -326.0312 -363.0153 -391.8978 -348.6343 -372.2615 -414.7775 -439.1145 -470.1507 -483.9967 -541.6081 -569.8081 -572.8881 -532.224 -455.9351 -384.9188 -360.2415 -356.3978 -406.3535 -517.4514 -505.8623 -495.522 -530.9495 -546.4515 -495.2156 -496.6817 -617.925 -785.1156 -797.0173 -833.0284 -846.0347 -865.9194 -902.5804 -948.914 -989.555 -1027.221 -880.8932 -926.5031 -979.7918 -970.5762 -1033.772 -967.8795 -957.894 -1058.593 -1047.081
-151.2076 -169.2015 -109.2706 -111.1797 -109.3164 -105.6115 -168.1906 -220.5704 -235.6776 -245.3503 -254.0372 -319.2891 -313.4879 -311.8727 -306.7419 -310.5263 -316.9479 -323.2579 -323.3753 -358.8142 -372.284 -340.6423 -355.9301 -396.4223 -433.9926 -470.1133 -445.074 -524.4088 -535.1487 -506.0163 -495.8499 -446.1382 -376.5378 -358.9123 -357.057 -389.5988 -430.7982 -418.5014 -405.2259 -393.6201 -372.8777 -421.8679 -539.5695 -706.4468 -777.066 -789.2751 -824.9346 -832.8378 -793.4798 -830.1037 -884.9318 -948.3665 -908.3109 -843.8953 -917.2591 -940.0911 -993.7483 -928.9619 -884.6287 -903.0853 -1090.919 -1110.245
-116.2373 -88.26393 -125.8599 -114.2917 -103.5963 -134.4334 -142.899 -165.122 -185.1208 -214.2347 -250.565 -316.2285 -319.592 -319.052 -304.2802 -302.8595 -298.9472 -272.7367 -276.4706 -312.7983 -347.0407 -324.4706 -332.3547 -364.7968 -436.0014 -454.1688 -410.5089 -482.2582 -483.3069 -485.092 -481.1537 -424.7316 -363.3075 -354.11 -370.9718 -407.8948 -399.2359 -369.1192 -369.2256 -370.4583 -381.005 -441.8458 -540.3886 -646.2089 -747.5284 -764.9332 -795.4936 -805.411 -776.0795 -798.3079 -818.5383 -896.8309 -883.2161 -831.0336 -879.3003 -887.3378 -936.036 -881.2275 -842.5305 -955.5904 -1099.04 -1080.356
-71.19505 -72.59926 -127.5826 -119.9112 -101.2445 -129.3177 -141.7514 -177.3374 -247.5445 -243.7388 -248.5437 -172.4137 -213.3081 -322.2432 -308.5337 -309.4078 -294.4966 -273.4423 -246.4835 -296.1338 -314.3247 -314.9191 -317.5226 -349.764 -428.2482 -412.9873 -402.9042 -468.4624 -475.4139 -479.6576 -466.8238 -399.2387 -358.2991 -350.3398 -370.9185 -425.7912 -393.4564 -395.9398 -400.2224 -441.665 -515.4194 -547.7552 -555.5543 -583.2399 -662.4695 -707.5302 -735.6403 -748.5128 -739.4286 -746.8443 -769.416 -886.045 -821.7014 -668.5767 -706.2821 -799.3199 -827.5397 -874.222 -935.7293 -1009.842 -1039.361 -1049.151
-15.20376 -62.80159 -123.1141 -131.4961 -141.5014 -154.9134 -165.7628 -173.069 -244.6693 -200.358 -155.0902 -150.0125 -193.4955 -320.132 -299.4858 -242.7851 -318.3802 -295.4542 -216.1412 -222.947 -291.0226 -291.2468 -296.0019 -329.1407 -367.9806 -389.7631 -443.7777 -439.5709 -434.9514 -448.1169 -463.7008 -360.1613 -329.73 -336.3707 -359.5453 -384.7099 -376.309 -387.4941 -403.9482 -495.8967 -516.8174 -476.2849 -463.2397 -492.0499 -529.4935 -568.4823 -574.0812 -578.0383 -583.1788 -695.3938 -754.7999 -817.6264 -748.0743 -684.6576 -664.5314 -695.7497 -779.4648 -839.6803 -908.1025 -1032.081 -928.562 -897.1938
