Dropbox/GRP Data/GRP mammal paper/NN_analysis/DATA/2012 input files not used in 2014 analyses/yo_h_bio_5_OLD.asc
ncols         226
nrows         141
xllcorner     -70621.9986746
yllcorner     -77191.4869234
cellsize      821.1860311
NODATA_value  -9999
[rows 87 to 115 of 141, columns 128 to 191 of 226]
2535.813 2357.334 2326.334 2338.671 2625.467 2741.059 2567.379 2531.853 2448.879 2373.863 2349.049 2395.974 2352.456 2262.243 2165.88 2142.178 2109.34 2056.525 1982.11 1897.05 1995.172 2071.705 2157.741 2105.639 2245.776 2321.967 2148.92 2012.004 1945.766 1952.95 1959.651 1962.327 1881.197 1758.616 1780.426 1767.987 1675.451 1521.299 1688.531 1792.042 1673.759 1567.153 1614.04 1824.955 1946.292 1951.694 1915.941 1936.178 1962.849 2048.882 2145.531 2137.373 2004.883 1782.395 1708.067 1879.013 2078.903 2169.543 2234.963 2261.1 2292.079 2437.841 2489.436 2488.841
2413.182 2329.026 2308.845 2315.033 2580.598 2695.192 2561.81 2428.871 2325.36 2302.768 2311.748 2298.94 2248.404 2207.818 2157.016 2156.558 2084.18 1973.596 1903.57 1841.679 1966.185 2059.03 2105.472 2019.731 2131.616 2333.972 2345.198 2172.863 2072.745 2068.133 2077.746 2057.993 2042.333 1961.835 1890.924 1802.637 1657.066 1521.011 1686.642 1876.732 1826.459 1600.58 1571.042 1750.409 1878.086 1924.997 1953.642 1995.366 1979 1982.743 2107.967 2233.04 2161.393 1966.636 1809.5 1895.967 2034.064 2173.063 2296.43 2352.135 2406.63 2450.892 2471.414 2433.194
2349.338 2317.5 2300.973 2269.69 2467.498 2673.172 2577.195 2453.227 2361.939 2257.427 2268.068 2283.872 2268.113 2267.191 2216.018 2163.911 2117.976 1993.174 1852.736 1778.059 1877.728 2031.131 2085.917 1996.049 2057.475 2194.889 2272.616 2318.897 2237.709 2029.876 1919.786 1861.985 1904.125 1899.931 1828.364 1692.003 1616.775 1582.009 1682.933 1815.556 1908.142 1727.705 1655.336 1600.764 1646.618 1896.584 1956.761 1928.307 1936.854 2019.113 2066.641 2189.01 2295.622 2166.62 2052.31 1892.132 1964.575 2098.506 2189.105 2343.509 2416.03 2443.532 2458.309 2412.391
2346.041 2315.68 2314.775 2310.958 2446.854 2644.422 2622.243 2542.464 2451.777 2355.933 2322.97 2318.569 2336.537 2318.848 2261.022 2242.676 2185.687 2057.363 1900.732 1752.168 1804.563 1966.666 2051.69 1985.221 2064.175 2128.492 2118.092 2253.256 2209.179 2035.905 1945.776 1889.018 1855.331 1770.439 1685.482 1700.328 1808.213 1707.726 1833.445 1893.375 2008.639 1930.593 1740.808 1506.576 1628.475 1846.234 1940.898 1992.468 2095.893 2157.4 2199.199 2188.066 2335.184 2346.007 2211.138 2148.288 2029.595 2029.098 2163.672 2302.359 2399.765 2431.265 2462.81 2428.703
2359.048 2311.195 2347.778 2368.834 2509.136 2606.358 2623.341 2586.403 2508.41 2433.624 2376.884 2366.224 2397.617 2377.146 2324.125 2292.01 2218.659 2106.222 1958.872 1831.08 1756.395 1950.54 1984.899 1978.593 2066.778 2044.109 2048.289 2170.483 2140.554 2080.433 1983.154 1938.375 1889.504 1791.54 1767.025 1824.317 1906.551 1904.641 1917.931 1979.62 2049.851 1975.579 1729.185 1478.624 1585.904 1886.01 2062.307 2100.258 2080.882 2057.866 2047.841 2077.894 2157.525 2351.397 2391.821 2339.841 2285.819 2154.167 2070.165 2209.068 2335.873 2389.399 2450.063 2452.425
2377.715 2330.116 2394.516 2426.209 2520.29 2490.734 2518.299 2535.781 2509.438 2472.335 2438.209 2417.064 2426.822 2407.66 2363.788 2303.805 2223.244 2127.397 1979.254 1814.388 1726.492 1909.828 1921.769 1987.623 2033.881 1995.625 2046.9 2138.289 2113.862 2086.608 2000.333 1949.74 1921.463 1846.03 1833.457 1912.904 1953.518 1997.643 2084.122 2127.235 2132.491 1943.488 1714.705 1584.044 1650.377 1898.353 2072.918 2042.105 1908.18 1878.151 1880.233 1971.231 2085.457 2201.594 2324.545 2437.681 2396.261 2303.458 2148.675 2181.852 2308.058 2376.965 2431.377 2460.673
2402.984 2369.157 2410.527 2446.598 2473.739 2383.399 2377.657 2420.339 2455.712 2471.735 2470.718 2449.168 2436.831 2408.837 2367.421 2295.642 2210.214 2131.515 2000.743 1821.651 1726.645 1816.243 1884.821 1984.752 1984.286 1977.459 2058.987 2117.493 2118.166 2088.046 2029.562 1956.051 1893.828 1842.667 1872.351 1974.203 1986.223 2022.982 2131.453 2259.171 2178.469 1952.97 1819.406 1775.798 1793.335 1813.297 1967.894 1949.744 1842.595 1899.742 1936.811 1937.445 2049.679 2152.575 2227.129 2335.943 2435.615 2408.966 2237.521 2217.949 2297.839 2347.843 2384.727 2437.24
2424.795 2397.055 2380.262 2408.427 2448.303 2391.454 2320.149 2324.353 2380.376 2424.986 2421.781 2440.532 2425.318 2389.769 2351.98 2275.921 2188.332 2118.121 1995.558 1881.227 1751.948 1734.941 1861.414 1951.035 1954.23 1981.795 2054.122 2097.864 2127.568 2098.629 2047.316 1955.579 1889.909 1847.05 1899.808 2009.777 2051.546 2035.013 2097 2310.369 2258.418 2066.38 1987.824 1983.628 1942.314 1747.77 1772.224 1879.093 1928.823 2025.958 2095.835 2056.55 2091.556 2176.041 2228.421 2281.558 2486.806 2459.636 2297.996 2269.037 2312.702 2338.631 2357.517 2379.989
2430.365 2412.379 2383.131 2384.343 2410.82 2401.086 2346.802 2318.331 2344.397 2362.466 2339.853 2405.017 2375.394 2338.148 2328.676 2245.689 2169.486 2082.946 1910.157 1833.666 1778.632 1720.646 1821.566 1901.821 1952.727 2002.847 2038.75 2100.846 2128.759 2090.153 2010.228 1964.584 1989.492 1948.614 1937.443 2025.392 2138.368 2100.681 2126.488 2306.784 2383.599 2232.37 2151.95 2138.045 2015.164 1795.917 1709.053 1836.502 2007.463 2115.733 2198.215 2205.765 2210.906 2266.118 2313.478 2306.608 2524.209 2494.378 2330.641 2286.929 2316.25 2324.234 2339.416 2340.873
2426.334 2402.436 2369.344 2346.306 2343.745 2382.549 2378.536 2354.204 2316.762 2297.076 2345.369 2387.988 2366.064 2281.039 2308.337 2221.991 2140.315 2069.872 1923.101 1880.296 1837.673 1713.259 1765.766 1850.379 1946.026 1984.057 2026.083 2104.13 2110.867 2066.627 1955.954 2054.453 2125.01 2097.686 2016.312 2053.43 2177.653 2226.665 2228.874 2320.901 2449.533 2368.668 2288.316 2206.392 2010.852 1931.767 1862.976 1821.124 1960.093 2097.727 2175.795 2217.327 2272.632 2338.222 2397.688 2382.636 2545.863 2526.955 2347.758 2272.186 2283.514 2268.755 2295.508 2310.494
2411.93 2418.31 2395.173 2347.004 2292.92 2363.091 2359.491 2337.172 2304 2304.399 2344.903 2358.831 2340.822 2266.819 2229.282 2222.236 2159.01 2102.899 2056.401 2023.845 1956.448 1897.946 1769.12 1782.47 1898.486 1914.603 1991.501 2080.564 2106.422 2081.649 2002.271 2134.135 2189.999 2176.024 2076.089 2072.205 2157.326 2230.4 2294.261 2337.955 2461.289 2481.191 2363.978 2197.765 2033.281 2062.415 1959.406 1834.141 1889.682 2011.17 2078.225 2108.979 2187.273 2287.626 2415.633 2498.12 2580.249 2533.357 2351.907 2244.677 2196.926 2148.302 2195.136 2250.83
2413.89 2428.259 2414.406 2386.448 2326.028 2278.122 2274.892 2300.082 2281.527 2284.652 2313.702 2318.704 2321.935 2265.691 2197.563 2172.868 2176.026 2139.203 2066.341 1979.063 1869.324 1858.979 1735.74 1734.687 1805.36 1840.803 1934.36 2038.741 2110.127 2092.108 2044.561 2160.929 2218.76 2233.834 2208.27 2134.139 2144.485 2219.327 2250.077 2359.048 2472.672 2539.897 2386.608 2146.016 2014.026 2121.696 2035.019 1887.717 1966.976 2085.524 2110.287 2104.396 2189.97 2265.675 2382.108 2535.313 2579.087 2513.739 2345.77 2217.491 2085.262 1999.927 2059.625 2189.685
2412.063 2406.388 2398.23 2402.466 2325.018 2237.003 2206.895 2201.946 2213.19 2256.944 2296.162 2291.789 2284.645 2259.098 2185.373 2145.227 2147.652 2131.369 2072.009 2008.467 1934.066 1913.968 1824.436 1804.393 1914.465 1927.818 1961.737 2033.199 2122.827 2109.235 2089.664 2220.184 2247.646 2280.642 2278.86 2248.813 2244.15 2310.628 2365.903 2384.76 2506.658 2583.65 2444.173 2291.697 2262.35 2275.032 1998.781 1943.099 2069.222 2170.08 2232.142 2235.132 2236.7 2277.86 2387.723 2487.548 2567.268 2550.941 2405.579 2280.708 2192.738 2033.983 2033.251 2243.756
2390.358 2363.138 2343.227 2337.671 2271.6 2182.539 2139.582 2119.067 2154.842 2225.941 2261.834 2244.363 2224.332 2238.51 2150.05 2088.158 2080.225 2073.821 2024.208 2000.287 1965.379 1934.695 1918.922 1915.75 1975.222 1984.949 2069.845 2138.421 2186.919 2187.412 2144.046 2230.92 2268.239 2309.905 2356.599 2321.681 2294.225 2322.949 2407.126 2488.314 2621.53 2624.707 2525.736 2433.293 2370.469 2268.842 2062.505 1969.988 2088.915 2172.746 2262.541 2340.616 2354.037 2369.141 2465.847 2508.06 2591.619 2545.05 2425.75 2341.838 2282.531 2224.45 2259.286 -9999
2365.738 2323.41 2296.941 2278.32 2262.706 2201.38 2127.522 2093.865 2124.516 2176.535 2197.398 2189.561 2164.464 2171.028 2107.627 2039.966 2008.105 2026.617 1998.834 2017.136 1991.283 1981.912 1979.113 2006.86 2002.326 2047.375 2160.068 2211.702 2223.589 2230.621 2235.764 2239.879 2284.793 2333.728 2396.954 2392.814 2363.87 2371.639 2425.852 2567.333 2669.154 2614.919 2529.151 2420.839 2324.089 2183.034 2054.305 1970.491 2054.991 2208.611 2277.354 2371.8 2415.476 2479.189 2545.862 2558.924 2605.434 2539.699 2440.082 2370.654 2318.307 2280.928 -9999 -9999
2365.364 2314.822 2290.529 2281.766 2312.731 2286.204 2193.693 2136.835 2124.374 2111.808 2109.397 2116.507 2090.569 2059.745 2043.576 2008.229 1982.094 2029.63 2032.446 2059.484 2038.684 2057.126 2041.742 2049.682 2028.192 2108.658 2206.047 2230.712 2240.184 2246.491 2284.559 2275.887 2305.713 2358.171 2418.187 2444.399 2439.891 2455.701 2473.725 2615.904 2676.961 2610.247 2527.921 2414.975 2333.994 2237.435 2167.229 2112.667 2030.117 2158.389 2240.483 2300.959 2349.837 2477.212 2559.405 2616.061 2608.575 2544.753 2468.804 2383.951 -9999 -9999 -9999 -9999
2383.222 2350.439 2321.378 2320.109 2354.605 2326.951 2269.984 2205.746 2136.631 2054.238 2035.961 2030.357 2011.033 1997.16 2003.729 2005.596 2005.137 2059.902 2089.796 2090.725 2074.621 2103.364 2100.478 2061.248 2051.277 2141.885 2222.776 2240.981 2251.636 2269.55 2286.126 2323.097 2336.613 2385.295 2441.543 2470.777 2489.385 2518.811 2539.331 2631.616 2671.66 2623.657 2551.818 2449.259 2392.827 2348.765 2309.197 2288.957 2131.26 2208.998 2287.138 2288.243 2301.047 2423.678 2564.223 2643.427 2617.794 2552.64 -9999 -9999 -9999 -9999 -9999 -9999
2375.833 2407.083 2396.865 2392.572 2403.406 2353.768 2279 2204.803 2119.24 2032.415 2039.883 2008.737 2006.522 2081.298 2099.361 2079.18 2029.475 2075.47 2129.695 2117.882 2073.509 2091.387 2094.654 2072.574 2070.289 2165.294 2234.165 2265.752 2272.711 2315.549 2319.516 2350.896 2370.525 2400.323 2459.824 2493.608 2516.782 2547.015 2587.692 2626.536 2663.158 2646.035 2591.417 2506.912 2452.581 2438.809 2406.282 2412.874 2293.991 2344.676 2392.62 2354.3 2325.063 2395.021 2561.047 2658.778 -9999 -9999 -9999 -9999 -9999 -9999 -9999 -9999
2415.774 2442.41 2468.645 2419.85 2345.626 2340.696 2293.225 2193.659 2148.311 2126.378 2119.719 2053.194 2042.572 2132.505 2140.54 2110.399 2094.703 2124.666 2167.155 2131.174 2080.052 2043.709 2058.95 2073.282 2105.634 2219.531 2272.548 2300.399 2353.375 2395.135 2397.977 2373.972 2403.178 2395.613 2468.721 2527 2551.548 2572.809 2601.379 2628.836 2657.939 2672.448 2631.928 2584.693 2528.114 2533.128 2503.142 2507.77 2411.732 2414.347 2459.29 2423.877 2376.431 2409.385 -9999 -9999 -9999 -9999 -9999 -9999 -9999 -9999 -9999 -9999
2510.473 2509.677 2482.9 2428.67 2362.353 2313.425 2264.76 2237.794 2214.336 2202.606 2182.015 2106.584 2071.564 2124.303 2197.256 2181.586 2149.024 2182.511 2210.365 2155.823 2082.396 2043.403 2008.22 2074.758 2118.763 2237.568 2295.36 2311.903 2339.219 2408.586 2476.697 2506.211 2489.101 2481.942 2530.775 2547.788 2578.588 2567.516 2569.601 2617.426 2637.598 2673.824 2656.878 2629.117 2597.992 2595.609 2587.058 2566.457 2523.036 2447.448 2519.06 -9999 -9999 -9999 -9999 -9999 -9999 -9999 -9999 -9999 -9999 -9999 -9999 -9999
2581.503 2517.638 2477.215 2436.701 2365.999 2332.354 2282.653 2268.536 2262.753 2268.053 2247.344 2154.768 2163.767 2162.673 2224.448 2256.425 2233.815 2243.893 2177.651 2109.74 2089.852 2044.598 2020.61 2049.207 2136.477 2254.71 2312.756 2340.494 2367.209 2418.68 2502.154 2540.635 2536.444 2560.013 2590.852 2591.872 2605.84 2621.881 2581.319 2584.376 2647.09 2709.336 2728.376 2675.353 2647.786 2647.961 2622.052 2607.608 2498.412 -9999 -9999 -9999 -9999 -9999 -9999 -9999 -9999 -9999 -9999 -9999 -9999 -9999 -9999 -9999
2579.196 2516.943 2487.186 2467.388 2428.988 2380.021 2360.277 2362.488 2328.322 2312.639 2251.2 2191.133 2268.965 2301.831 2328.235 2296.222 2291.585 2266.537 2172.693 2143.485 2112.495 2053.062 2074.602 2116.487 2228.837 2307.436 2326.368 2361.566 2405.014 2457.816 2504.767 2539.557 2561.958 2579.606 2599.346 2608.708 2614.577 2624.498 2627.032 2628.799 2644.124 2675.958 2713.594 2722.68 2653.008 2646.292 -9999 -9999 -9999 -9999 -9999 -9999 -9999 -9999 -9999 -9999 -9999 -9999 -9999 -9999 -9999 -9999 -9999 -9999
2641.146 2597.404 2565.72 2571.892 2541.951 2491.76 2497.296 2503.445 2454.975 2419.013 2332.022 2300.636 2373.578 2400.542 2394.562 2327.469 2348.37 2300.091 2215.306 2178.145 2131.728 2068.764 2130.357 2156.461 2227.521 2310.086 2352.558 2374.469 2418.048 2468.889 2491.448 2531.274 2562.873 2583.32 2592.144 2611.125 2626.602 2637.404 2635.877 2636.469 2639.213 2657.604 2709.591 2718.77 -9999 -9999 -9999 -9999 -9999 -9999 -9999 -9999 -9999 -9999 -9999 -9999 -9999 -9999 -9999 -9999 -9999 -9999 -9999 -9999
2773.637 2722.15 2689.178 2695.329 2667.794 2648.04 2650.306 2637.684 2589.956 2545.072 2462.176 2449.75 2479.954 2474.959 2444.999 2393.17 2394.717 2331.834 2255.489 2200.122 2152.87 2110.623 2163.525 2177.845 2159.553 2248.381 2354.295 2379.503 2430.07 2470.667 2490.04 2532.217 2553.201 2577.255 2591.182 2603.72 2619.056 2635.347 2635.005 2635.201 2635.958 -9999 -9999 -9999 -9999 -9999 -9999 -9999 -9999 -9999 -9999 -9999 -9999 -9999 -9999 -9999 -9999 -9999 -9999 -9999 -9999 -9999 -9999 -9999
2899.429 2843.306 2821.542 2801.461 2786.377 2778.911 2750.954 2720.566 2683.219 2630.566 2549.574 2514.353 2481.641 2490.164 2465.483 2414.322 2382.837 2327.895 2269.101 2217.313 2174.865 2172.757 2212.393 2218.979 2138.669 2169.769 2304.967 2367.781 2420.854 2475.774 2494.279 2527.024 2547.426 2570.746 2588.002 2593.603 2608.488 2622.393 2633.243 -9999 -9999 -9999 -9999 -9999 -9999 -9999 -9999 -9999 -9999 -9999 -9999 -9999 -9999 -9999 -9999 -9999 -9999 -9999 -9999 -9999 -9999 -9999 -9999 -9999
2954.957 2935.657 2916.783 2883.087 2853.772 2800.954 2732.696 2706.386 2701.434 2633.756 2533.586 2442.318 2352.789 2413.985 2423.254 2350.348 2306.963 2277.285 2273.244 2248.89 2198.892 2231.094 2291.722 2267.049 2209.142 2167.304 2261.856 2354.585 2411.656 2477.434 2493.91 2515.336 2543.383 2565.019 2579.964 2589.417 -9999 -9999 -9999 -9999 -9999 -9999 -9999 -9999 -9999 -9999 -9999 -9999 -9999 -9999 -9999 -9999 -9999 -9999 -9999 -9999 -9999 -9999 -9999 -9999 -9999 -9999 -9999 -9999
2837.539 2828.968 2819.761 2787.393 2732.925 2655.157 2563.994 2539.772 2573.104 2495.633 2384.916 2347.718 2341.307 2393.413 2388.582 2356.377 2251.592 2213.158 2280.987 2312.6 2245.17 2277.053 2341.308 2296.626 2313.798 2285.973 2311.336 2371.618 2443.678 2471.499 2491.986 2513.43 2537.605 2558.946 -9999 -9999 -9999 -9999 -9999 -9999 -9999 -9999 -9999 -9999 -9999 -9999 -9999 -9999 -9999 -9999 -9999 -9999 -9999 -9999 -9999 -9999 -9999 -9999 -9999 -9999 -9999 -9999 -9999 -9999
2756.667 2704.774 2656.279 2605.424 2507.513 2436.891 2373.15 2379.306 2503.669 2470.073 2266.686 2229.513 2326.525 2351.059 2314.905 2334.154 2264.812 2208.92 2280.515 2342.657 2325.257 2333.341 2344.922 2389.813 2419.257 2399.52 2391.157 2412.136 2442.607 2469.445 2491.697 -9999 -9999 -9999 -9999 -9999 -9999 -9999 -9999 -9999 -9999 -9999 -9999 -9999 -9999 -9999 -9999 -9999 -9999 -9999 -9999 -9999 -9999 -9999 -9999 -9999 -9999 -9999 -9999 -9999 -9999 -9999 -9999 -9999
2789.994 2752.982 2715.525 2571.607 2448.719 2404.275 2318.116 2319.231 2408.485 2442.619 2345.98 2244.383 2278.508 2289.852 2297.177 2316.497 2272.069 2271.13 2308.901 2359.669 2397.468 2403.083 2404.904 2407.181 2401.206 2408.055 2425.435 2437.216 2448.755 -9999 -9999 -9999 -9999 -9999 -9999 -9999 -9999 -9999 -9999 -9999 -9999 -9999 -9999 -9999 -9999 -9999 -9999 -9999 -9999 -9999 -9999 -9999 -9999 -9999 -9999 -9999 -9999 -9999 -9999 -9999 -9999 -9999 -9999 -9999
