Dropbox/GRP Data/GRP mammal paper/NN_analysis/DATA/2012 input files not used in 2014 analyses/yo_h_bio_12_OLD.asc
ncols         225
nrows         140
xllcorner     -70621.9986746
yllcorner     -76881.261089429
cellsize      824.83574679378
NODATA_value  -9999
[rows 58 to 86 of 140, columns 0 to 63 of 225]
-9999 -9999 -9999 -9999 -9999 -9999 -9999 -9999 -9999 -9999 -9999 -9999 -9999 -9999 -9999 -9999 -9999 -9999 -9999 -9999 -9999 -9999 -9999 -9999 -9999 -9999 -9999 -9999 -9999 -9999 -9999 -9999 -9999 -9999 -9999 -9999 -9999 -9999 -9999 -9999 -9999 66512.83 67281.57 67586.13 68296.17 69133.85 70155.8 71327.47 72470.74 73823.62 74813.45 75672.24 76815.39 78484.74 80174.16 81091.52 80983.96 80100.41 79525.88 78921.34 78809.88 79549.83 81754.81 85671.68
-9999 -9999 -9999 -9999 -9999 -9999 -9999 -9999 -9999 -9999 -9999 -9999 -9999 -9999 -9999 -9999 -9999 -9999 -9999 -9999 -9999 -9999 -9999 -9999 -9999 -9999 -9999 -9999 -9999 -9999 -9999 -9999 -9999 -9999 -9999 -9999 -9999 -9999 -9999 -9999 64719.47 65401.56 66032.78 66543.77 67521.85 68510.91 69600.46 70689.27 71628.54 72556.55 73397.26 74158.75 75093.5 76499.2 77950.27 78661.19 78522.62 77249.4 76442.96 76107.22 76729.3 78244.88 80976.11 84670.13
-9999 -9999 -9999 -9999 -9999 -9999 -9999 -9999 -9999 -9999 -9999 -9999 -9999 -9999 -9999 -9999 -9999 -9999 -9999 -9999 -9999 -9999 -9999 -9999 -9999 -9999 -9999 -9999 -9999 -9999 -9999 -9999 -9999 -9999 -9999 -9999 -9999 -9999 62987.93 62776.8 63103.79 63970.4 65032.47 65932.1 67087.66 68317.66 69474.19 70368.59 70829.52 71368.09 71930.98 72533.28 73584.95 74925.13 76071.36 76258.71 75735.98 74669.23 73930.05 73775.87 74691.63 76966.83 80033.75 83255.58
-9999 -9999 -9999 -9999 -9999 -9999 -9999 -9999 -9999 -9999 -9999 -9999 -9999 -9999 -9999 -9999 -9999 -9999 -9999 -9999 -9999 -9999 -9999 -9999 -9999 -9999 -9999 -9999 -9999 -9999 -9999 -9999 -9999 -9999 -9999 -9999 -9999 62725.13 61797.39 61134.43 61508.82 62471.51 64034.72 65587.52 67201.15 68457.79 69386.09 69979.29 70175.95 70268.71 70314.54 70954.6 72043.99 73341.23 74328.83 74345.07 73325.7 72339.6 71527.38 71391 72208.54 74023.16 76902.16 80194.3
-9999 -9999 -9999 -9999 -9999 -9999 -9999 -9999 -9999 -9999 -9999 -9999 -9999 -9999 -9999 -9999 -9999 -9999 -9999 -9999 -9999 -9999 -9999 -9999 -9999 -9999 -9999 -9999 -9999 -9999 -9999 -9999 -9999 -9999 -9999 63395.04 62945.17 62121.19 61006.25 60267.68 60203.34 61174.06 63082.43 65497.46 67688.48 69149.46 69828.34 69871.68 69574.23 69082.17 68713.26 69228.7 70481.18 71786.27 72526.71 72233.52 71056.38 70056.33 69133.19 68995.5 69460.46 70554.43 72667.24 75630.04
-9999 -9999 -9999 -9999 -9999 -9999 -9999 -9999 -9999 -9999 -9999 -9999 -9999 -9999 -9999 -9999 -9999 -9999 -9999 -9999 -9999 -9999 -9999 -9999 -9999 -9999 -9999 -9999 -9999 -9999 -9999 -9999 -9999 -9999 62713.53 62806.63 62474.63 61621.12 60610.03 59567.99 59225.75 59940.46 62226.88 65091.46 67645.7 69347.3 70131.56 70109.7 69078.53 68017.45 67301.11 67517.34 68551.63 69743.25 70326.55 70139.59 69362.02 68948.39 69288.32 69576.16 69444.25 69767.28 71112.88 73522.45
-9999 -9999 -9999 -9999 -9999 -9999 -9999 -9999 -9999 -9999 -9999 -9999 -9999 -9999 -9999 -9999 -9999 -9999 -9999 -9999 -9999 -9999 -9999 -9999 -9999 -9999 -9999 -9999 -9999 -9999 -9999 -9999 -9999 61518.3 62107.95 62253.35 61827.77 61195 60444.2 59537.42 58748.6 59002.27 60913.07 63827.49 66719.72 68583.49 69631.79 69751.65 68480.21 66779.43 65568.85 65650.52 66394.33 67452.88 68068.86 68492.2 69179.8 70380.34 71747.17 72314.9 72008.74 71994.63 73043.41 75199.95
-9999 -9999 -9999 -9999 -9999 -9999 -9999 -9999 -9999 -9999 -9999 -9999 -9999 -9999 -9999 -9999 -9999 -9999 -9999 -9999 -9999 -9999 -9999 -9999 -9999 -9999 -9999 -9999 -9999 -9999 -9999 57956.8 59630.37 60901.08 61506.05 61571.61 61218.37 60700.26 60214.89 59633.29 58791.53 58414.82 59384.2 61672.18 64459.34 66671.42 68046.1 68370.4 67215.13 65374.72 64129.51 64325.43 64999.23 65944.08 66856.05 68176.86 70303.55 72847.05 74877.97 75678.24 75664.39 75757.67 76896.4 78788.13
-9999 -9999 -9999 -9999 -9999 -9999 -9999 -9999 -9999 -9999 -9999 -9999 -9999 -9999 -9999 -9999 -9999 -9999 -9999 -9999 -9999 -9999 -9999 -9999 -9999 -9999 -9999 -9999 -9999 -9999 55356.19 57363.51 59078.75 60320.49 60875.38 60875.94 60608.81 60231.7 59899.82 59574.64 59007.81 58305.78 58130.79 59287.81 61377.01 63711.57 65387.88 66002.99 65187.05 63746.1 63106.66 63782.63 64904.78 66146.56 67523.02 69547.1 72217.13 75115.23 77371.88 78473.32 78860.5 79239.44 80399.36 81966.62
-9999 -9999 -9999 -9999 -9999 -9999 -9999 -9999 -9999 -9999 -9999 -9999 -9999 -9999 -9999 -9999 -9999 -9999 -9999 -9999 -9999 -9999 -9999 -9999 -9999 -9999 -9999 -9999 52888.84 53515.24 55118.8 57210.43 58942.27 60083.87 60421.69 60324.52 59990.16 59760.15 59535.77 59419 59028.6 58413.69 57452.64 57423.96 58349.8 60084.61 61825.91 62769.47 62513.81 61661.42 61893.23 63474.8 65522.86 67685.24 69711.02 72110.17 74715.84 77283.02 79212.46 80476.46 81117.05 81681 82550.66 83754.23
-9999 -9999 -9999 -9999 -9999 -9999 -9999 -9999 -9999 -9999 -9999 -9999 -9999 -9999 -9999 -9999 -9999 -9999 -9999 -9999 -9999 -9999 -9999 -9999 -9999 -9999 -9999 54066.56 53621.07 53941.83 55354.93 57154.44 58842.92 60139.43 60284.09 59873.26 59422.58 59075.21 59005.49 59072.21 58725.94 58204.16 57241.64 56350.31 55989.11 56648.73 57937.39 58960.48 59254.57 59025.57 60037.57 62681.3 65672.94 68934.16 72038.67 74989.51 77711.69 79643.1 81295.12 82426.94 83271.42 83838.09 84341.25 84489.02
-9999 -9999 -9999 -9999 -9999 -9999 -9999 -9999 -9999 -9999 -9999 -9999 -9999 -9999 -9999 -9999 -9999 -9999 -9999 -9999 -9999 -9999 -9999 -9999 -9999 -9999 54733.95 54610.5 54618.99 54866.88 55638.21 57043.3 58584.98 59898.64 59992.82 59377.32 58692.93 58275.45 58121.26 58092.7 58043.96 57843.84 57017.2 56000.54 55156.77 54957.32 55374.04 55881.26 56253.24 56399.25 57938.63 61192.45 65198.16 69648.56 73928.3 77563.9 80462.73 82368.54 83576.14 84666.27 85810.55 86554.25 86228.86 85495.18
-9999 -9999 -9999 -9999 -9999 -9999 -9999 -9999 -9999 -9999 -9999 -9999 -9999 -9999 -9999 -9999 -9999 -9999 -9999 -9999 -9999 -9999 -9999 -9999 54584.89 55201.49 55037.4 54817.49 54862.21 55133.8 55714.25 56827.47 58001.52 59136.29 59329.61 58829.06 57996.1 57267.34 56935.04 56912.95 57032.86 56849.51 56505.69 56303.05 55673.71 55287.19 55286.39 55015.87 54750.98 54806.17 56389.06 60086.34 64428.07 69410.19 74438.98 78948.01 82446.77 84661.8 85820.55 87057.82 88200.13 88732.73 88038.24 87281.94
-9999 -9999 -9999 -9999 -9999 -9999 -9999 -9999 -9999 -9999 -9999 -9999 -9999 -9999 -9999 -9999 -9999 -9999 -9999 -9999 -9999 -9999 -9999 53519.36 54742.27 55294.21 55334.58 54944.29 54797.33 55214.89 55673.28 56337.4 57211.52 58042.5 58352.79 58016.76 57371.43 56714 56381.95 56132.71 56071.4 56002.76 55884.74 56100.7 56390.38 56926.44 57539.08 56885.1 55558.07 54762.52 55938.28 58959.2 63000.56 67999.2 73418.9 78576.54 82710.21 85713.11 87642.54 89131.74 90288.79 90607.24 90260.9 89461.89
-9999 -9999 -9999 -9999 -9999 -9999 -9999 -9999 -9999 -9999 -9999 -9999 -9999 -9999 -9999 -9999 -9999 -9999 -9999 -9999 -9999 49800.1 51509.77 53230.77 54563.64 55033.03 55253.78 54954.26 54737.48 54963.85 55495.17 56041.19 56698.87 57042.51 57401.61 57233.41 56824.68 56336.18 56082.9 55858.66 55469.47 54953.33 54844.36 55514.04 57024.68 59111.85 60614.13 60345.24 58615.48 56968.88 56805.46 58278.02 61148.26 65410.02 70744.96 76290.23 81248.47 85377.89 88230.53 90238.59 91576.52 92232.91 92039.14 91560.11
-9999 -9999 -9999 -9999 -9999 -9999 -9999 -9999 -9999 -9999 -9999 -9999 -9999 -9999 -9999 -9999 -9999 -9999 -9999 -9999 47938.78 49434.6 51081.4 52580.43 53977.28 54573.64 54607.29 54662.61 54667.23 54803.15 55311.66 55668.93 56207.12 56413.57 56544.41 56328.7 56035.26 55700.13 55536.12 55366.67 54762.31 53807.46 53711.37 54871.27 57292.25 60420.06 62472.43 62865.84 61945.32 60446.09 59270.71 59113.87 60170.76 62779.16 67216.43 72817.37 78580.4 83630.95 87350.74 90075.01 91836.75 93019.99 93420.73 93610.77
-9999 -9999 -9999 -9999 -9999 -9999 -9999 -9999 -9999 -9999 -9999 -9999 -9999 -9999 -9999 -9999 -9999 -9999 -9999 46673.22 47759.46 49241.85 50501.8 51776.08 52800.95 53364.14 53418.37 53716.32 54109.24 54445.05 54969.91 55156.59 55608.26 55560.99 55534.69 55413.54 55173.32 54836.97 54533.56 54153.95 53418.02 52367.77 52286.62 53779.98 56558.3 59768.37 61837.11 63086.3 63531.13 63451.67 62817.7 61710.07 60940.11 61533.43 64345.63 69379.7 75234.71 80770.17 84951.57 88175.8 90565.77 92491.28 93861.12 94974.82
-9999 -9999 -9999 -9999 -9999 -9999 -9999 -9999 -9999 -9999 -9999 -9999 -9999 -9999 -9999 -9999 -9999 44344.84 45375.58 46482.63 47471.93 48675.74 49695.89 50614.3 51212.44 51596.37 51779.93 52066.82 52744.04 53440.13 54188.4 54346.39 54586.04 54485.96 54481.14 54562.41 54403.44 53967.93 53336.22 52533.95 51647.08 50776.43 50650.25 52011.11 54446.19 56984.05 58917.14 60981.09 62871.54 64776.86 65937.01 65090.41 63375.92 62359.89 63246.82 66761.95 71788.34 77143.88 81386.09 84734.23 87744.68 90476.8 92862.66 95059.26
-9999 -9999 -9999 -9999 -9999 -9999 -9999 -9999 -9999 -9999 -9999 -9999 -9999 -9999 -9999 -9999 43878.38 44231.4 44960.18 45918.32 46751.12 47591.21 48486.71 49159.17 49473.5 49557.62 49713.39 49918 50635.91 51672.73 52764.74 53114.92 53205.58 53235.82 53441.22 53820.92 53812.85 53270.59 52300.79 51116.48 50134.64 49383.37 49171.26 49934.12 51416.36 53017.73 54875.8 57433.4 60762.88 64284.86 67161.66 67687.59 66435.75 64828.24 64105.85 65394.64 68888.48 73215.08 77284.31 80652.58 83994.05 87267.51 90609.3 93902.36
-9999 -9999 -9999 -9999 -9999 -9999 -9999 -9999 -9999 -9999 -9999 -9999 -9999 -9999 43485.7 43570.93 43884.57 44106.53 44462.2 44991.86 45635.93 46220.88 46893.86 47580.69 47643.93 47391.11 47351.88 47560.52 48190.01 49365.84 50730.87 51494.07 51707.26 51627.71 52276.28 53161.29 53387.57 52789.89 51580.57 50207.24 49199.64 48368.36 48109.2 48280.68 48711.71 49489.57 50918.35 53657.03 58045.98 62600.51 66396.04 68500.59 68718.2 67841.82 66452.66 65894.75 67118.01 69841.09 73222.18 76734.29 80037.26 83735.6 87770.18 91939.69
-9999 -9999 -9999 -9999 -9999 -9999 -9999 -9999 -9999 -9999 -9999 -9999 -9999 43309.38 43682.02 43727.98 43879.64 43975.45 43958.48 43979.62 44286.97 44768.47 45341.98 45683.44 45605.09 45308.5 45072.51 45224 45869.62 46807.14 48353.34 49557.56 49644.25 50043.64 51170.11 52316.96 52821.62 52496.69 51269.86 49931.42 48323.66 47824.62 47556.6 47502.72 47279.03 47418.53 48237.11 50546.39 55067.53 60345.11 64801.42 67934.19 69906.23 70629.73 69639.11 67898.45 66946.69 67928.16 70408.2 73918.34 77299.81 80837.16 85149.72 89807.21
-9999 -9999 -9999 -9999 -9999 -9999 -9999 -9999 -9999 -9999 -9999 -9999 42607.26 43131.06 43440.92 43575.71 43654.54 43472.38 43373.32 43145.25 43174.87 43282.93 43808.67 43912.78 43457.13 42993.3 42744.04 42796.35 43758.48 44859.87 45795.41 47121.02 47653.48 48734.17 49997.35 51389.03 52186.48 51955.59 50882.63 49328.39 47994.96 47253.99 47100.71 47156.52 47087.38 46652 46954.37 48785.87 52568.78 57858.55 62622.39 66614.27 70184.73 72597.91 72776 70878.57 68523.82 68134.75 70246.45 73603.26 76837.28 79993.69 83675.38 87963.38
-9999 -9999 -9999 -9999 -9999 -9999 -9999 -9999 -9999 -9999 40912.72 41624.52 42102.37 42607.22 42944.87 43056.01 43139.5 43031.19 42764.21 42418.41 42254.24 42169.62 42046.93 42041.52 41658.82 40886.32 40429.42 40704.95 41554.43 42662.71 43424.79 44002.35 45429.38 47090 48741.81 50247.32 51169.13 51362.95 50368.5 48900.71 47295.88 46356.7 46223.91 46422.08 46501.48 46162.46 46241.5 47801.29 50892.49 55454.75 60103.83 64663.84 69363.55 73210.63 74908.86 73456.55 70902.41 69754.23 71029.58 74200.1 77131.52 79712.52 82511.88 85927.29
-9999 -9999 -9999 -9999 -9999 -9999 -9999 -9999 -9999 39536.43 40351.69 41078 41585.14 42032.06 42214.18 42394.89 42319.25 42239.63 42057.64 41715.49 41505.29 41339.11 40975.1 40571.4 39697.32 39350.5 38956.37 39022.47 39770.82 40735.77 41305.38 42075.6 43359.81 45369.14 47164.76 48814.14 49800.09 50076.35 49475.72 48298.13 46758.15 45645.61 45429.1 45586.28 45708.69 45619.29 45731.03 47136.82 49690.09 53191.72 57412.47 62378.09 67609.85 72520.27 75478.16 75212.41 72927.14 71824.98 72354.19 74534.11 76804.28 78633.48 80664.92 83218.22
-9999 -9999 -9999 -9999 -9999 -9999 -9999 -9999 38051.75 38749.17 39519.96 40160.68 40745.67 41221.59 41641.65 41649.91 41497.16 41537.72 41468.29 41223.31 40877.47 40689.23 40028.86 39557.98 38668.52 38025.7 37785.12 37818.25 38355.68 39060.55 39531.92 40472.2 41579.45 43463.76 45111.57 46771.83 47708.27 48254.79 48184.7 47388.55 46205.82 44873.14 44458.18 44499.71 44664.58 44892.12 45320.05 46586.75 48698.29 51554.2 55215.71 60031.56 65442.82 70914.59 74837.87 75990.35 74735.74 73679.27 73601.21 74401.71 75538.02 76460.01 77837.48 79880.64
-9999 -9999 -9999 -9999 -9999 -9999 -9999 37001.64 37341.55 37945.73 38612.13 39369.27 39920.83 40436 40873.18 40946.39 40604.06 40789.3 40830.94 40731.79 40395.83 40027.33 39521.45 38810.5 37972.38 37388.16 36934.47 36982.77 37298.09 37734.62 38147.21 39009.56 39982.7 41463.7 42895.8 44105.89 45123.93 46068.55 46595.85 46356.85 45561.1 44213.61 43532.66 43454.06 43647.83 44089.31 45012.45 46485.26 48326.57 50794.22 53883.66 58172.48 63496.81 68951.66 73361.18 75558.2 75834.52 75042.66 74578.59 74098.88 73781.37 73781.46 74526.13 76147.09
-9999 -9999 -9999 -9999 -9999 -9999 35966.63 36371.71 36751.29 37226.99 37682.46 38459.25 39095.85 39664.11 40042.82 40075.58 39830.89 40010.68 40098.13 40018.36 39777.88 39419.5 39125.84 38233.4 37544.24 37139.59 36557.11 36423.05 36511.57 36720.67 37055.64 37595.84 38445.5 39488.79 40572.24 41434.84 42540.65 43844.46 44967.75 45422.45 44975.87 43773.1 42869.87 42588.68 42708.54 43397.41 44870.39 46769.93 48764.25 50883.36 53493.84 57015.95 62032.63 66924.56 71074.77 73786.5 75303.81 75339.16 74852.32 73569.06 72102.41 71234.65 71428.82 72583.77
-9999 -9999 -9999 -9999 -9999 35029.62 35383.86 35688.19 36142.7 36420.79 36802.19 37404.63 38160.76 38683.21 39069.41 39104.82 39082.3 39117.48 39204.79 39138.18 38975.88 38744.8 38504.9 37775.3 37395.47 36934.25 36507.42 36155.27 35991.66 35971.82 36127.27 36367.22 37011.52 37725.15 38418.32 39322.6 40428.32 41931.3 43512.76 44533.1 44439.8 43335.03 42322.88 41854.21 41884.25 42919.42 44740.9 46881.25 49381.53 51398.77 53508.71 56306.38 60787.12 64755.54 68033.65 70773.55 72625.75 73562.68 73482.68 72160.97 70505.98 69027.46 68888.97 69737.14
-9999 -9999 -9999 -9999 -9999 34532.02 34813.56 35057.54 35423.79 35615.82 36067.2 36492.85 37148.9 37560.35 37985.59 38269 38251.93 38238.3 38251.99 38265.25 38146.55 37904.79 37781.97 37405.72 37250.8 36766.53 36413.2 36089.23 35681.88 35403.07 35312.58 35563.73 35870.54 36377.03 36975.82 37749.51 39019.55 40478.3 42201.97 43371.98 43544.57 42598.93 41614.44 41335.2 41561.36 42586.83 44213 46496.91 49150.88 51493.89 52761.18 55720.5 59286.25 62331.93 64877.73 66817.81 68219.65 69239.04 69815.91 69222.23 68179.7 67124.98 66796.48 67230.41
