Dropbox/GRP Data/GRP mammal paper/NN_analysis/DATA/2012 input files not used in 2014 analyses/yo_h_bio_5_OLD.asc
ncols         226
nrows         141
xllcorner     -70621.9986746
yllcorner     -77191.4869234
cellsize      821.1860311
NODATA_value  -9999
[rows 29 to 57 of 141, columns 64 to 127 of 226]
-9999 -9999 -9999 -9999 -9999 -9999 -9999 -9999 -9999 -9999 -9999 -9999 -9999 -9999 -9999 -9999 -9999 3017.965 2940.338 2827.436 2748.009 2685.677 2692.092 2719.077 2719.69 2758.629 2686.796 2540.068 2456.055 2408.822 2401.192 2469.478 2502.687 2463.495 2395.891 2383.263 2364.578 2337.194 2313.997 2285.378 2268.803 2246.973 2185.654 2128.479 2102.465 2087.892 2085.526 2081.91 2076.801 2121.705 2139.442 2061.906 2020.216 2010.396 2005.224 1983.109 1933.496 1942.561 1892.068 1842.685 1795.604 1763.069 1831.213 1898.155
-9999 -9999 -9999 -9999 -9999 -9999 -9999 -9999 -9999 -9999 -9999 -9999 -9999 -9999 -9999 -9999 3029.947 2985.708 2896.099 2763.585 2700.327 2691.322 2734.855 2756.225 2754.342 2736.006 2658.907 2582.166 2522.712 2495.274 2480.68 2495.549 2468.37 2407.108 2332.218 2329.329 2312.436 2325.777 2324.177 2290.053 2264.768 2204.101 2190.631 2132.853 2105.626 2098.381 2118.06 2119.029 2123.833 2120.448 2101.741 2042.959 2040.657 2063.802 2034.572 1984.333 1944.152 1910.272 1882.135 1854.946 1794.752 1793.04 1881.092 1888.264
-9999 -9999 -9999 -9999 -9999 -9999 -9999 -9999 -9999 -9999 -9999 -9999 -9999 -9999 -9999 3041.281 2984.284 2916.347 2851.071 2752.719 2732.775 2761.511 2785.787 2793.721 2773.186 2665.017 2589.143 2576.011 2568.968 2559.506 2526.505 2467.206 2397.5 2332.955 2296.749 2311.406 2325.032 2358.409 2338.207 2285.603 2235.634 2220.682 2208.364 2177.116 2150.66 2140.437 2172.543 2176.571 2156.494 2076.083 2062.183 2068.108 2090.645 2082.145 1991.352 1930.603 1910.22 1868.698 1831.675 1849.428 1790.281 1829.526 1911.762 1864.308
-9999 -9999 -9999 -9999 -9999 -9999 -9999 -9999 -9999 -9999 -9999 -9999 -9999 3074.836 3043.74 2990.569 2916.181 2826.385 2829.855 2756.035 2780.066 2844.433 2837.727 2816.151 2734.785 2612.201 2530.843 2529.601 2546.665 2532.817 2450.636 2352.76 2345.145 2323.621 2318.69 2331.703 2393.205 2385.495 2314.133 2309.294 2285.875 2279.464 2232.721 2221.609 2206.275 2203.42 2209.834 2196.121 2113.53 2065.227 2090.766 2118.505 2101.443 2034.66 1977.606 1931.362 1873.175 1827.232 1743.142 1796.506 1787.699 1867.47 1936.621 1871.327
-9999 -9999 -9999 -9999 -9999 -9999 -9999 -9999 -9999 -9999 -9999 -9999 3072.75 3048.59 2996.926 2909.911 2843.64 2795.493 2851.644 2753.386 2805.454 2849.578 2857.776 2770.588 2661.164 2568.45 2559.176 2604.009 2563.014 2454.924 2370.678 2344.39 2360.714 2352.815 2349.539 2435.875 2467.385 2393.771 2349.22 2351.451 2334.952 2345.039 2243.824 2227.386 2212.841 2234.909 2237.342 2172.462 2125.722 2108.158 2116.313 2115.513 2048.825 2037.404 2007.31 1950.333 1907.549 1872.725 1740.737 1759.304 1807.047 1905.895 1963.995 1914.237
-9999 -9999 -9999 -9999 -9999 -9999 -9999 -9999 -9999 -9999 -9999 3056.605 3061.878 2998.208 2921.576 2891.279 2816.588 2843.301 2847.719 2826.657 2876.907 2898.986 2862.548 2721.005 2635.709 2643.028 2655.944 2559.832 2391.366 2372.831 2369.846 2360.809 2375.109 2431.858 2545.4 2518.815 2429.44 2432.155 2498.688 2464.348 2439.689 2302.455 2286.197 2215.695 2244.691 2287.093 2215.78 2157.726 2177.171 2154.004 2134.797 2043.451 2076.941 2049.208 1968.811 1858.261 1838.234 1811.088 1753.567 1792.39 1866.621 1960.262 1973.412 1907.004
-9999 -9999 -9999 -9999 -9999 -9999 -9999 -9999 -9999 3027.28 3048.179 3058.676 3036.189 2974.095 2924.781 2880.741 2837.919 2894.929 2864.902 2856.858 2905.789 2906.003 2862.473 2803.28 2744.533 2650.614 2569.429 2524.369 2461.947 2417.073 2370.411 2416.763 2452.963 2540.098 2513.845 2365.64 2418.541 2471.083 2452.306 2333.423 2326.867 2367.58 2385.076 2346.422 2335.162 2334.247 2271.576 2235.971 2179.518 2122.787 2040.146 2065.153 2085.262 1985.804 1951.114 1911.388 1843.359 1854.348 1883.627 1862.418 1926.089 1985.772 1950.088 1927.657
-9999 -9999 -9999 -9999 -9999 -9999 -9999 -9999 3010.04 3043.609 3057.559 3025.792 2982.569 2948.732 2925.225 2896.658 2882.955 2927.336 2875.315 2868.762 2917.891 2902.021 2849.426 2797.168 2706.448 2640.67 2606.379 2484.448 2403.953 2391.664 2422.396 2497.288 2557.241 2547.47 2401.041 2505.729 2568.576 2532.693 2395.62 2267.954 2259.364 2285.942 2301.877 2323.474 2285.113 2224.213 2179.227 2165.715 2146.856 2060.826 2069.112 2143.022 2080.156 1958.699 1912 1869.255 1816.768 1888.123 1931.497 1917.744 1980.015 2019.004 1965.731 1937.31
-9999 -9999 -9999 -9999 -9999 -9999 3028.14 3013.321 3035.796 3061.869 3028.672 2986.235 2958.096 2944.249 2931.75 2932.083 2929.354 2908.845 2843.705 2876.589 2921.328 2884.446 2818.506 2749.679 2675.418 2688.642 2609.282 2478.953 2419.519 2459.539 2515.338 2540.685 2614.456 2481.762 2465.623 2616.875 2617.414 2492.579 2308.739 2248.423 2254.911 2277.753 2295.926 2282.081 2261.86 2213.795 2160.379 2142.549 2148.731 2159.122 2198.649 2169.21 2019.542 1920.811 1868.867 1868.617 1881.776 1926.417 1942.953 1959.143 2024.282 2039.598 1971.602 1951.124
-9999 -9999 -9999 -9999 -9999 3026.372 3038.674 3041.006 3065.604 3037.719 2990.936 2967.572 2940.86 2937.046 2946.469 2937.507 2911.854 2889.324 2851.438 2893.33 2920.373 2868.158 2795.895 2720.441 2710.598 2729.07 2589.128 2486.959 2465.453 2544.272 2576.087 2573.276 2636.992 2501.57 2649.531 2690.009 2605.592 2408.401 2284.145 2290.077 2288.113 2308.362 2293.01 2265.69 2276.53 2252.314 2203.07 2152.914 2155.116 2291.531 2324.026 2195.672 2007.003 1928.123 1867.016 1910.962 1971.698 1987.31 1957.266 2012.7 2060.216 2025.945 1971.329 1952.4
-9999 -9999 -9999 -9999 3020.554 3044.41 3056.435 3069.969 3053.651 3000.868 2968.267 2959.323 2933.973 2940.563 2956.254 2926.604 2891.501 2884.368 2873.7 2916.766 2919.289 2862.585 2801.301 2740.889 2735.154 2691.561 2574.453 2519.896 2512.344 2602.262 2590.366 2624.702 2633.894 2636.905 2791.912 2682.166 2521.014 2374.892 2349.62 2357.112 2355.13 2346.881 2285.401 2292.224 2296.552 2283.043 2244.679 2161.126 2184.243 2381.947 2369.022 2186.057 2014.607 1992.647 1970.466 2021.436 2046.731 2034.043 1998.473 2065.797 2078.224 2023.927 1988.824 1941.89
-9999 -9999 3001.168 3016.427 3076.351 3082.634 3075.544 3064.602 3016.18 2989.919 2958.877 2947.518 2946.126 2962.85 2955.021 2935.58 2916.881 2882.911 2863.494 2933.175 2920.783 2860.006 2820.46 2770.941 2695.697 2627.06 2585.002 2576.983 2574.209 2635.699 2584.111 2678.747 2672.635 2787.295 2795.385 2566.22 2407.016 2419.95 2452.585 2428.606 2429.764 2375.757 2319.895 2343.49 2329.28 2315.517 2258.685 2231.519 2319.028 2447.614 2339.347 2148.141 2057.115 2080.977 2092.862 2095.308 2063.661 2042.882 2059.536 2096.566 2071.134 2042.237 2007.985 1960.608
-9999 3038.941 3073.014 3089.811 3118.131 3118.96 3061.805 3022.349 3012.786 2979.947 2950.333 2947.776 2954.997 2965.052 2953.795 2951.872 2918.724 2892.317 2869.265 2940.262 2920.701 2850.788 2824.356 2751.328 2664.914 2653.765 2640.393 2623.484 2637.438 2619.159 2573.123 2712.521 2822.929 2828.79 2663.859 2455.787 2425.522 2492.219 2520.273 2486.789 2429.999 2357.706 2372.119 2375.411 2391.29 2351.145 2284.34 2420.936 2520.775 2454.883 2282.872 2163.202 2161.451 2129.861 2090.179 2034.378 2035.064 2054.291 2111.334 2100.56 2055.501 2048.649 2012.871 2037.623
3058.386 3112.498 3184.716 3193.969 3141.31 3081.984 3015.068 2984.802 2964.36 2960.969 2944.664 2973.172 2963.822 2940.853 2953.326 2946.92 2930.646 2910.079 2899.19 2971.669 2906.443 2857.649 2834.504 2780.201 2701.771 2698.327 2671.798 2714.637 2706.526 2579.98 2586.532 2790.453 2866.816 2673.222 2453.208 2443.406 2490.364 2529.785 2492.999 2362.431 2295.42 2329.107 2389.72 2399.235 2410.424 2344.422 2423.315 2541.783 2451.816 2253.659 2213.733 2195.51 2117.62 2073.197 2059.324 2058.047 2112.546 2127.406 2131.776 2088.534 2065.065 2054.961 2060.275 2131.127
3078.678 3180.391 3207.68 3084.096 2993.087 3011.585 2997.077 2967.229 2961.117 2952.514 2953.603 2978.635 2960.521 2953.681 2965.874 2961.874 2948.399 2929.244 2952.746 3008.35 2910.657 2893.598 2842.686 2787.259 2755.727 2744.506 2716.206 2733.402 2670.151 2523.672 2556.675 2797.6 2872.978 2608.237 2472.907 2481.736 2502.576 2533.324 2427.755 2311.545 2297.76 2371.447 2391.52 2407.417 2452.155 2622.905 2660.712 2470.89 2261.252 2223.466 2247.375 2184.02 2132.87 2126.372 2153.067 2144.106 2130.021 2136.219 2114.944 2077.174 2075.864 2090.201 2189.61 2184.919
3095.759 3184.898 3209.402 3103.729 2970.695 2961.976 2970.122 2975.115 2956.792 2943.548 2945.286 2967.146 2969.169 2962.692 2980.417 2979.791 2986.855 2995.464 3031.891 3007.719 2906.968 2903.406 2862.299 2807.117 2809.455 2766.775 2705.184 2623.384 2596.75 2535.96 2575.071 2806.8 2923.041 2730.978 2508.598 2537.908 2545.607 2485.758 2401.575 2358.956 2323.738 2406.672 2475.52 2506.534 2659.895 2672.948 2508.808 2309.542 2237.135 2270.4 2192.226 2155.006 2197.473 2219.091 2172.554 2149.667 2158.031 2132.24 2064.514 2062.933 2083.967 2134.21 2213.01 2185.048
3093.146 3129.836 3205.363 3159.967 3033.05 2997.88 3037.834 3003.663 2955.476 2955.144 2936.065 2964.443 3003.395 3001.222 3007.699 3021.173 3028.472 3052.15 3041.542 2966.332 2933.493 2925.073 2860.486 2796.977 2777.718 2734.871 2669.336 2613.188 2607.731 2630.966 2699.405 2847.466 2963.537 2799.841 2536.133 2565.957 2569.639 2495.653 2450.473 2388.846 2348.146 2495.746 2655.421 2720.262 2686.701 2516.973 2361.709 2282.142 2281.617 2257.715 2199.721 2212.008 2313.16 2311.889 2211.79 2180.459 2165.253 2077.134 2057.904 2051.335 2091.81 2199.393 2219.349 2170.036
3057.748 3067.018 3168.426 3185.249 3099.504 3089.659 3116.802 3078.23 3042.002 3021.249 2978.333 2969.079 2996.21 3017.68 3029.91 3047.116 3068.332 3054.87 2982.552 2937.687 2961.015 2928.394 2846.401 2773.564 2745.907 2702.791 2659.018 2658.106 2622.459 2688.01 2827.27 2945.614 2984.002 2828.055 2598.928 2622.446 2655.435 2546.72 2467.728 2419.602 2461.628 2659.383 2774.262 2729.154 2601.711 2427.243 2332.431 2316.32 2318.606 2264.173 2264.838 2355.621 2405.045 2350.569 2228.059 2201.527 2194.309 2081.425 2071.052 2049.575 2107.274 2226.357 2218.642 2190.334
3053.993 3122.095 3165.93 3216.593 3153.64 3162.698 3172.441 3154.155 3137.55 3086.01 3028.2 2995.303 2977.72 3001.094 3032.191 3062.317 3072.255 3019.999 2943.36 2948.582 2963.662 2901.361 2837.94 2774.184 2745.721 2714.085 2672.906 2662.796 2660.718 2746.966 2912.819 3009.02 2997.325 2863.582 2674.76 2708.682 2724.925 2613.785 2512.293 2497.52 2645.441 2809.619 2794.577 2650.237 2530.663 2433.036 2390.643 2368.648 2355.308 2349.852 2369.634 2401.177 2367.602 2288.432 2200.59 2219.518 2209.609 2106.99 2088.678 2047.62 2151.746 2242.977 2223.727 2212.338
3127.694 3212.647 3199.365 3244.967 3198.95 3203.293 3203.552 3193.066 3168.742 3093.624 3052.564 3027.376 2993.552 2997.479 3030.121 3075.855 3055.485 2984.215 2939.754 2976.484 2951.795 2883.561 2853.369 2809.662 2775.96 2742.757 2688.738 2651.212 2721.861 2821.452 2956.077 3021.083 3012.161 2914.11 2742.306 2777.311 2766.82 2690.447 2627.883 2676.603 2821.117 2846.647 2689.941 2574.026 2516.438 2475.416 2449.417 2410.983 2420.336 2461.312 2443.771 2347.219 2261.915 2189.158 2177.643 2262.948 2213.866 2130.468 2099.512 2105.911 2228.677 2240.823 2220.046 2218.551
3234.706 3233.927 3228.914 3241.864 3225.224 3218.498 3209.709 3192.346 3142.101 3057.643 3056.527 3045.431 3038.896 3036.764 3038.66 3079.824 3060.032 2966.632 2936.981 2989.137 2954.571 2906.952 2886.734 2848.508 2827.129 2759.929 2707.629 2697.944 2770.695 2866.656 2970.328 3025.031 3023.555 2958.858 2816.722 2829.868 2842.706 2807.599 2809.436 2892.132 2898.892 2764.698 2548.652 2519.737 2531.708 2505.173 2458.689 2436.365 2502.569 2518.487 2445.139 2301.282 2199.371 2150.019 2221.56 2311.615 2224.513 2171.896 2159.637 2242.108 2282.51 2235.158 2241.235 2236.916
3273.286 3240.525 3240.036 3228.11 3210.083 3181.967 3182.783 3164.44 3104.318 3038.437 3045.089 3058.087 3065.909 3075.88 3050.401 3075.406 3086.836 2970.28 2949.355 2995.176 2986.18 2942.055 2904.302 2857.738 2886.189 2801.72 2757.062 2778.224 2803.178 2876.826 2972.911 3021.021 3019.505 2976.567 2914.602 2933.452 2953.681 2974.17 3007.483 2968.833 2855.212 2682.698 2563.384 2545.583 2552.072 2511.819 2451.58 2475.862 2568.642 2530.958 2420.307 2300.449 2205.529 2202.137 2330.431 2325.923 2248.613 2248.728 2304.592 2373.613 2294.186 2284.886 2326.853 2284.081
3229.547 3152.86 3174.679 3200.6 3155.921 3127.462 3125.37 3114.2 3080.635 3019.039 3011.341 3042.816 3058.624 3077.402 3102.035 3124.702 3114.271 3029.431 2990.584 3035.624 3046.049 2979.213 2909.706 2897.417 2946.909 2864.712 2818.823 2809.038 2828.743 2909.513 2999.64 3038.533 2993.711 2918.155 2974.719 3011.621 3015.096 3018.052 2996.701 2947.439 2857.422 2742.214 2634.878 2596.588 2586.313 2538.705 2511.031 2581.421 2658.01 2591.346 2434.062 2329.919 2273.642 2323.678 2427.95 2383.933 2324.175 2339.417 2378.496 2420.17 2399.265 2394.115 2392.115 2297.468
3234.641 3186.239 3208.206 3214.678 3184.715 3129.681 3075.073 3040.562 3022.973 2982.336 2985.328 3041.851 3045.455 3036.142 3056.516 3116.958 3151.224 3097.525 3102.508 3121.154 3086.416 3004.727 2940.271 2959.076 2960.112 2897.483 2876.547 2820.868 2862.327 2947.658 3017.289 3049.865 2967.463 2898.64 2972.052 2958.384 2956.992 2922.368 2855.823 2822.85 2819.784 2806.877 2726.632 2646.592 2659.61 2655.855 2655.6 2712.673 2718.415 2598.302 2518.706 2443.672 2455.773 2578.428 2644.171 2580.51 2524.058 2480.39 2485.137 2469.509 2415.072 2373.297 2339.1 2273.714
3218.329 3202.893 3215.853 3212.364 3180.792 3129.076 3065.379 3025.603 2982.403 2945.818 2979.049 3000.363 2987.161 2935.526 2964.935 3088.136 3172.272 3171.679 3110.804 3109.297 3072.388 3030.167 3000.743 2983.755 2925.824 2866.365 2851.545 2802.187 2880.5 3012.401 3080.76 3066.533 2977.447 2963.918 3001.886 2951.781 2955.969 2859.613 2850.757 2892.416 2907.223 2890.301 2851.447 2813.724 2814.444 2830.118 2857.369 2793.848 2669.176 2651.995 2683.582 2697.601 2706.018 2651.426 2575.185 2510.082 2464.112 2484.586 2428.705 2360.948 2259.709 2230.054 2192.073 2161.844
3207.73 3211.577 3209.345 3205.012 3176.16 3118.019 3065.88 3055.724 3020.253 3011.533 2997.687 3001.55 2992.626 2963.229 2978.619 3067.526 3181.989 3162.487 3094.902 3072.64 3038.557 3017.796 3027.53 2979.445 2864.98 2778.382 2819.098 2826.935 2925.497 3048.78 3094.766 3038.826 3004.378 3020.961 3037.914 3009.632 2974.633 2906.764 2917.527 2940.4 2938.462 2922.341 2878.006 2853.788 2963.675 3028.821 3058.253 3034.223 2928.085 2884.688 2951.695 2971.831 2892.51 2770.436 2677.958 2599.529 2567.034 2467.526 2324.172 2271.112 2225.9 2195.943 2148.237 2121.898
3205.132 3179.902 3199.848 3196.235 3169.252 3115.109 3087.552 3097.842 3078.108 3089.294 3028.294 3025.05 3022.413 3008.214 3022.545 3081.007 3186.958 3123.389 3088.815 3080.124 3055.978 3041.317 3046.07 2996.663 2867.582 2759.204 2796.449 2836.22 2933.778 3040.739 3074.844 3033.862 3040.058 3030.948 3065.783 2995.936 2958.613 2947.545 2945.472 2938.815 2930.778 2900.027 2875.485 2954.354 3061.149 3113.028 3102.426 3028.462 3046.42 3078.716 3121.517 3072.433 2888.866 2763.517 2668.64 2606.151 2554.522 2442.403 2322.196 2275.733 2233.811 2198.174 2174.932 2239.766
3200.634 3170.251 3190.732 3180.315 3168.277 3131.671 3114.838 3126.727 3125.351 3104.865 3031.367 3039.276 3045.531 3029.064 3046.665 3124.03 3197.881 3111.116 3093.208 3097.801 3084.897 3070.712 3063.72 3016.73 2917.965 2845.698 2880.52 2878.701 2928.885 3017.759 3072.278 3075.274 3075.936 3059.516 3092.029 3014.162 2981.903 2958.988 2917.408 2894.448 2907.212 2883.052 2938.498 3078.885 3109.79 3075.237 2950.073 2772.161 2794.074 3011.473 3157.327 3108.396 2891.736 2758.616 2646.125 2569.142 2526.298 2467.673 2395.869 2325.331 2291.556 2275.503 2320.058 2416.848
3199.507 3188.725 3189.824 3180.879 3189.354 3165.471 3147.592 3147.026 3149.248 3101.144 3020.973 3025.751 3045.789 3044.484 3069.577 3172.202 3188.189 3112.374 3100.323 3100.124 3104.479 3104.087 3104.027 3056.66 2984.967 2981.967 3021.519 2972.294 2943.245 2976.696 3028.782 3093.605 3111.644 3101.35 3075.239 3043.499 3007.54 2965.366 2909.102 2868.733 2918.551 2962.927 3065.679 3139.293 3060.607 2895.327 2696.568 2519.159 2477.916 2713.343 2929.862 3059.511 2964.494 2928.176 2839.779 2735.865 2676.334 2559.572 2483.192 2413.832 2394.859 2419.056 2542.487 2664.823
