Dropbox/GRP Data/GRP mammal paper/NN_analysis/DATA/2012 input files not used in 2014 analyses/yo_h_bio_12_OLD.asc
ncols         225
nrows         140
xllcorner     -70621.9986746
yllcorner     -76881.261089429
cellsize      824.83574679378
NODATA_value  -9999
[rows 87 to 115 of 140, columns 128 to 191 of 225]
100179.8 103488.8 100099.8 94000.55 93325.38 94559.54 98861.41 101957 104570.6 106705.1 107738.8 106931.9 108606.7 109599.8 110164.6 110215.2 110423.1 109631.9 108847.9 105375.8 98407.48 95764.95 91928.89 88751.37 87145.57 86243.71 87069.28 88849.71 92839.13 96034.2 98656.14 101030.7 104078.3 107499.8 109959.8 113912.7 112286.6 111748.1 109955.3 106767.8 105984.3 103222 97221.7 93813.4 92307.67 92384.62 91875.02 91072.67 89810.07 88696.55 88482.5 90060.34 92439.98 93783.65 91851.99 87435.2 83078.05 80249.55 78742.26 77264.87 74263.36 69992.5 64126.63 59036.67
105480.4 108127 103815.2 97561.3 96625.49 96891.19 99634.77 103836.3 107182.6 107581.5 108334.9 107902.6 108940.5 110801.4 111437.3 111495.3 112484.4 111951.6 111991.3 112267 103397.7 95992.63 91388.63 88352.53 85973.16 85959.41 86783.36 86262.61 88425.95 93531.95 98592.3 99663.52 102755.2 106077 107594 112609.9 111686.7 111222.5 109690.8 106360.2 107189.6 107791.9 101826.8 95721.42 93760.5 92870.7 92112.23 91032.15 89386.2 87245.99 85976.67 86786.3 88974.2 91162.19 90694.38 87622.05 83677.5 80441.72 78292.93 75613.49 72385.81 68843.15 64934.39 61192.03
106005.1 108142.7 104857.2 98060.72 97161.52 97040.65 99675.47 104371 106821 107117.8 107635 107258.6 108064.8 109771.7 111258 111582.9 112251.7 112463.3 114397.4 114272.9 106059.7 96588.75 95388.3 90606.23 86838.48 85742.15 86244.52 85600.41 87711.37 95251.88 101218 101743.3 104371.6 106866.3 107099.3 109503.5 109699.5 109653.4 107406.7 103432 105241.3 109210.7 106888.9 100038.3 97003.58 94117.34 91887.15 90551.79 88884.19 86167.46 83719.58 82991.59 84684.13 86926.24 87811.39 86898.51 84486.02 81721.76 78916.09 75947.25 72035.74 68556.06 65866.83 62840.86
104754.9 106568.4 103757.2 97968.18 96460.69 96296.03 97640.43 100197.7 102277.6 103344.1 103973.9 104196.6 105134.4 107203 109751 111460.3 112710.8 112876.5 114440.2 116750 110400.2 101828.1 98947.51 93205.38 88791.99 87602.72 87399.48 86843.68 88951.49 97462.12 104670.2 106508 108359.5 108728.8 107289 106560.4 107748 106817.4 102882.6 100262.4 102763.6 109366.8 111609 107285.3 102152.7 94200.55 91292.25 89455.91 88884.73 86899.38 83917.09 81089.86 80383.04 81582.82 83667.12 85485.33 84784.66 83067.66 80937.31 78058.2 73830.13 69776.68 66889.4 64673.41
101462.3 102343 100572.5 97602.74 95768.44 95585.95 95976.63 96709.71 97833.5 99286.03 100342.5 100985.3 102478.9 104589.7 107901.6 111023.4 112442.2 112981.4 113697 116677.4 114044 106954.2 102973.4 96598.77 91530.03 89119.48 88566.91 88762.1 91369.28 99727.6 106675.7 108699 110142.8 109298.4 106674.9 104417.6 102639.2 100542.2 97699.81 97930.19 101350.1 109310.8 114088.4 111758.8 105531 94864.88 91773.27 90723.3 90627.56 89437.92 86972.37 83178.95 80302.42 79160.56 79944.62 82178.33 83463.48 83717.14 82854.8 81287.46 77836.13 72873.25 69379.41 67629.67
97384.55 97820.85 97821.76 97274.38 95692.37 95534.7 95716.69 95450.83 95436.21 96092.16 97197.44 98202.46 100221.5 102542.6 106215.1 110412.6 112677.5 113447.7 113752.3 116400.7 116419.1 111701.7 107551.8 100161.5 94864.6 92082.74 90925.57 92117.48 94633.11 101949 108610.3 109973.6 110763.8 109195.8 106252.9 102938.5 99984.27 96038.88 94591.07 96138.78 100987.8 108044.1 113077.1 112600.5 108321.3 97185.95 94169.14 93670.71 93340.45 92108.43 89858.13 86022.29 81300.84 78517.07 77195.58 78040.04 81082.52 83758.59 83954.88 83758.73 81926.34 77284.51 73649.44 72086.97
94554.55 95374.38 96612.16 96955 95969.58 95993.13 96263.38 95410.28 94791.16 94612.66 95193.51 96447.62 98822.63 101494.9 105272.1 110214.7 113423 114624.3 114707.3 116632.9 117549.2 115280 111870.5 104082.7 98933.83 96117.27 94726.39 96694.77 98887.61 105355.6 111221.9 111588.9 111840.3 110126 107280.1 103237.3 99534.71 94464.7 93802.05 95019.02 99867.05 106444.6 110477.8 111590.1 109990.2 104008.6 99381.68 96671.04 95007.8 92833.56 90363.41 86858.18 82149.23 77822.2 75302.23 73552.27 77032.89 83415.27 85511.93 86589.27 85228.56 79565.96 76215.48 74430.89
93877.3 94852.69 96017.84 96394.58 96085.55 96375.83 96676.12 95569.24 94978.58 94929.45 94887.22 96096.49 98666.1 101525 105215.7 110625 114318.7 116159.4 116203.4 117417.5 118600.4 118216.7 116266 109196.4 103538 100610.9 99607.01 102151.7 104175 109996.9 114229.8 113652.7 113631.7 112302.1 109207.1 104991.7 100170.3 94822.16 94261.23 94024.95 98020.86 105120.3 108296.8 109901.6 110505.5 109594.5 104231.1 98484.35 94761.25 91614.05 88776.22 85485.59 81144.2 77030.45 72137.91 69481.3 72325.95 80296.75 85246.8 87311.25 87693.46 83014.72 79183.02 76041.03
94431.27 94791.9 95656.7 95798.63 96042.03 96431.62 96809.04 95929.48 95574.63 95609.56 95423.76 96564.73 99146.22 102146.5 105590.9 111068.3 115496.8 117400.9 117857.3 118752 120511.1 121320.3 120564.7 115260 109118.3 106807.5 106321 109631.7 110981.9 114378.6 116924.3 115784.4 115712.2 114671.3 110940 106745.9 101492.7 96220.72 94675.79 93167.43 96405.01 103056.3 106710.2 108921.5 110369 111216.7 106725.9 99392.34 94423.88 90487.7 86952.04 82847.73 78393.73 74182.65 68010.13 65375.09 67993.2 76758.3 83767.48 86605.76 88312.12 87047.54 84048.54 76847.87
95767.16 95430.76 95667.56 95953.48 95964.91 96467 96935.2 96615.31 96334.73 95906.42 96094.94 97412.8 100187.9 102974.1 106284.9 111249.2 115983.4 118013.4 118610.5 118812.1 121266.4 122179.8 121711 119949.2 117151.5 116052.5 116095.6 119838.6 119193.4 117228.5 118908.9 117766.7 117910.8 116592.1 112592 107867.9 103117.3 98457.36 94767.84 93123.13 95653.86 99755.96 104908.9 108902.8 110082.3 110774.9 107404.4 100237.8 95346.59 91018.68 86989.05 81539.29 75880.41 69868.77 63899.13 61175.79 64579.79 74696.72 83536.67 87748.7 89335.78 89739.35 87012.67 76753.44
96715.13 96048.9 95915.32 96282.3 96633.46 96784.55 97508.38 97079.88 97101.89 97090.88 97445.47 99014.2 101275.7 104041.9 107155.6 111367.8 115939.4 118833.3 119590.5 119374 118116.9 122919.4 123626.6 124518.5 123374.8 122008.5 123596.8 123991.1 122979.7 119453 120356.6 119403.6 119616.4 118673.4 115227 109735.3 103995.9 100625.9 95874.6 93535.8 95201.72 97836.1 103237.2 108012.2 109600.5 109753.7 107603.9 101251.1 96457.64 92566.39 88957.24 82943.2 75148.84 67027.2 60441 57813.25 62200.71 73691.41 85998.32 93676.59 96008.88 94642.14 88246.59 76216
97504.03 96769.42 97225.37 97541.38 97648.75 97932.19 98637.23 98331.9 98177.41 98223.32 99098.18 100714.4 102976 105647.9 108535.5 111981.7 115616.4 117836.7 118757.4 118455.8 117635.5 120713.3 123305 124809.9 125677.9 125704.9 126277 127922.1 126179.2 121714.5 122016 120998.2 119997.3 118991.7 116950.2 111755 106288.8 100524.5 97566.97 91735.82 91426.65 97771.14 102815.4 107081.5 108717.4 110419.2 108465.6 102278 97788.48 93690.38 89256.85 82366.68 74336.7 65205.89 58644.41 56141.47 60468.01 73076.91 89465.74 102313.1 108276 105517.8 92982 76369.44
98836.3 98747.77 99111.98 99618.1 99938.97 100283.7 100806 100808.8 100535.7 100662.8 101631.6 103118.6 105539.2 108020.2 110327.5 113653.9 116386 118244.8 119308.2 119194.7 117972.3 117809.3 119986.5 123283.4 125313.9 124940.2 125344.8 128040.8 128460.2 123244.3 122984.2 120068.1 117105.5 115160.3 114347.2 112355.6 109356.7 101398.6 95679.63 86009.73 85887.06 93764.7 102899.5 107339.8 108592.5 109965.7 109159 103521.1 98587.06 94440.87 88359.66 79945.85 71234.19 62672.66 56560.34 55571.35 58986.01 71633.2 89439.77 102841.1 108787.3 106546.8 94783.28 78571.08
101581 101889.6 102134.6 102425.8 102799.9 103345.8 103711.4 103948.8 104229 104456.2 105156 106164.3 107893.1 110257.8 112397 115182.7 117211.1 118514.5 119441.9 119185.5 118256.7 117897.3 118564.8 123282.4 124695.4 124415.4 125507.7 127100.9 126902.5 123982.7 122728.2 118623.4 114331.3 111285.8 110763.6 109976.1 107083.8 99665.08 94431.05 85671.7 84460.37 90417.29 101222.6 106922.3 108253 111053 110114.2 105427.4 100386.3 95345.76 87963.09 76755.44 65730.92 58590.63 54916.57 54091.6 56743.84 68263.86 87386.69 103906.4 109867.8 107996.3 -9999 -9999
105071 104980.6 104872.4 104961.1 105306.5 106054.9 106804.5 107513.4 108387.8 108798.1 109164.6 109658.9 110893.6 112642.7 114617.5 116539.9 117935.5 118585.8 118709.1 117976.3 117270.2 117774 118522.3 122647.3 123496.3 123167.6 123835.1 123568.3 122808.4 122389 120765.4 116133.4 112151.2 108359.4 106950.8 105894.6 102636.5 97975.45 90638.54 83018.06 82993.57 89715.27 100724.5 107492 108919.4 110000.8 110969.8 108697.3 103019 97046 89646.13 76464.88 64186.97 57578.84 54931.36 54233.4 56131.25 65825.52 82550.78 100694.7 109083.4 -9999 -9999 -9999
107902.2 107304.7 106681 106798.8 107267.1 108218.8 109726.7 111355.8 112915.6 113462.6 113572.2 113658.7 114613.3 115554.7 116842.1 117594.3 118087.6 118235.4 117800.8 116775.4 115924.7 117335.5 118845 122513.8 122901.6 121702.8 120368.9 118593 117827.1 118481.8 117026.6 113998 110708.4 106537.4 103659.1 101668.7 99318.41 95124.27 84804.56 80238.23 82201.91 89064.67 99216.2 107475.9 110527.2 111075.7 110627.5 109301 104634.7 99352.2 91703.26 77768.61 64756.12 58183.05 55816.02 54999.62 56374.77 64598.5 79926.8 -9999 -9999 -9999 -9999 -9999
109140.8 108936.5 108301.5 108379.2 109139.8 110502.1 112604.2 115174.3 117729 118612.6 118654.7 118088.9 117731.2 118314.9 118582 118027.2 117550.4 117448.2 117207.2 116478.6 115755.1 117740.8 119334.1 122918.9 122357.4 119910.8 116631.3 113484.4 111563.6 112223.8 112687.9 112287.1 109658.3 105427.3 101471.5 99210.83 97403.82 91145.69 81748.64 79122.73 81554.75 88270.84 96684.2 103821.9 109099 111204.8 109782.8 108278.2 105182.1 99598.56 91472.76 78926.11 66612.61 59741.52 57167.3 56120 56874.17 -9999 -9999 -9999 -9999 -9999 -9999 -9999
108731.1 109372.4 109356.9 109851.6 111273.5 113122.2 115790.6 118644.8 121380.6 123448.9 123745.6 122116.5 119246.2 119462 118986.4 117838.5 117064.9 116769.5 116583.4 116642.4 116802.6 118390.2 120101.3 121473.8 119394.6 116221.6 113190.4 108677.8 104980.1 105253.9 108201.2 109657.2 108130 104275.9 100344.8 98599.26 96119.84 88828.17 83419.23 79608.21 80845.33 86630.13 93642.64 98131.9 103089.5 105631.3 105038.5 103847.6 101370.1 96229.63 89709.41 80108.63 68801.09 61559.59 58636.03 -9999 -9999 -9999 -9999 -9999 -9999 -9999 -9999 -9999
106451.5 107486.1 109730 112104.7 113780.9 115815.6 118574.2 121500.9 123961.2 126010 125688 124254 120142.2 119026.7 117760.7 117147.4 116490.4 115745.2 115611.4 116702.7 117715.7 119291.1 120680.6 119436.1 114705.8 110848.9 109864.9 105403.3 103049.7 102318.6 102551.3 105672.8 105196.1 102369 99745.23 97883.91 95607.55 90392.59 86132.49 81333.62 81422.85 83653.8 89637.62 93848.5 95670.77 95979.77 96030.73 95792.8 93461.5 91051.6 87889.52 81148.79 70551.2 -9999 -9999 -9999 -9999 -9999 -9999 -9999 -9999 -9999 -9999 -9999
108403.8 108706 111393.2 113298.6 115319.1 117947.6 120127.5 122241.5 123745.8 125109 125221.3 123530.5 120062.6 117705.2 115960.1 115344.3 115067.8 114878.1 115543.9 117078.2 118858.7 120216.4 121082.4 118272.1 112624.3 108385.8 105756.1 104363.2 102236.3 101670 101178.9 100845.4 100654.3 99890.76 99562.46 97444.68 95524.55 92244.52 88049.14 83788.28 83249.79 83400.58 85701.03 89216.36 90723.58 90415.1 91576.99 90612.27 89210.16 87297.27 -9999 -9999 -9999 -9999 -9999 -9999 -9999 -9999 -9999 -9999 -9999 -9999 -9999 -9999
108838.5 110410.4 112218.6 113170.1 114993.6 116858.9 118957.3 120955.2 122189.6 123894.9 123657.9 121950.9 118788.1 116424.9 114538.1 113697 113629.4 114404.2 115376 117295.5 119033.3 121137.3 121350.5 118042.2 113105.2 108615.5 105420 104058.8 102301.8 101316.8 100700.5 100265.8 99901.86 99088.29 97993.27 95621.05 94386.95 94032.84 89936.59 85953.02 83593.9 83996.21 85894.49 87832.8 89064.84 89070.77 86964.92 85546.41 -9999 -9999 -9999 -9999 -9999 -9999 -9999 -9999 -9999 -9999 -9999 -9999 -9999 -9999 -9999 -9999
108518.7 110349.3 111023.4 111448.5 112862.4 113928 115538.7 117802.7 119580.7 121616.1 121353.1 119416.5 116593.3 115079.9 113311.3 112689.8 112677.5 113861.1 115153.9 118090.3 120304.6 121703.5 120392.5 117898.3 113377.1 108535.7 105577.5 103796.8 102200.8 100891.1 98786.32 97883.87 96956.71 96136.09 95153.2 93846.14 93080.21 93103.04 91551.48 88219.97 85574.38 85789.55 87582.47 88377.95 87730.24 -9999 -9999 -9999 -9999 -9999 -9999 -9999 -9999 -9999 -9999 -9999 -9999 -9999 -9999 -9999 -9999 -9999 -9999 -9999
106781.8 107039.1 107908.6 108322.3 108881 109284.6 109256 110433.8 111934.5 116094.4 117924.2 116325.5 114064.3 112547.7 111940.3 111649.4 112034.4 113703.4 115195.3 118518.1 121760.2 122076.1 120326.9 118283.4 113577.3 108206.6 105177.6 103472.8 101892.8 100959 98263.34 96344.23 95030.53 94270.05 93517.05 92920.01 92142.11 92149.09 91936.66 89852.41 88231.6 87928.87 88650.8 -9999 -9999 -9999 -9999 -9999 -9999 -9999 -9999 -9999 -9999 -9999 -9999 -9999 -9999 -9999 -9999 -9999 -9999 -9999 -9999 -9999
105864.4 104740 104949.3 105131.7 104903.4 105399.6 105137.2 105307.5 106827.7 110110.6 111663.5 111261.4 109578.4 108641.9 110498.3 111335 112008.1 113747.4 115101 118543.8 121246.1 121671.1 119747.6 117346.5 113267.1 108407.9 105419 103622.8 102254.3 101423 98114.27 95992.74 94427.24 93341.74 92858.14 92727.02 92025.13 91830.52 91812.27 91183.41 -9999 -9999 -9999 -9999 -9999 -9999 -9999 -9999 -9999 -9999 -9999 -9999 -9999 -9999 -9999 -9999 -9999 -9999 -9999 -9999 -9999 -9999 -9999 -9999
106604.4 105465.9 103995.5 103644.6 103305.1 104108.2 104796.2 105020 107159.6 107702.6 107435.7 108967.4 108040.1 108027.7 111079.7 112289.9 112730.7 113849.3 114876.9 117019.9 119302 120051 117423.7 114789.2 112014.6 108694.2 105959.6 104251.5 102738.8 101759.7 98137.23 96473.06 94799.8 93380.33 93062.96 93061.38 92471.3 91963.57 -9999 -9999 -9999 -9999 -9999 -9999 -9999 -9999 -9999 -9999 -9999 -9999 -9999 -9999 -9999 -9999 -9999 -9999 -9999 -9999 -9999 -9999 -9999 -9999 -9999 -9999
106744.7 106037.3 104912.3 104647.9 104757 104884.9 105149.9 106217.1 108458.9 110336 111507.4 114015.6 113394.9 112793.3 114031.5 114326.6 114153 113985.5 114221.3 113817.3 116971.7 117489.9 114805.4 112378.3 110397.3 108494.6 106122.5 104722 102983.9 101123.9 98234.99 96824.73 95296.42 93865.16 93694.88 -9999 -9999 -9999 -9999 -9999 -9999 -9999 -9999 -9999 -9999 -9999 -9999 -9999 -9999 -9999 -9999 -9999 -9999 -9999 -9999 -9999 -9999 -9999 -9999 -9999 -9999 -9999 -9999 -9999
107834.4 107339.2 107701.5 108843.4 111343.5 115927.2 116715.4 116402.5 117699.4 119654.2 120674.5 119965 118279.9 117242.2 118185.3 118768.8 115588 111453.2 109332.5 108848.1 109477.6 111952.5 112364.8 109020.4 108353.2 107112.7 105039.2 103721.3 101315.4 98948.83 -9999 -9999 -9999 -9999 -9999 -9999 -9999 -9999 -9999 -9999 -9999 -9999 -9999 -9999 -9999 -9999 -9999 -9999 -9999 -9999 -9999 -9999 -9999 -9999 -9999 -9999 -9999 -9999 -9999 -9999 -9999 -9999 -9999 -9999
108836.3 108931.1 109600.7 109663.8 112005.9 121256.6 122263.1 121135.4 121030.6 121262 121779.5 121791.3 120049.9 119474.1 120493.2 120132.6 115923.4 110749.4 108412.3 107323.7 106759.4 106756.3 110206.1 108015.9 105383.5 103772.5 102841.4 102640.3 -9999 -9999 -9999 -9999 -9999 -9999 -9999 -9999 -9999 -9999 -9999 -9999 -9999 -9999 -9999 -9999 -9999 -9999 -9999 -9999 -9999 -9999 -9999 -9999 -9999 -9999 -9999 -9999 -9999 -9999 -9999 -9999 -9999 -9999 -9999 -9999
110034.1 109780.4 110446.1 110492.2 112374.9 121688.5 123696.6 123524 123057.2 122828.5 123759.1 123815.4 121857.5 120747.7 121013 119324.9 115204.2 110749.2 108844.1 107515.8 106291.2 106147.4 107506.5 106513.5 102964.5 -9999 -9999 -9999 -9999 -9999 -9999 -9999 -9999 -9999 -9999 -9999 -9999 -9999 -9999 -9999 -9999 -9999 -9999 -9999 -9999 -9999 -9999 -9999 -9999 -9999 -9999 -9999 -9999 -9999 -9999 -9999 -9999 -9999 -9999 -9999 -9999 -9999 -9999 -9999
